Year,Month,Day,Hour,GHI,Temperature
2011,1,1,0,0,17.9
2011,1,1,1,0,17.7
2011,1,1,2,0,17.5
2011,1,1,3,0,17.4
2011,1,1,4,0,17.5
2011,1,1,5,91,18.5
2011,1,1,6,299,19.8
2011,1,1,7,524,21.2
2011,1,1,8,735,22.4
2011,1,1,9,910,23
2011,1,1,10,1026,29.6
2011,1,1,11,1090,30
2011,1,1,12,1088,29.8
2011,1,1,13,1022,29.2
2011,1,1,14,894,28.4
2011,1,1,15,717,27.5
2011,1,1,16,507,26.4
2011,1,1,17,283,25.1
2011,1,1,18,80,23.7
2011,1,1,19,0,22.7
2011,1,1,20,0,22.1
2011,1,1,21,0,21.8
2011,1,1,22,0,21.5
2011,1,1,23,0,21.3
2011,1,2,0,0,21.1
2011,1,2,1,0,20.8
2011,1,2,2,0,20.6
2011,1,2,3,0,20.6
2011,1,2,4,0,20.9
2011,1,2,5,82,21.7
2011,1,2,6,282,22.7
2011,1,2,7,500,23.7
2011,1,2,8,703,24.6
2011,1,2,9,873,25
2011,1,2,10,986,25.8
2011,1,2,11,1044,26
2011,1,2,12,1038,25.9
2011,1,2,13,957,25.4
2011,1,2,14,650,24.7
2011,1,2,15,367,23.9
2011,1,2,16,115,23
2011,1,2,17,48,22.3
2011,1,2,18,15,21.8
2011,1,2,19,0,21.5
2011,1,2,20,0,21.2
2011,1,2,21,0,20.9
2011,1,2,22,0,20.5
2011,1,2,23,0,20.1
2011,1,3,0,0,19.8
2011,1,3,1,0,19.5
2011,1,3,2,0,19.4
2011,1,3,3,0,19.2
2011,1,3,4,0,19.2
2011,1,3,5,12,19.3
2011,1,3,6,259,19.7
2011,1,3,7,467,20.2
2011,1,3,8,666,20.8
2011,1,3,9,834,21
2011,1,3,10,965,21.2
2011,1,3,11,1030,21.2
2011,1,3,12,229,21.1
2011,1,3,13,69,21
2011,1,3,14,386,20.7
2011,1,3,15,329,20.2
2011,1,3,16,69,19.6
2011,1,3,17,138,19
2011,1,3,18,38,18.5
2011,1,3,19,0,18.2
2011,1,3,20,0,18.1
2011,1,3,21,0,18.2
2011,1,3,22,0,18.2
2011,1,3,23,0,18.2
2011,1,4,0,0,18.2
2011,1,4,1,0,18.2
2011,1,4,2,0,18.3
2011,1,4,3,0,18.4
2011,1,4,4,0,18.7
2011,1,4,5,16,19.3
2011,1,4,6,63,20
2011,1,4,7,246,20.7
2011,1,4,8,308,21.1
2011,1,4,9,266,21.3
2011,1,4,10,264,21.6
2011,1,4,11,1046,21.7
2011,1,4,12,1049,21.8
2011,1,4,13,983,21.8
2011,1,4,14,861,21.7
2011,1,4,15,692,21.5
2011,1,4,16,487,21.1
2011,1,4,17,269,20.4
2011,1,4,18,14,19.8
2011,1,4,19,0,19.3
2011,1,4,20,0,19
2011,1,4,21,0,18.8
2011,1,4,22,0,18.7
2011,1,4,23,0,18.5
2011,1,5,0,0,18.4
2011,1,5,1,0,18.2
2011,1,5,2,0,18
2011,1,5,3,0,17.9
2011,1,5,4,0,18.1
2011,1,5,5,14,18.5
2011,1,5,6,226,19.2
2011,1,5,7,280,19.9
2011,1,5,8,298,20.6
2011,1,5,9,455,21
2011,1,5,10,840,21.8
2011,1,5,11,1032,22
2011,1,5,12,1030,22
2011,1,5,13,847,22
2011,1,5,14,534,21.7
2011,1,5,15,371,21.4
2011,1,5,16,95,20.9
2011,1,5,17,80,20.3
2011,1,5,18,23,19.8
2011,1,5,19,0,19.6
2011,1,5,20,0,19.6
2011,1,5,21,0,19.6
2011,1,5,22,0,19.7
2011,1,5,23,0,19.6
2011,1,6,0,0,19.6
2011,1,6,1,0,19.6
2011,1,6,2,0,19.6
2011,1,6,3,0,19.6
2011,1,6,4,0,19.7
2011,1,6,5,72,20.1
2011,1,6,6,266,20.6
2011,1,6,7,483,21.4
2011,1,6,8,688,22.2
2011,1,6,9,859,22.5
2011,1,6,10,906,23.4
2011,1,6,11,1049,23.7
2011,1,6,12,1050,23.8
2011,1,6,13,975,23.8
2011,1,6,14,853,23.6
2011,1,6,15,499,23.3
2011,1,6,16,479,22.8
2011,1,6,17,138,22.3
2011,1,6,18,34,21.6
2011,1,6,19,0,21.1
2011,1,6,20,0,20.9
2011,1,6,21,0,20.6
2011,1,6,22,0,20.4
2011,1,6,23,0,20.3
2011,1,7,0,0,20.2
2011,1,7,1,0,20.1
2011,1,7,2,0,20.1
2011,1,7,3,0,20.1
2011,1,7,4,0,20.4
2011,1,7,5,13,21.3
2011,1,7,6,54,22.2
2011,1,7,7,54,23
2011,1,7,8,210,23.6
2011,1,7,9,85,23.8
2011,1,7,10,978,24.3
2011,1,7,11,1039,24.4
2011,1,7,12,176,24.4
2011,1,7,13,980,24.3
2011,1,7,14,860,24.1
2011,1,7,15,406,23.9
2011,1,7,16,355,23.5
2011,1,7,17,221,23
2011,1,7,18,47,22.4
2011,1,7,19,0,22
2011,1,7,20,0,21.8
2011,1,7,21,0,21.6
2011,1,7,22,0,21.5
2011,1,7,23,0,21.4
2011,1,8,0,0,21.3
2011,1,8,1,0,21.1
2011,1,8,2,0,21
2011,1,8,3,0,21
2011,1,8,4,0,21.2
2011,1,8,5,73,21.9
2011,1,8,6,272,22.7
2011,1,8,7,491,23.5
2011,1,8,8,695,24.3
2011,1,8,9,869,24.6
2011,1,8,10,988,25.4
2011,1,8,11,1051,25.7
2011,1,8,12,1053,25.8
2011,1,8,13,989,25.7
2011,1,8,14,866,25.5
2011,1,8,15,694,25.1
2011,1,8,16,486,24.6
2011,1,8,17,269,24
2011,1,8,18,74,23.4
2011,1,8,19,0,22.8
2011,1,8,20,0,22.5
2011,1,8,21,0,22.4
2011,1,8,22,0,22.4
2011,1,8,23,0,22.4
2011,1,9,0,0,22.4
2011,1,9,1,0,22.6
2011,1,9,2,0,22.7
2011,1,9,3,0,22.8
2011,1,9,4,0,23
2011,1,9,5,12,23.2
2011,1,9,6,49,23.5
2011,1,9,7,109,23.8
2011,1,9,8,230,24.2
2011,1,9,9,561,24.4
2011,1,9,10,802,24.6
2011,1,9,11,1008,24.6
2011,1,9,12,1012,24.6
2011,1,9,13,965,24.6
2011,1,9,14,849,24.6
2011,1,9,15,684,24.5
2011,1,9,16,484,24.4
2011,1,9,17,268,24
2011,1,9,18,75,23.4
2011,1,9,19,0,22.9
2011,1,9,20,0,22.7
2011,1,9,21,0,22.6
2011,1,9,22,0,22.6
2011,1,9,23,0,22.6
2011,1,10,0,0,22.5
2011,1,10,1,0,22.5
2011,1,10,2,0,22.6
2011,1,10,3,0,22.6
2011,1,10,4,0,22.6
2011,1,10,5,58,22.8
2011,1,10,6,222,23.1
2011,1,10,7,467,23.5
2011,1,10,8,670,24
2011,1,10,9,636,24.3
2011,1,10,10,453,24.7
2011,1,10,11,440,24.9
2011,1,10,12,760,24.8
2011,1,10,13,764,24.7
2011,1,10,14,647,24.5
2011,1,10,15,588,24
2011,1,10,16,315,23.4
2011,1,10,17,203,22.8
2011,1,10,18,56,22.4
2011,1,10,19,0,22.2
2011,1,10,20,0,22.1
2011,1,10,21,0,22.1
2011,1,10,22,0,22.2
2011,1,10,23,0,22.1
2011,1,11,0,0,22.2
2011,1,11,1,0,22.2
2011,1,11,2,0,22.2
2011,1,11,3,0,22.1
2011,1,11,4,0,22.2
2011,1,11,5,37,22.6
2011,1,11,6,167,23.1
2011,1,11,7,58,23.8
2011,1,11,8,137,24.5
2011,1,11,9,469,24.7
2011,1,11,10,368,25.2
2011,1,11,11,643,25.3
2011,1,11,12,554,25.3
2011,1,11,13,398,25
2011,1,11,14,390,24.6
2011,1,11,15,315,24.2
2011,1,11,16,257,23.8
2011,1,11,17,84,23.4
2011,1,11,18,35,23.2
2011,1,11,19,0,23
2011,1,11,20,0,23
2011,1,11,21,0,23
2011,1,11,22,0,22.9
2011,1,11,23,0,22.8
2011,1,12,0,0,22.8
2011,1,12,1,0,22.7
2011,1,12,2,0,22.7
2011,1,12,3,0,22.6
2011,1,12,4,0,22.7
2011,1,12,5,7,23.1
2011,1,12,6,27,23.8
2011,1,12,7,173,24.6
2011,1,12,8,554,25.3
2011,1,12,9,407,25.6
2011,1,12,10,675,26.4
2011,1,12,11,878,26.7
2011,1,12,12,1002,26.6
2011,1,12,13,939,26.3
2011,1,12,14,718,25.9
2011,1,12,15,518,25.5
2011,1,12,16,429,25
2011,1,12,17,189,24.4
2011,1,12,18,61,24
2011,1,12,19,0,23.8
2011,1,12,20,0,23.7
2011,1,12,21,0,23.7
2011,1,12,22,0,23.6
2011,1,12,23,0,23.5
2011,1,13,0,0,23.4
2011,1,13,1,0,23.3
2011,1,13,2,0,23.1
2011,1,13,3,0,23
2011,1,13,4,0,23.1
2011,1,13,5,4,23.5
2011,1,13,6,16,24.1
2011,1,13,7,453,24.6
2011,1,13,8,656,25
2011,1,13,9,829,25.2
2011,1,13,10,934,25.5
2011,1,13,11,1003,25.7
2011,1,13,12,1008,25.7
2011,1,13,13,937,25.6
2011,1,13,14,316,25.4
2011,1,13,15,520,24.9
2011,1,13,16,393,24.5
2011,1,13,17,176,23.9
2011,1,13,18,66,23.4
2011,1,13,19,0,23.1
2011,1,13,20,0,23
2011,1,13,21,0,22.9
2011,1,13,22,0,22.8
2011,1,13,23,0,22.8
2011,1,14,0,0,22.7
2011,1,14,1,0,22.5
2011,1,14,2,0,22.4
2011,1,14,3,0,22.2
2011,1,14,4,0,22.3
2011,1,14,5,32,22.8
2011,1,14,6,204,23.6
2011,1,14,7,457,24.4
2011,1,14,8,661,25.1
2011,1,14,9,832,25.4
2011,1,14,10,943,26.1
2011,1,14,11,1006,26.4
2011,1,14,12,1008,26.4
2011,1,14,13,784,26.2
2011,1,14,14,694,25.8
2011,1,14,15,527,25.3
2011,1,14,16,223,24.7
2011,1,14,17,150,24.3
2011,1,14,18,40,23.9
2011,1,14,19,0,23.6
2011,1,14,20,0,23.5
2011,1,14,21,0,23.4
2011,1,14,22,0,23.2
2011,1,14,23,0,23.1
2011,1,15,0,0,22.9
2011,1,15,1,0,22.7
2011,1,15,2,0,22.6
2011,1,15,3,0,22.4
2011,1,15,4,0,22.4
2011,1,15,5,4,22.7
2011,1,15,6,16,23.4
2011,1,15,7,119,24.3
2011,1,15,8,198,25.3
2011,1,15,9,316,25.8
2011,1,15,10,366,26.5
2011,1,15,11,397,26.5
2011,1,15,12,586,26.4
2011,1,15,13,747,26.4
2011,1,15,14,645,26.5
2011,1,15,15,519,26.4
2011,1,15,16,480,26.1
2011,1,15,17,41,25.5
2011,1,15,18,73,24.7
2011,1,15,19,0,24
2011,1,15,20,0,23.7
2011,1,15,21,0,23.3
2011,1,15,22,0,23
2011,1,15,23,0,22.7
2011,1,16,0,0,22.4
2011,1,16,1,0,22.3
2011,1,16,2,0,22.2
2011,1,16,3,0,22.1
2011,1,16,4,0,22.1
2011,1,16,5,54,22.6
2011,1,16,6,248,23.3
2011,1,16,7,470,24.2
2011,1,16,8,680,25.2
2011,1,16,9,860,25.6
2011,1,16,10,985,26.4
2011,1,16,11,1057,26.7
2011,1,16,12,1062,26.9
2011,1,16,13,1003,27
2011,1,16,14,884,26.9
2011,1,16,15,715,26.7
2011,1,16,16,509,26.3
2011,1,16,17,287,25.6
2011,1,16,18,81,24.7
2011,1,16,19,0,24
2011,1,16,20,0,23.6
2011,1,16,21,0,23.3
2011,1,16,22,0,23
2011,1,16,23,0,22.7
2011,1,17,0,0,22.4
2011,1,17,1,0,22
2011,1,17,2,0,21.7
2011,1,17,3,0,21.5
2011,1,17,4,0,21.6
2011,1,17,5,51,22.4
2011,1,17,6,238,23.8
2011,1,17,7,455,25.4
2011,1,17,8,663,27
2011,1,17,9,840,27.8
2011,1,17,10,977,29.5
2011,1,17,11,1045,29.4
2011,1,17,12,1044,28.9
2011,1,17,13,972,27.8
2011,1,17,14,838,26.3
2011,1,17,15,663,25.1
2011,1,17,16,458,24.2
2011,1,17,17,250,23.4
2011,1,17,18,66,22.8
2011,1,17,19,0,22.5
2011,1,17,20,0,22.1
2011,1,17,21,0,21.6
2011,1,17,22,0,21.2
2011,1,17,23,0,20.9
2011,1,18,0,0,20.7
2011,1,18,1,0,20.6
2011,1,18,2,0,20.5
2011,1,18,3,0,20.3
2011,1,18,4,0,20.4
2011,1,18,5,45,21
2011,1,18,6,234,21.7
2011,1,18,7,458,22.5
2011,1,18,8,256,23.2
2011,1,18,9,588,23.5
2011,1,18,10,985,24.1
2011,1,18,11,1050,24.3
2011,1,18,12,1050,24.3
2011,1,18,13,986,24.1
2011,1,18,14,859,23.8
2011,1,18,15,688,23.4
2011,1,18,16,486,22.9
2011,1,18,17,264,22.4
2011,1,18,18,69,21.9
2011,1,18,19,0,21.6
2011,1,18,20,0,21.4
2011,1,18,21,0,21.2
2011,1,18,22,0,21
2011,1,18,23,0,20.9
2011,1,19,0,0,20.8
2011,1,19,1,0,20.7
2011,1,19,2,0,20.7
2011,1,19,3,0,20.7
2011,1,19,4,0,20.9
2011,1,19,5,42,21.3
2011,1,19,6,224,22
2011,1,19,7,440,22.6
2011,1,19,8,90,23.2
2011,1,19,9,828,23.4
2011,1,19,10,952,24
2011,1,19,11,1022,24.2
2011,1,19,12,1029,24.3
2011,1,19,13,966,24.4
2011,1,19,14,845,24.4
2011,1,19,15,677,24.3
2011,1,19,16,418,24.1
2011,1,19,17,162,23.7
2011,1,19,18,42,23.4
2011,1,19,19,0,23.2
2011,1,19,20,0,23.1
2011,1,19,21,0,22.9
2011,1,19,22,0,22.8
2011,1,19,23,0,22.7
2011,1,20,0,0,22.6
2011,1,20,1,0,22.5
2011,1,20,2,0,22.4
2011,1,20,3,0,22.4
2011,1,20,4,0,22.5
2011,1,20,5,41,23
2011,1,20,6,223,23.7
2011,1,20,7,441,24.3
2011,1,20,8,651,24.9
2011,1,20,9,830,25.3
2011,1,20,10,961,25.9
2011,1,20,11,1031,26.2
2011,1,20,12,1037,26.2
2011,1,20,13,982,26.1
2011,1,20,14,862,25.9
2011,1,20,15,692,25.6
2011,1,20,16,487,25.1
2011,1,20,17,269,24.5
2011,1,20,18,71,23.8
2011,1,20,19,0,23.3
2011,1,20,20,0,23
2011,1,20,21,0,22.7
2011,1,20,22,0,22.4
2011,1,20,23,0,22.2
2011,1,21,0,0,21.9
2011,1,21,1,0,21.7
2011,1,21,2,0,21.5
2011,1,21,3,0,21.4
2011,1,21,4,0,21.5
2011,1,21,5,42,22.2
2011,1,21,6,235,23.3
2011,1,21,7,460,24.4
2011,1,21,8,673,25.4
2011,1,21,9,854,25.8
2011,1,21,10,985,26.8
2011,1,21,11,1056,27.2
2011,1,21,12,1059,27.4
2011,1,21,13,999,27.3
2011,1,21,14,877,26.9
2011,1,21,15,703,26.2
2011,1,21,16,494,25.4
2011,1,21,17,178,24.5
2011,1,21,18,71,23.9
2011,1,21,19,0,23.6
2011,1,21,20,0,23.5
2011,1,21,21,0,23.3
2011,1,21,22,0,23
2011,1,21,23,0,22.7
2011,1,22,0,0,22.3
2011,1,22,1,0,22
2011,1,22,2,0,21.7
2011,1,22,3,0,21.5
2011,1,22,4,0,21.6
2011,1,22,5,42,22.3
2011,1,22,6,230,23.4
2011,1,22,7,451,24.6
2011,1,22,8,663,25.7
2011,1,22,9,843,26.2
2011,1,22,10,976,27
2011,1,22,11,946,27.2
2011,1,22,12,1058,27.2
2011,1,22,13,1001,26.9
2011,1,22,14,880,26.5
2011,1,22,15,706,26
2011,1,22,16,498,25.3
2011,1,22,17,193,24.5
2011,1,22,18,49,23.7
2011,1,22,19,0,23.2
2011,1,22,20,0,22.9
2011,1,22,21,0,22.6
2011,1,22,22,0,22.3
2011,1,22,23,0,22.1
2011,1,23,0,0,21.9
2011,1,23,1,0,21.7
2011,1,23,2,0,21.5
2011,1,23,3,0,21.4
2011,1,23,4,0,21.4
2011,1,23,5,31,22
2011,1,23,6,223,23.1
2011,1,23,7,444,24.2
2011,1,23,8,561,25.2
2011,1,23,9,838,25.8
2011,1,23,10,973,27.1
2011,1,23,11,1044,27.5
2011,1,23,12,1051,27.6
2011,1,23,13,991,27.3
2011,1,23,14,92,26.9
2011,1,23,15,357,26.3
2011,1,23,16,335,25.6
2011,1,23,17,262,24.8
2011,1,23,18,66,24
2011,1,23,19,0,23.6
2011,1,23,20,0,23.4
2011,1,23,21,0,23.2
2011,1,23,22,0,22.9
2011,1,23,23,0,22.5
2011,1,24,0,0,22.2
2011,1,24,1,0,22
2011,1,24,2,0,21.9
2011,1,24,3,0,21.8
2011,1,24,4,0,21.8
2011,1,24,5,19,22.5
2011,1,24,6,213,23.9
2011,1,24,7,159,25.6
2011,1,24,8,576,27.2
2011,1,24,9,815,28
2011,1,24,10,765,29.7
2011,1,24,11,770,30.6
2011,1,24,12,325,31.3
2011,1,24,13,339,31.7
2011,1,24,14,118,31.7
2011,1,24,15,45,31.6
2011,1,24,16,380,31.1
2011,1,24,17,243,30.1
2011,1,24,18,61,28.4
2011,1,24,19,0,26.9
2011,1,24,20,0,25.7
2011,1,24,21,0,24.5
2011,1,24,22,0,23.5
2011,1,24,23,0,22.8
2011,1,25,0,0,22.4
2011,1,25,1,0,22.3
2011,1,25,2,0,22.2
2011,1,25,3,0,22.1
2011,1,25,4,0,22.1
2011,1,25,5,28,22.4
2011,1,25,6,200,23.2
2011,1,25,7,417,24.1
2011,1,25,8,628,25.2
2011,1,25,9,808,25.9
2011,1,25,10,948,28
2011,1,25,11,1019,28.9
2011,1,25,12,1026,29.2
2011,1,25,13,812,29
2011,1,25,14,853,28.3
2011,1,25,15,683,27.4
2011,1,25,16,478,26.4
2011,1,25,17,259,25.2
2011,1,25,18,64,24.1
2011,1,25,19,0,23.7
2011,1,25,20,0,23.6
2011,1,25,21,0,23.5
2011,1,25,22,0,23.4
2011,1,25,23,0,23.4
2011,1,26,0,0,23.4
2011,1,26,1,0,23.4
2011,1,26,2,0,23.5
2011,1,26,3,0,23.5
2011,1,26,4,0,23.5
2011,1,26,5,3,24.1
2011,1,26,6,70,25.2
2011,1,26,7,296,26.4
2011,1,26,8,560,27.6
2011,1,26,9,799,28.3
2011,1,26,10,564,30.3
2011,1,26,11,211,31.5
2011,1,26,12,410,32.3
2011,1,26,13,956,32.8
2011,1,26,14,835,32.7
2011,1,26,15,665,32
2011,1,26,16,464,30.6
2011,1,26,17,247,28.8
2011,1,26,18,59,27.2
2011,1,26,19,0,26.1
2011,1,26,20,0,25.5
2011,1,26,21,0,25
2011,1,26,22,0,24.7
2011,1,26,23,0,24.4
2011,1,27,0,0,24.3
2011,1,27,1,0,24.2
2011,1,27,2,0,24.1
2011,1,27,3,0,24
2011,1,27,4,0,24
2011,1,27,5,27,24.3
2011,1,27,6,201,25.1
2011,1,27,7,418,25.9
2011,1,27,8,628,26.9
2011,1,27,9,810,27.4
2011,1,27,10,735,28.9
2011,1,27,11,782,29.5
2011,1,27,12,1019,29.5
2011,1,27,13,962,29.2
2011,1,27,14,842,28.5
2011,1,27,15,673,27.5
2011,1,27,16,245,26.2
2011,1,27,17,254,24.9
2011,1,27,18,29,24
2011,1,27,19,0,23.5
2011,1,27,20,0,23.4
2011,1,27,21,0,23.3
2011,1,27,22,0,23.2
2011,1,27,23,0,23.2
2011,1,28,0,0,23.1
2011,1,28,1,0,23
2011,1,28,2,0,22.8
2011,1,28,3,0,22.6
2011,1,28,4,0,22.6
2011,1,28,5,26,22.9
2011,1,28,6,201,23.3
2011,1,28,7,417,23.7
2011,1,28,8,71,24
2011,1,28,9,807,24.1
2011,1,28,10,92,24.3
2011,1,28,11,501,24.3
2011,1,28,12,1032,24.3
2011,1,28,13,975,24.2
2011,1,28,14,389,23.9
2011,1,28,15,400,23.5
2011,1,28,16,480,23
2011,1,28,17,257,22.4
2011,1,28,18,60,21.9
2011,1,28,19,0,21.6
2011,1,28,20,0,21.4
2011,1,28,21,0,21.2
2011,1,28,22,0,21.1
2011,1,28,23,0,20.9
2011,1,29,0,0,20.8
2011,1,29,1,0,20.7
2011,1,29,2,0,20.7
2011,1,29,3,0,20.6
2011,1,29,4,0,20.8
2011,1,29,5,3,21.4
2011,1,29,6,17,22.2
2011,1,29,7,40,23
2011,1,29,8,118,23.6
2011,1,29,9,835,23.9
2011,1,29,10,965,24.4
2011,1,29,11,1044,24.5
2011,1,29,12,1055,24.4
2011,1,29,13,1002,24.3
2011,1,29,14,881,24.1
2011,1,29,15,707,23.7
2011,1,29,16,496,23.3
2011,1,29,17,270,22.8
2011,1,29,18,65,22.2
2011,1,29,19,0,21.8
2011,1,29,20,0,21.6
2011,1,29,21,0,21.4
2011,1,29,22,0,21.2
2011,1,29,23,0,21
2011,1,30,0,0,20.9
2011,1,30,1,0,20.7
2011,1,30,2,0,20.5
2011,1,30,3,0,20.2
2011,1,30,4,0,20
2011,1,30,5,26,20.5
2011,1,30,6,211,21.9
2011,1,30,7,438,23.4
2011,1,30,8,658,25
2011,1,30,9,844,25.8
2011,1,30,10,979,27.8
2011,1,30,11,1052,28.6
2011,1,30,12,1059,29
2011,1,30,13,997,29.1
2011,1,30,14,871,28.8
2011,1,30,15,696,28.2
2011,1,30,16,486,27.4
2011,1,30,17,261,26.3
2011,1,30,18,61,25.1
2011,1,30,19,0,24.4
2011,1,30,20,0,23.9
2011,1,30,21,0,23.6
2011,1,30,22,0,23.3
2011,1,30,23,0,23
2011,1,31,0,0,22.7
2011,1,31,1,0,22.5
2011,1,31,2,0,22.3
2011,1,31,3,0,22.2
2011,1,31,4,0,22.1
2011,1,31,5,22,22.7
2011,1,31,6,197,24.3
2011,1,31,7,418,26.2
2011,1,31,8,633,27.9
2011,1,31,9,816,28.7
2011,1,31,10,953,30.7
2011,1,31,11,1030,31.4
2011,1,31,12,1040,31.7
2011,1,31,13,982,31.6
2011,1,31,14,862,31.2
2011,1,31,15,691,30.5
2011,1,31,16,483,29.5
2011,1,31,17,260,28.1
2011,1,31,18,60,26.6
2011,1,31,19,0,25.5
2011,1,31,20,0,24.8
2011,1,31,21,0,24.3
2011,1,31,22,0,23.9
2011,1,31,23,0,23.5
2011,2,1,0,0,23.2
2011,2,1,1,0,23
2011,2,1,2,0,22.9
2011,2,1,3,0,22.8
2011,2,1,4,0,22.9
2011,2,1,5,18,23.5
2011,2,1,6,186,24.9
2011,2,1,7,408,26.8
2011,2,1,8,626,29.2
2011,2,1,9,812,30.6
2011,2,1,10,952,34
2011,2,1,11,1028,35.2
2011,2,1,12,1040,35.6
2011,2,1,13,986,35.6
2011,2,1,14,864,35.3
2011,2,1,15,688,35
2011,2,1,16,479,34.2
2011,2,1,17,253,32.7
2011,2,1,18,56,30.9
2011,2,1,19,0,29.9
2011,2,1,20,0,29.4
2011,2,1,21,0,29
2011,2,1,22,0,28.7
2011,2,1,23,0,28.3
2011,2,2,0,0,28
2011,2,2,1,0,27.6
2011,2,2,2,0,27.3
2011,2,2,3,0,26.8
2011,2,2,4,0,26.1
2011,2,2,5,16,25.8
2011,2,2,6,174,26.1
2011,2,2,7,383,26.8
2011,2,2,8,590,27.6
2011,2,2,9,771,28
2011,2,2,10,924,29
2011,2,2,11,997,29.4
2011,2,2,12,1004,29.7
2011,2,2,13,947,29.8
2011,2,2,14,824,29.7
2011,2,2,15,650,29.4
2011,2,2,16,415,28.7
2011,2,2,17,140,27.7
2011,2,2,18,47,26.7
2011,2,2,19,0,26.2
2011,2,2,20,0,26
2011,2,2,21,0,25.9
2011,2,2,22,0,25.8
2011,2,2,23,0,25.6
2011,2,3,0,0,25.4
2011,2,3,1,0,25.3
2011,2,3,2,0,25.1
2011,2,3,3,0,25.1
2011,2,3,4,0,25.2
2011,2,3,5,4,25.6
2011,2,3,6,27,26.4
2011,2,3,7,65,27.7
2011,2,3,8,183,29.4
2011,2,3,9,561,30.3
2011,2,3,10,424,31.7
2011,2,3,11,75,32.1
2011,2,3,12,93,32.5
2011,2,3,13,193,32.9
2011,2,3,14,811,32.7
2011,2,3,15,641,31.5
2011,2,3,16,439,29.7
2011,2,3,17,225,28
2011,2,3,18,45,26.7
2011,2,3,19,0,25.8
2011,2,3,20,0,25.1
2011,2,3,21,0,24.7
2011,2,3,22,0,24.5
2011,2,3,23,0,24.3
2011,2,4,0,0,24
2011,2,4,1,0,23.9
2011,2,4,2,0,23.9
2011,2,4,3,0,23.8
2011,2,4,4,0,23.9
2011,2,4,5,15,24.5
2011,2,4,6,166,25.6
2011,2,4,7,362,26.6
2011,2,4,8,561,27.6
2011,2,4,9,772,28.1
2011,2,4,10,904,29.5
2011,2,4,11,737,30.1
2011,2,4,12,838,30.2
2011,2,4,13,929,30.1
2011,2,4,14,687,29.8
2011,2,4,15,504,29.2
2011,2,4,16,305,28.3
2011,2,4,17,155,27
2011,2,4,18,32,25.9
2011,2,4,19,0,25.4
2011,2,4,20,0,25.2
2011,2,4,21,0,25
2011,2,4,22,0,24.9
2011,2,4,23,0,24.9
2011,2,5,0,0,24.8
2011,2,5,1,0,24.7
2011,2,5,2,0,24.7
2011,2,5,3,0,24.8
2011,2,5,4,0,25.1
2011,2,5,5,9,26
2011,2,5,6,134,27.7
2011,2,5,7,305,29.9
2011,2,5,8,602,31.8
2011,2,5,9,783,32.6
2011,2,5,10,922,33.9
2011,2,5,11,1005,34.5
2011,2,5,12,1023,34.9
2011,2,5,13,968,35.2
2011,2,5,14,846,35.3
2011,2,5,15,672,35.2
2011,2,5,16,462,34.8
2011,2,5,17,239,33.9
2011,2,5,18,48,32.8
2011,2,5,19,0,31.9
2011,2,5,20,0,31.2
2011,2,5,21,0,30.4
2011,2,5,22,0,29.6
2011,2,5,23,0,29
2011,2,6,0,0,28.4
2011,2,6,1,0,27.9
2011,2,6,2,0,27.4
2011,2,6,3,0,26.9
2011,2,6,4,0,26.5
2011,2,6,5,2,26.7
2011,2,6,6,34,27.5
2011,2,6,7,90,28.5
2011,2,6,8,409,29.6
2011,2,6,9,611,30.2
2011,2,6,10,706,32.2
2011,2,6,11,517,33.3
2011,2,6,12,357,32.6
2011,2,6,13,74,29.3
2011,2,6,14,144,24.9
2011,2,6,15,55,21.6
2011,2,6,16,35,20.2
2011,2,6,17,198,19.6
2011,2,6,18,4,19.2
2011,2,6,19,0,19.2
2011,2,6,20,0,19.4
2011,2,6,21,0,19.6
2011,2,6,22,0,19.7
2011,2,6,23,0,19.7
2011,2,7,0,0,19.6
2011,2,7,1,0,19.5
2011,2,7,2,0,19.4
2011,2,7,3,0,19.4
2011,2,7,4,0,19.4
2011,2,7,5,1,19.7
2011,2,7,6,38,20.2
2011,2,7,7,30,20.7
2011,2,7,8,176,21.4
2011,2,7,9,305,21.8
2011,2,7,10,413,22.5
2011,2,7,11,563,22.6
2011,2,7,12,383,22.6
2011,2,7,13,298,22.5
2011,2,7,14,347,22.2
2011,2,7,15,339,21.9
2011,2,7,16,160,21.5
2011,2,7,17,116,21
2011,2,7,18,16,20.5
2011,2,7,19,0,20.3
2011,2,7,20,0,20.2
2011,2,7,21,0,20.1
2011,2,7,22,0,20
2011,2,7,23,0,20
2011,2,8,0,0,20.1
2011,2,8,1,0,19.9
2011,2,8,2,0,19.7
2011,2,8,3,0,19.6
2011,2,8,4,0,19.7
2011,2,8,5,0,20.4
2011,2,8,6,21,21.3
2011,2,8,7,55,22.1
2011,2,8,8,617,22.8
2011,2,8,9,804,23.2
2011,2,8,10,946,24
2011,2,8,11,114,24.4
2011,2,8,12,167,24.5
2011,2,8,13,421,24.5
2011,2,8,14,851,24.1
2011,2,8,15,677,23.6
2011,2,8,16,465,23
2011,2,8,17,148,22.3
2011,2,8,18,24,21.8
2011,2,8,19,0,21.5
2011,2,8,20,0,21.3
2011,2,8,21,0,21.2
2011,2,8,22,0,21.1
2011,2,8,23,0,21
2011,2,9,0,0,20.9
2011,2,9,1,0,20.6
2011,2,9,2,0,20.4
2011,2,9,3,0,20.2
2011,2,9,4,0,20.2
2011,2,9,5,0,20.8
2011,2,9,6,171,21.9
2011,2,9,7,210,22.8
2011,2,9,8,600,23.5
2011,2,9,9,388,23.8
2011,2,9,10,930,24.1
2011,2,9,11,1007,24.1
2011,2,9,12,1018,24.1
2011,2,9,13,952,24
2011,2,9,14,621,23.7
2011,2,9,15,388,23.4
2011,2,9,16,357,23
2011,2,9,17,204,22.5
2011,2,9,18,43,22
2011,2,9,19,0,21.8
2011,2,9,20,0,21.6
2011,2,9,21,0,21.5
2011,2,9,22,0,21.4
2011,2,9,23,0,21.4
2011,2,10,0,0,21.2
2011,2,10,1,0,21
2011,2,10,2,0,21
2011,2,10,3,0,21
2011,2,10,4,0,21.1
2011,2,10,5,0,21.8
2011,2,10,6,169,22.6
2011,2,10,7,390,23.4
2011,2,10,8,225,24.1
2011,2,10,9,399,24.5
2011,2,10,10,515,25.7
2011,2,10,11,650,26.3
2011,2,10,12,718,26.6
2011,2,10,13,951,26.6
2011,2,10,14,831,26.3
2011,2,10,15,657,25.7
2011,2,10,16,396,24.9
2011,2,10,17,185,23.9
2011,2,10,18,32,23.1
2011,2,10,19,0,22.8
2011,2,10,20,0,22.7
2011,2,10,21,0,22.7
2011,2,10,22,0,22.5
2011,2,10,23,0,22.4
2011,2,11,0,0,22.2
2011,2,11,1,0,22
2011,2,11,2,0,21.8
2011,2,11,3,0,21.7
2011,2,11,4,0,21.6
2011,2,11,5,0,22
2011,2,11,6,161,23.3
2011,2,11,7,377,24.9
2011,2,11,8,589,26.6
2011,2,11,9,771,27.5
2011,2,11,10,745,29.6
2011,2,11,11,769,30.2
2011,2,11,12,679,30.4
2011,2,11,13,747,30.2
2011,2,11,14,809,30
2011,2,11,15,453,29.6
2011,2,11,16,188,28.9
2011,2,11,17,147,27.6
2011,2,11,18,21,26.3
2011,2,11,19,0,25.5
2011,2,11,20,0,25
2011,2,11,21,0,24.8
2011,2,11,22,0,24.5
2011,2,11,23,0,24.3
2011,2,12,0,0,24.1
2011,2,12,1,0,24
2011,2,12,2,0,23.8
2011,2,12,3,0,23.6
2011,2,12,4,0,23.4
2011,2,12,5,0,23.7
2011,2,12,6,23,24.1
2011,2,12,7,59,24.1
2011,2,12,8,147,23.7
2011,2,12,9,116,23.5
2011,2,12,10,248,23
2011,2,12,11,72,22.9
2011,2,12,12,312,22.9
2011,2,12,13,305,23
2011,2,12,14,73,22.9
2011,2,12,15,27,22.6
2011,2,12,16,33,22.1
2011,2,12,17,38,21.6
2011,2,12,18,9,21.3
2011,2,12,19,0,21.3
2011,2,12,20,0,21.3
2011,2,12,21,0,21.3
2011,2,12,22,0,21.3
2011,2,12,23,0,21.3
2011,2,13,0,0,21.2
2011,2,13,1,0,21.1
2011,2,13,2,0,21.1
2011,2,13,3,0,21.2
2011,2,13,4,0,21.3
2011,2,13,5,0,21.6
2011,2,13,6,54,22
2011,2,13,7,146,22.2
2011,2,13,8,166,22.6
2011,2,13,9,62,22.9
2011,2,13,10,275,23.9
2011,2,13,11,255,24
2011,2,13,12,172,23.8
2011,2,13,13,213,23.4
2011,2,13,14,334,22.9
2011,2,13,15,98,22.4
2011,2,13,16,172,21.9
2011,2,13,17,84,21.4
2011,2,13,18,15,21.1
2011,2,13,19,0,21
2011,2,13,20,0,20.9
2011,2,13,21,0,20.8
2011,2,13,22,0,20.7
2011,2,13,23,0,20.6
2011,2,14,0,0,20.5
2011,2,14,1,0,20.5
2011,2,14,2,0,20.5
2011,2,14,3,0,20.6
2011,2,14,4,0,20.6
2011,2,14,5,0,21
2011,2,14,6,36,21.6
2011,2,14,7,375,22.1
2011,2,14,8,185,22.7
2011,2,14,9,394,22.9
2011,2,14,10,368,23.5
2011,2,14,11,335,23.7
2011,2,14,12,144,23.6
2011,2,14,13,454,23.4
2011,2,14,14,268,23.2
2011,2,14,15,221,22.8
2011,2,14,16,220,22.3
2011,2,14,17,114,21.7
2011,2,14,18,14,21.3
2011,2,14,19,0,21
2011,2,14,20,0,20.8
2011,2,14,21,0,20.7
2011,2,14,22,0,20.7
2011,2,14,23,0,20.6
2011,2,15,0,0,20.4
2011,2,15,1,0,20.4
2011,2,15,2,0,20.4
2011,2,15,3,0,20.4
2011,2,15,4,0,20.6
2011,2,15,5,0,21.2
2011,2,15,6,12,22
2011,2,15,7,116,22.8
2011,2,15,8,60,23.5
2011,2,15,9,346,23.9
2011,2,15,10,551,24.6
2011,2,15,11,531,24.6
2011,2,15,12,505,24.4
2011,2,15,13,405,24.2
2011,2,15,14,667,23.9
2011,2,15,15,630,23.5
2011,2,15,16,354,23.1
2011,2,15,17,170,22.5
2011,2,15,18,24,22.1
2011,2,15,19,0,21.9
2011,2,15,20,0,21.7
2011,2,15,21,0,21.5
2011,2,15,22,0,21.4
2011,2,15,23,0,21.3
2011,2,16,0,0,21.3
2011,2,16,1,0,21.2
2011,2,16,2,0,21.1
2011,2,16,3,0,21.1
2011,2,16,4,0,21.1
2011,2,16,5,0,21.4
2011,2,16,6,9,22
2011,2,16,7,26,22.5
2011,2,16,8,314,23.4
2011,2,16,9,416,23.9
2011,2,16,10,523,25.3
2011,2,16,11,457,25.8
2011,2,16,12,786,26
2011,2,16,13,906,26
2011,2,16,14,344,25.5
2011,2,16,15,271,24.9
2011,2,16,16,145,24.2
2011,2,16,17,60,23.7
2011,2,16,18,19,23.4
2011,2,16,19,0,23.3
2011,2,16,20,0,23.3
2011,2,16,21,0,23.3
2011,2,16,22,0,23.3
2011,2,16,23,0,23.3
2011,2,17,0,0,23.2
2011,2,17,1,0,23
2011,2,17,2,0,22.9
2011,2,17,3,0,22.6
2011,2,17,4,0,22.5
2011,2,17,5,0,22.7
2011,2,17,6,64,23.5
2011,2,17,7,17,24.5
2011,2,17,8,364,25.5
2011,2,17,9,741,25.9
2011,2,17,10,875,27.7
2011,2,17,11,639,28.4
2011,2,17,12,391,28.6
2011,2,17,13,315,28.4
2011,2,17,14,91,27.9
2011,2,17,15,399,27.4
2011,2,17,16,406,26.6
2011,2,17,17,191,25.7
2011,2,17,18,14,24.9
2011,2,17,19,0,24.5
2011,2,17,20,0,24.3
2011,2,17,21,0,24.1
2011,2,17,22,0,24
2011,2,17,23,0,24
2011,2,18,0,0,23.8
2011,2,18,1,0,23.5
2011,2,18,2,0,23.1
2011,2,18,3,0,22.8
2011,2,18,4,0,22.6
2011,2,18,5,0,22.9
2011,2,18,6,129,23.6
2011,2,18,7,51,24.2
2011,2,18,8,550,24.8
2011,2,18,9,733,25.1
2011,2,18,10,862,25.8
2011,2,18,11,935,25.9
2011,2,18,12,643,25.7
2011,2,18,13,888,25.5
2011,2,18,14,770,25.2
2011,2,18,15,509,24.8
2011,2,18,16,401,24.3
2011,2,18,17,157,23.7
2011,2,18,18,4,23.2
2011,2,18,19,0,23
2011,2,18,20,0,22.9
2011,2,18,21,0,22.9
2011,2,18,22,0,22.9
2011,2,18,23,0,22.9
2011,2,19,0,0,22.9
2011,2,19,1,0,22.9
2011,2,19,2,0,22.9
2011,2,19,3,0,22.9
2011,2,19,4,0,22.9
2011,2,19,5,0,23.2
2011,2,19,6,94,24.1
2011,2,19,7,255,25.1
2011,2,19,8,393,26.2
2011,2,19,9,553,26.7
2011,2,19,10,609,28.8
2011,2,19,11,940,30.2
2011,2,19,12,946,31.1
2011,2,19,13,788,31.3
2011,2,19,14,649,31.2
2011,2,19,15,497,30.9
2011,2,19,16,340,30.3
2011,2,19,17,157,29.3
2011,2,19,18,16,28.1
2011,2,19,19,0,27.5
2011,2,19,20,0,27.3
2011,2,19,21,0,27.2
2011,2,19,22,0,27.3
2011,2,19,23,0,27.3
2011,2,20,0,0,27.1
2011,2,20,1,0,27
2011,2,20,2,0,26.9
2011,2,20,3,0,26.8
2011,2,20,4,0,26.7
2011,2,20,5,0,26.6
2011,2,20,6,72,26.8
2011,2,20,7,116,27.2
2011,2,20,8,374,27.7
2011,2,20,9,534,28
2011,2,20,10,404,29
2011,2,20,11,629,29.4
2011,2,20,12,644,29.5
2011,2,20,13,765,29.1
2011,2,20,14,623,28.4
2011,2,20,15,596,27.6
2011,2,20,16,315,26.8
2011,2,20,17,144,25.9
2011,2,20,18,19,25.1
2011,2,20,19,0,24.8
2011,2,20,20,0,24.7
2011,2,20,21,0,24.4
2011,2,20,22,0,24.1
2011,2,20,23,0,23.8
2011,2,21,0,0,23.3
2011,2,21,1,0,22.7
2011,2,21,2,0,22
2011,2,21,3,0,21.5
2011,2,21,4,0,21.1
2011,2,21,5,0,21
2011,2,21,6,98,21.1
2011,2,21,7,350,21.6
2011,2,21,8,561,22.3
2011,2,21,9,738,22.6
2011,2,21,10,874,23.1
2011,2,21,11,944,23.2
2011,2,21,12,949,23.1
2011,2,21,13,901,22.8
2011,2,21,14,772,22.2
2011,2,21,15,599,21.5
2011,2,21,16,390,20.9
2011,2,21,17,15,20.3
2011,2,21,18,2,20.1
2011,2,21,19,0,20.1
2011,2,21,20,0,20.1
2011,2,21,21,0,20.1
2011,2,21,22,0,20
2011,2,21,23,0,19.9
2011,2,22,0,0,19.7
2011,2,22,1,0,19.6
2011,2,22,2,0,19.5
2011,2,22,3,0,19.3
2011,2,22,4,0,19.3
2011,2,22,5,0,19.7
2011,2,22,6,10,20.3
2011,2,22,7,30,20.8
2011,2,22,8,120,21.3
2011,2,22,9,419,21.5
2011,2,22,10,592,21.8
2011,2,22,11,469,21.8
2011,2,22,12,230,21.7
2011,2,22,13,314,21.5
2011,2,22,14,308,21.3
2011,2,22,15,299,21
2011,2,22,16,99,20.6
2011,2,22,17,39,20.2
2011,2,22,18,15,19.9
2011,2,22,19,0,19.8
2011,2,22,20,0,19.8
2011,2,22,21,0,19.8
2011,2,22,22,0,19.9
2011,2,22,23,0,19.9
2011,2,23,0,0,19.9
2011,2,23,1,0,19.7
2011,2,23,2,0,19.6
2011,2,23,3,0,19.6
2011,2,23,4,0,19.7
2011,2,23,5,0,20
2011,2,23,6,125,20.5
2011,2,23,7,130,20.9
2011,2,23,8,560,21.6
2011,2,23,9,85,21.9
2011,2,23,10,348,22.9
2011,2,23,11,967,23.3
2011,2,23,12,978,23.5
2011,2,23,13,923,23.4
2011,2,23,14,800,23.1
2011,2,23,15,625,22.6
2011,2,23,16,414,22
2011,2,23,17,191,21.3
2011,2,23,18,15,20.6
2011,2,23,19,0,20.3
2011,2,23,20,0,20
2011,2,23,21,0,19.9
2011,2,23,22,0,19.8
2011,2,23,23,0,19.7
2011,2,24,0,0,19.6
2011,2,24,1,0,19.5
2011,2,24,2,0,19.4
2011,2,24,3,0,19.4
2011,2,24,4,0,19.3
2011,2,24,5,0,19.7
2011,2,24,6,134,20.5
2011,2,24,7,359,21.5
2011,2,24,8,583,22.5
2011,2,24,9,775,23
2011,2,24,10,919,24.4
2011,2,24,11,998,25.2
2011,2,24,12,1007,25.6
2011,2,24,13,947,25.7
2011,2,24,14,822,25.4
2011,2,24,15,640,24.7
2011,2,24,16,422,23.7
2011,2,24,17,193,22.6
2011,2,24,18,14,21.7
2011,2,24,19,0,21.2
2011,2,24,20,0,20.9
2011,2,24,21,0,20.6
2011,2,24,22,0,20.4
2011,2,24,23,0,20.1
2011,2,25,0,0,19.9
2011,2,25,1,0,19.7
2011,2,25,2,0,19.6
2011,2,25,3,0,19.6
2011,2,25,4,0,19.7
2011,2,25,5,0,20.1
2011,2,25,6,97,20.6
2011,2,25,7,347,21.6
2011,2,25,8,452,23.1
2011,2,25,9,754,23.9
2011,2,25,10,758,25.5
2011,2,25,11,705,25.8
2011,2,25,12,680,25.9
2011,2,25,13,908,26
2011,2,25,14,439,25.8
2011,2,25,15,457,25.4
2011,2,25,16,294,24.6
2011,2,25,17,124,23.5
2011,2,25,18,9,22.7
2011,2,25,19,0,22.3
2011,2,25,20,0,22.1
2011,2,25,21,0,21.9
2011,2,25,22,0,21.7
2011,2,25,23,0,21.6
2011,2,26,0,0,21.6
2011,2,26,1,0,21.6
2011,2,26,2,0,21.5
2011,2,26,3,0,21.4
2011,2,26,4,0,21.3
2011,2,26,5,0,21.6
2011,2,26,6,114,22.5
2011,2,26,7,325,23.7
2011,2,26,8,541,24.8
2011,2,26,9,728,25.4
2011,2,26,10,879,26.6
2011,2,26,11,956,27.3
2011,2,26,12,962,27.5
2011,2,26,13,900,27.5
2011,2,26,14,774,27.1
2011,2,26,15,597,26.5
2011,2,26,16,386,25.6
2011,2,26,17,167,24.4
2011,2,26,18,0,23.4
2011,2,26,19,0,23
2011,2,26,20,0,22.8
2011,2,26,21,0,22.7
2011,2,26,22,0,22.5
2011,2,26,23,0,22.3
2011,2,27,0,0,22.1
2011,2,27,1,0,21.8
2011,2,27,2,0,21.6
2011,2,27,3,0,21.4
2011,2,27,4,0,21.3
2011,2,27,5,0,21.7
2011,2,27,6,8,22.8
2011,2,27,7,24,23.9
2011,2,27,8,114,24.9
2011,2,27,9,442,25.3
2011,2,27,10,323,26.2
2011,2,27,11,783,27.2
2011,2,27,12,184,28.7
2011,2,27,13,117,29.9
2011,2,27,14,282,30
2011,2,27,15,417,29.2
2011,2,27,16,145,27.8
2011,2,27,17,102,26.1
2011,2,27,18,0,24.5
2011,2,27,19,0,23.4
2011,2,27,20,0,22.7
2011,2,27,21,0,22.1
2011,2,27,22,0,21.7
2011,2,27,23,0,21.5
2011,2,28,0,0,21.3
2011,2,28,1,0,21.2
2011,2,28,2,0,21.2
2011,2,28,3,0,21.2
2011,2,28,4,0,21.3
2011,2,28,5,0,21.6
2011,2,28,6,94,22.2
2011,2,28,7,268,22.9
2011,2,28,8,456,23.6
2011,2,28,9,686,23.9
2011,2,28,10,97,25.3
2011,2,28,11,409,26.2
2011,2,28,12,511,26.9
2011,2,28,13,854,27.2
2011,2,28,14,208,27.2
2011,2,28,15,239,26.7
2011,2,28,16,91,25.7
2011,2,28,17,51,24.5
2011,2,28,18,0,23.5
2011,2,28,19,0,23.3
2011,2,28,20,0,23.2
2011,2,28,21,0,23.2
2011,2,28,22,0,23.2
2011,2,28,23,0,23.1
2011,3,1,0,0,23.1
2011,3,1,1,0,23
2011,3,1,2,0,23.1
2011,3,1,3,0,23.2
2011,3,1,4,0,23.4
2011,3,1,5,0,24
2011,3,1,6,32,25.1
2011,3,1,7,98,26.8
2011,3,1,8,25,28.6
2011,3,1,9,65,29.5
2011,3,1,10,198,30.3
2011,3,1,11,107,30.1
2011,3,1,12,331,29.6
2011,3,1,13,263,29.4
2011,3,1,14,441,29.1
2011,3,1,15,196,28.2
2011,3,1,16,240,26.4
2011,3,1,17,94,24.1
2011,3,1,18,0,22.1
2011,3,1,19,0,21.1
2011,3,1,20,0,20.7
2011,3,1,21,0,20.4
2011,3,1,22,0,20.2
2011,3,1,23,0,19.9
2011,3,2,0,0,19.8
2011,3,2,1,0,19.7
2011,3,2,2,0,19.7
2011,3,2,3,0,19.6
2011,3,2,4,0,19.6
2011,3,2,5,0,19.7
2011,3,2,6,38,20.1
2011,3,2,7,118,20.5
2011,3,2,8,31,21
2011,3,2,9,50,21.3
2011,3,2,10,835,21.7
2011,3,2,11,273,21.9
2011,3,2,12,903,22
2011,3,2,13,405,21.8
2011,3,2,14,718,21.7
2011,3,2,15,551,21.8
2011,3,2,16,347,21.6
2011,3,2,17,138,21.3
2011,3,2,18,0,21
2011,3,2,19,0,20.9
2011,3,2,20,0,20.7
2011,3,2,21,0,20.6
2011,3,2,22,0,20.5
2011,3,2,23,0,20.3
2011,3,3,0,0,20.2
2011,3,3,1,0,19.9
2011,3,3,2,0,19.7
2011,3,3,3,0,19.4
2011,3,3,4,0,19.1
2011,3,3,5,0,19.4
2011,3,3,6,102,20.4
2011,3,3,7,320,22.2
2011,3,3,8,551,24.3
2011,3,3,9,557,25.2
2011,3,3,10,698,27.1
2011,3,3,11,741,27.9
2011,3,3,12,784,28.2
2011,3,3,13,921,27.8
2011,3,3,14,790,26.9
2011,3,3,15,604,25.5
2011,3,3,16,383,23.7
2011,3,3,17,95,22.2
2011,3,3,18,0,21.3
2011,3,3,19,0,21
2011,3,3,20,0,20.8
2011,3,3,21,0,20.7
2011,3,3,22,0,20.5
2011,3,3,23,0,20.3
2011,3,4,0,0,20.2
2011,3,4,1,0,20.1
2011,3,4,2,0,20
2011,3,4,3,0,20
2011,3,4,4,0,20
2011,3,4,5,0,20.3
2011,3,4,6,103,21.2
2011,3,4,7,314,22.2
2011,3,4,8,530,23.4
2011,3,4,9,717,24
2011,3,4,10,870,25.8
2011,3,4,11,946,26.5
2011,3,4,12,953,26.7
2011,3,4,13,894,26.5
2011,3,4,14,763,25.5
2011,3,4,15,487,24.1
2011,3,4,16,218,22.7
2011,3,4,17,148,21.7
2011,3,4,18,0,21
2011,3,4,19,0,20.7
2011,3,4,20,0,20.6
2011,3,4,21,0,20.3
2011,3,4,22,0,20
2011,3,4,23,0,19.6
2011,3,5,0,0,19.3
2011,3,5,1,0,19.1
2011,3,5,2,0,18.9
2011,3,5,3,0,18.8
2011,3,5,4,0,18.8
2011,3,5,5,0,19
2011,3,5,6,18,19.5
2011,3,5,7,63,20
2011,3,5,8,197,20.6
2011,3,5,9,207,21
2011,3,5,10,89,20.9
2011,3,5,11,337,20.8
2011,3,5,12,341,20.8
2011,3,5,13,356,20.9
2011,3,5,14,146,20.7
2011,3,5,15,220,20.4
2011,3,5,16,171,20
2011,3,5,17,58,19.6
2011,3,5,18,0,19.3
2011,3,5,19,0,19.2
2011,3,5,20,0,19.2
2011,3,5,21,0,19.2
2011,3,5,22,0,19.1
2011,3,5,23,0,19
2011,3,6,0,0,19
2011,3,6,1,0,18.9
2011,3,6,2,0,18.9
2011,3,6,3,0,18.9
2011,3,6,4,0,19
2011,3,6,5,0,19.1
2011,3,6,6,11,19.5
2011,3,6,7,321,19.8
2011,3,6,8,542,20.2
2011,3,6,9,734,20.4
2011,3,6,10,130,20.9
2011,3,6,11,147,21.3
2011,3,6,12,148,21.6
2011,3,6,13,194,21.7
2011,3,6,14,494,21.6
2011,3,6,15,350,21.3
2011,3,6,16,376,20.8
2011,3,6,17,151,20.2
2011,3,6,18,0,19.8
2011,3,6,19,0,19.7
2011,3,6,20,0,19.7
2011,3,6,21,0,19.6
2011,3,6,22,0,19.5
2011,3,6,23,0,19.5
2011,3,7,0,0,19.4
2011,3,7,1,0,19.3
2011,3,7,2,0,19.3
2011,3,7,3,0,19.3
2011,3,7,4,0,19.4
2011,3,7,5,0,19.8
2011,3,7,6,103,20.7
2011,3,7,7,318,21.4
2011,3,7,8,138,22
2011,3,7,9,720,22.4
2011,3,7,10,854,23
2011,3,7,11,930,23.4
2011,3,7,12,938,23.6
2011,3,7,13,879,23.6
2011,3,7,14,754,23.4
2011,3,7,15,576,23.1
2011,3,7,16,363,22.6
2011,3,7,17,143,21.9
2011,3,7,18,0,21.4
2011,3,7,19,0,21
2011,3,7,20,0,20.8
2011,3,7,21,0,20.6
2011,3,7,22,0,20.4
2011,3,7,23,0,20.1
2011,3,8,0,0,19.9
2011,3,8,1,0,19.6
2011,3,8,2,0,19.3
2011,3,8,3,0,19
2011,3,8,4,0,18.8
2011,3,8,5,0,19
2011,3,8,6,99,20.1
2011,3,8,7,316,21.6
2011,3,8,8,533,22.9
2011,3,8,9,721,23.6
2011,3,8,10,859,25.1
2011,3,8,11,934,25.7
2011,3,8,12,940,26.1
2011,3,8,13,877,26.2
2011,3,8,14,749,26.1
2011,3,8,15,568,25.6
2011,3,8,16,354,24.8
2011,3,8,17,134,23.6
2011,3,8,18,0,22.8
2011,3,8,19,0,22.5
2011,3,8,20,0,22.5
2011,3,8,21,0,22.4
2011,3,8,22,0,22.2
2011,3,8,23,0,21.9
2011,3,9,0,0,21.6
2011,3,9,1,0,21.2
2011,3,9,2,0,20.9
2011,3,9,3,0,20.7
2011,3,9,4,0,20.4
2011,3,9,5,0,20.6
2011,3,9,6,13,21.5
2011,3,9,7,36,23
2011,3,9,8,96,24.9
2011,3,9,9,241,25.9
2011,3,9,10,466,28.6
2011,3,9,11,662,29.4
2011,3,9,12,557,29.3
2011,3,9,13,565,28.9
2011,3,9,14,393,28.3
2011,3,9,15,395,27.7
2011,3,9,16,202,26.9
2011,3,9,17,65,25.9
2011,3,9,18,0,25.1
2011,3,9,19,0,24.5
2011,3,9,20,0,24.1
2011,3,9,21,0,23.6
2011,3,9,22,0,23.3
2011,3,9,23,0,23.1
2011,3,10,0,0,22.9
2011,3,10,1,0,22.8
2011,3,10,2,0,22.6
2011,3,10,3,0,22.5
2011,3,10,4,0,22.3
2011,3,10,5,0,22.4
2011,3,10,6,11,22.9
2011,3,10,7,33,23.9
2011,3,10,8,46,25.2
2011,3,10,9,94,25.8
2011,3,10,10,229,27.4
2011,3,10,11,392,27.6
2011,3,10,12,181,27.2
2011,3,10,13,337,26.4
2011,3,10,14,264,25.7
2011,3,10,15,324,25.1
2011,3,10,16,245,24.6
2011,3,10,17,9,23.9
2011,3,10,18,0,23.3
2011,3,10,19,0,22.9
2011,3,10,20,0,22.7
2011,3,10,21,0,22.4
2011,3,10,22,0,22.2
2011,3,10,23,0,22
2011,3,11,0,0,21.8
2011,3,11,1,0,21.7
2011,3,11,2,0,21.7
2011,3,11,3,0,21.7
2011,3,11,4,0,21.6
2011,3,11,5,0,21.8
2011,3,11,6,16,22.2
2011,3,11,7,48,22.6
2011,3,11,8,92,23.2
2011,3,11,9,483,23.6
2011,3,11,10,269,24.5
2011,3,11,11,256,24.8
2011,3,11,12,227,24.8
2011,3,11,13,325,24.6
2011,3,11,14,542,24.3
2011,3,11,15,450,23.9
2011,3,11,16,270,23.4
2011,3,11,17,65,22.8
2011,3,11,18,0,22.4
2011,3,11,19,0,22.3
2011,3,11,20,0,22.3
2011,3,11,21,0,22.3
2011,3,11,22,0,22.3
2011,3,11,23,0,22.4
2011,3,12,0,0,22.4
2011,3,12,1,0,22.2
2011,3,12,2,0,22.1
2011,3,12,3,0,22
2011,3,12,4,0,22
2011,3,12,5,0,22.2
2011,3,12,6,74,22.5
2011,3,12,7,267,23
2011,3,12,8,470,23.7
2011,3,12,9,648,24.1
2011,3,12,10,797,25.4
2011,3,12,11,870,25.9
2011,3,12,12,875,26.1
2011,3,12,13,814,26.2
2011,3,12,14,467,26.1
2011,3,12,15,203,25.9
2011,3,12,16,225,25.3
2011,3,12,17,71,24.5
2011,3,12,18,0,23.7
2011,3,12,19,0,23.3
2011,3,12,20,0,23.1
2011,3,12,21,0,22.9
2011,3,12,22,0,22.7
2011,3,12,23,0,22.5
2011,3,13,0,0,22.3
2011,3,13,1,0,22.1
2011,3,13,2,0,21.9
2011,3,13,3,0,21.8
2011,3,13,4,0,21.7
2011,3,13,5,0,22
2011,3,13,6,77,22.8
2011,3,13,7,279,24
2011,3,13,8,489,25.2
2011,3,13,9,669,25.8
2011,3,13,10,803,27.1
2011,3,13,11,875,27.6
2011,3,13,12,879,27.6
2011,3,13,13,819,27.4
2011,3,13,14,694,26.9
2011,3,13,15,518,26.3
2011,3,13,16,310,25.4
2011,3,13,17,103,24.4
2011,3,13,18,0,23.7
2011,3,13,19,0,23.4
2011,3,13,20,0,23.2
2011,3,13,21,0,23.1
2011,3,13,22,0,23
2011,3,13,23,0,22.8
2011,3,14,0,0,22.7
2011,3,14,1,0,22.5
2011,3,14,2,0,22.5
2011,3,14,3,0,22.5
2011,3,14,4,0,22.4
2011,3,14,5,0,22.6
2011,3,14,6,70,23.2
2011,3,14,7,263,24.3
2011,3,14,8,467,25.1
2011,3,14,9,235,25.2
2011,3,14,10,132,24.5
2011,3,14,11,116,24.1
2011,3,14,12,219,23.6
2011,3,14,13,193,23
2011,3,14,14,345,22.5
2011,3,14,15,226,22
2011,3,14,16,145,21.6
2011,3,14,17,45,21.3
2011,3,14,18,0,21.2
2011,3,14,19,0,21.2
2011,3,14,20,0,21.3
2011,3,14,21,0,21.2
2011,3,14,22,0,21.1
2011,3,14,23,0,21
2011,3,15,0,0,21
2011,3,15,1,0,21
2011,3,15,2,0,21
2011,3,15,3,0,21.1
2011,3,15,4,0,21.1
2011,3,15,5,0,21.2
2011,3,15,6,42,21.7
2011,3,15,7,162,22.2
2011,3,15,8,335,22.8
2011,3,15,9,409,23.1
2011,3,15,10,609,23.6
2011,3,15,11,263,23.8
2011,3,15,12,583,23.9
2011,3,15,13,793,23.8
2011,3,15,14,539,23.3
2011,3,15,15,207,22.6
2011,3,15,16,119,21.9
2011,3,15,17,36,21.2
2011,3,15,18,0,20.8
2011,3,15,19,0,20.7
2011,3,15,20,0,20.7
2011,3,15,21,0,20.7
2011,3,15,22,0,20.7
2011,3,15,23,0,20.6
2011,3,16,0,0,20.5
2011,3,16,1,0,20.4
2011,3,16,2,0,20.3
2011,3,16,3,0,20.1
2011,3,16,4,0,20
2011,3,16,5,0,20.2
2011,3,16,6,70,21
2011,3,16,7,269,22.4
2011,3,16,8,477,24.1
2011,3,16,9,658,24.8
2011,3,16,10,796,25.7
2011,3,16,11,860,25.6
2011,3,16,12,855,24.8
2011,3,16,13,785,23.9
2011,3,16,14,435,23.2
2011,3,16,15,197,22.6
2011,3,16,16,162,22
2011,3,16,17,31,21.5
2011,3,16,18,0,21.1
2011,3,16,19,0,20.9
2011,3,16,20,0,20.8
2011,3,16,21,0,20.8
2011,3,16,22,0,20.8
2011,3,16,23,0,20.8
2011,3,17,0,0,20.7
2011,3,17,1,0,20.7
2011,3,17,2,0,20.6
2011,3,17,3,0,20.6
2011,3,17,4,0,20.5
2011,3,17,5,0,20.6
2011,3,17,6,65,20.9
2011,3,17,7,260,21.2
2011,3,17,8,469,21.7
2011,3,17,9,649,21.9
2011,3,17,10,778,23.1
2011,3,17,11,849,23.6
2011,3,17,12,737,23.9
2011,3,17,13,673,23.7
2011,3,17,14,555,23.3
2011,3,17,15,484,22.8
2011,3,17,16,70,22.4
2011,3,17,17,83,22
2011,3,17,18,0,21.7
2011,3,17,19,0,21.6
2011,3,17,20,0,21.6
2011,3,17,21,0,21.5
2011,3,17,22,0,21.5
2011,3,17,23,0,21.4
2011,3,18,0,0,21.2
2011,3,18,1,0,21.1
2011,3,18,2,0,20.9
2011,3,18,3,0,20.7
2011,3,18,4,0,20.6
2011,3,18,5,0,20.5
2011,3,18,6,29,20.6
2011,3,18,7,114,21
2011,3,18,8,167,21.6
2011,3,18,9,245,22
2011,3,18,10,474,22.3
2011,3,18,11,67,22.5
2011,3,18,12,363,22.7
2011,3,18,13,448,22.7
2011,3,18,14,202,22.5
2011,3,18,15,231,22
2011,3,18,16,166,21.5
2011,3,18,17,43,21
2011,3,18,18,0,20.7
2011,3,18,19,0,20.7
2011,3,18,20,0,20.7
2011,3,18,21,0,20.7
2011,3,18,22,0,20.8
2011,3,18,23,0,20.8
2011,3,19,0,0,20.8
2011,3,19,1,0,20.8
2011,3,19,2,0,20.6
2011,3,19,3,0,20.5
2011,3,19,4,0,20.5
2011,3,19,5,0,20.6
2011,3,19,6,15,21
2011,3,19,7,67,21.5
2011,3,19,8,211,22.1
2011,3,19,9,116,22.4
2011,3,19,10,57,23.4
2011,3,19,11,54,23.7
2011,3,19,12,322,23.7
2011,3,19,13,363,23.6
2011,3,19,14,191,23.3
2011,3,19,15,263,22.8
2011,3,19,16,104,22.3
2011,3,19,17,26,21.7
2011,3,19,18,0,21.5
2011,3,19,19,0,21.5
2011,3,19,20,0,21.5
2011,3,19,21,0,21.6
2011,3,19,22,0,21.7
2011,3,19,23,0,21.8
2011,3,20,0,0,21.6
2011,3,20,1,0,21.3
2011,3,20,2,0,21.1
2011,3,20,3,0,21.1
2011,3,20,4,0,21
2011,3,20,5,0,21
2011,3,20,6,5,21.3
2011,3,20,7,10,21.6
2011,3,20,8,68,21.9
2011,3,20,9,171,22.2
2011,3,20,10,140,22.7
2011,3,20,11,334,22.7
2011,3,20,12,529,22.7
2011,3,20,13,221,22.6
2011,3,20,14,637,22.6
2011,3,20,15,469,22.4
2011,3,20,16,267,22.2
2011,3,20,17,73,21.9
2011,3,20,18,0,21.8
2011,3,20,19,0,21.8
2011,3,20,20,0,21.7
2011,3,20,21,0,21.5
2011,3,20,22,0,21.5
2011,3,20,23,0,21.5
2011,3,21,0,0,21.5
2011,3,21,1,0,21.5
2011,3,21,2,0,21.5
2011,3,21,3,0,21.5
2011,3,21,4,0,21.6
2011,3,21,5,0,21.7
2011,3,21,6,5,21.9
2011,3,21,7,12,22.3
2011,3,21,8,77,22.8
2011,3,21,9,610,23.1
2011,3,21,10,463,23.7
2011,3,21,11,635,23.9
2011,3,21,12,657,24
2011,3,21,13,423,23.9
2011,3,21,14,251,23.8
2011,3,21,15,112,23.5
2011,3,21,16,10,23.2
2011,3,21,17,4,22.9
2011,3,21,18,0,22.8
2011,3,21,19,0,22.7
2011,3,21,20,0,22.7
2011,3,21,21,0,22.7
2011,3,21,22,0,22.6
2011,3,21,23,0,22.5
2011,3,22,0,0,22.5
2011,3,22,1,0,22.3
2011,3,22,2,0,22.2
2011,3,22,3,0,22.1
2011,3,22,4,0,22
2011,3,22,5,0,22
2011,3,22,6,60,22.3
2011,3,22,7,256,22.9
2011,3,22,8,463,23.7
2011,3,22,9,449,24.1
2011,3,22,10,769,25.6
2011,3,22,11,839,26.2
2011,3,22,12,840,26.6
2011,3,22,13,776,26.7
2011,3,22,14,649,26.4
2011,3,22,15,473,25.9
2011,3,22,16,267,25.1
2011,3,22,17,38,24.2
2011,3,22,18,0,23.5
2011,3,22,19,0,23.3
2011,3,22,20,0,23.1
2011,3,22,21,0,22.9
2011,3,22,22,0,22.7
2011,3,22,23,0,22.5
2011,3,23,0,0,22.1
2011,3,23,1,0,21.8
2011,3,23,2,0,21.4
2011,3,23,3,0,21
2011,3,23,4,0,20.7
2011,3,23,5,0,20.6
2011,3,23,6,63,21.1
2011,3,23,7,263,22.3
2011,3,23,8,471,23.6
2011,3,23,9,650,24.3
2011,3,23,10,778,25.4
2011,3,23,11,846,25.9
2011,3,23,12,508,26.3
2011,3,23,13,782,26.6
2011,3,23,14,367,26.9
2011,3,23,15,476,26.9
2011,3,23,16,18,26.4
2011,3,23,17,5,25.3
2011,3,23,18,0,24.2
2011,3,23,19,0,23.4
2011,3,23,20,0,22.5
2011,3,23,21,0,21.4
2011,3,23,22,0,20.3
2011,3,23,23,0,19.6
2011,3,24,0,0,19.1
2011,3,24,1,0,18.7
2011,3,24,2,0,18.5
2011,3,24,3,0,18.4
2011,3,24,4,0,18.2
2011,3,24,5,0,18.3
2011,3,24,6,63,18.9
2011,3,24,7,266,19.9
2011,3,24,8,474,20.9
2011,3,24,9,653,21.4
2011,3,24,10,785,22.9
2011,3,24,11,853,23.8
2011,3,24,12,852,24.4
2011,3,24,13,646,24.6
2011,3,24,14,658,24.7
2011,3,24,15,482,24.5
2011,3,24,16,275,23.8
2011,3,24,17,70,22.8
2011,3,24,18,0,22
2011,3,24,19,0,21.4
2011,3,24,20,0,20.8
2011,3,24,21,0,20.2
2011,3,24,22,0,19.6
2011,3,24,23,0,19.2
2011,3,25,0,0,18.9
2011,3,25,1,0,18.7
2011,3,25,2,0,18.6
2011,3,25,3,0,18.5
2011,3,25,4,0,18.3
2011,3,25,5,0,18.4
2011,3,25,6,61,18.9
2011,3,25,7,264,19.7
2011,3,25,8,470,20.5
2011,3,25,9,647,21
2011,3,25,10,775,22.4
2011,3,25,11,488,23.1
2011,3,25,12,251,23.5
2011,3,25,13,494,23.6
2011,3,25,14,651,23.6
2011,3,25,15,154,23.6
2011,3,25,16,98,23.1
2011,3,25,17,20,22.3
2011,3,25,18,0,21.6
2011,3,25,19,0,21.2
2011,3,25,20,0,20.8
2011,3,25,21,0,20.3
2011,3,25,22,0,19.8
2011,3,25,23,0,19.4
2011,3,26,0,0,19.1
2011,3,26,1,0,18.9
2011,3,26,2,0,18.8
2011,3,26,3,0,18.7
2011,3,26,4,0,18.6
2011,3,26,5,0,18.6
2011,3,26,6,4,18.9
2011,3,26,7,17,19.5
2011,3,26,8,35,20.1
2011,3,26,9,194,20.4
2011,3,26,10,107,20.8
2011,3,26,11,338,21
2011,3,26,12,340,21.2
2011,3,26,13,749,21.3
2011,3,26,14,302,21.1
2011,3,26,15,208,20.8
2011,3,26,16,124,20.4
2011,3,26,17,24,19.9
2011,3,26,18,0,19.6
2011,3,26,19,0,19.4
2011,3,26,20,0,19.3
2011,3,26,21,0,19.1
2011,3,26,22,0,18.9
2011,3,26,23,0,18.7
2011,3,27,0,0,18.6
2011,3,27,1,0,18.5
2011,3,27,2,0,18.5
2011,3,27,3,0,18.7
2011,3,27,4,0,18.7
2011,3,27,5,0,18.9
2011,3,27,6,11,19.3
2011,3,27,7,59,19.7
2011,3,27,8,126,20.1
2011,3,27,9,244,20.3
2011,3,27,10,64,20.7
2011,3,27,11,271,20.7
2011,3,27,12,395,20.6
2011,3,27,13,255,20.5
2011,3,27,14,230,20.4
2011,3,27,15,225,20.4
2011,3,27,16,18,20.2
2011,3,27,17,4,19.9
2011,3,27,18,0,19.8
2011,3,27,19,0,19.9
2011,3,27,20,0,19.9
2011,3,27,21,0,19.9
2011,3,27,22,0,19.9
2011,3,27,23,0,19.8
2011,3,28,0,0,19.8
2011,3,28,1,0,19.7
2011,3,28,2,0,19.6
2011,3,28,3,0,19.5
2011,3,28,4,0,19.6
2011,3,28,5,0,19.7
2011,3,28,6,54,20.3
2011,3,28,7,253,21.2
2011,3,28,8,119,21.8
2011,3,28,9,639,22
2011,3,28,10,758,22.6
2011,3,28,11,825,22.8
2011,3,28,12,824,22.8
2011,3,28,13,760,22.8
2011,3,28,14,633,22.7
2011,3,28,15,457,22.4
2011,3,28,16,250,22
2011,3,28,17,53,21.3
2011,3,28,18,0,20.9
2011,3,28,19,0,20.7
2011,3,28,20,0,20.7
2011,3,28,21,0,20.6
2011,3,28,22,0,20.5
2011,3,28,23,0,20.5
2011,3,29,0,0,20.3
2011,3,29,1,0,20.1
2011,3,29,2,0,19.9
2011,3,29,3,0,19.8
2011,3,29,4,0,19.6
2011,3,29,5,0,19.6
2011,3,29,6,10,20.1
2011,3,29,7,56,20.8
2011,3,29,8,195,21.4
2011,3,29,9,195,21.8
2011,3,29,10,757,23.2
2011,3,29,11,823,24
2011,3,29,12,824,24.5
2011,3,29,13,758,24.7
2011,3,29,14,629,24.6
2011,3,29,15,451,24.3
2011,3,29,16,244,23.7
2011,3,29,17,49,22.9
2011,3,29,18,0,22.3
2011,3,29,19,0,22.1
2011,3,29,20,0,21.9
2011,3,29,21,0,21.7
2011,3,29,22,0,21.4
2011,3,29,23,0,21.2
2011,3,30,0,0,21
2011,3,30,1,0,20.8
2011,3,30,2,0,20.5
2011,3,30,3,0,20.3
2011,3,30,4,0,20
2011,3,30,5,0,19.9
2011,3,30,6,45,20.3
2011,3,30,7,234,21.2
2011,3,30,8,437,22.5
2011,3,30,9,612,23.3
2011,3,30,10,743,25.2
2011,3,30,11,809,26.2
2011,3,30,12,810,26.8
2011,3,30,13,309,27.1
2011,3,30,14,374,27
2011,3,30,15,435,26.5
2011,3,30,16,223,25.6
2011,3,30,17,43,24.3
2011,3,30,18,0,23.3
2011,3,30,19,0,22.7
2011,3,30,20,0,22.4
2011,3,30,21,0,22
2011,3,30,22,0,21.6
2011,3,30,23,0,21.2
2011,3,31,0,0,20.9
2011,3,31,1,0,20.9
2011,3,31,2,0,20.8
2011,3,31,3,0,20.7
2011,3,31,4,0,20.5
2011,3,31,5,0,20.4
2011,3,31,6,4,20.6
2011,3,31,7,15,20.8
2011,3,31,8,33,21
2011,3,31,9,78,21
2011,3,31,10,133,20.9
2011,3,31,11,127,20.7
2011,3,31,12,151,20.5
2011,3,31,13,167,20.4
2011,3,31,14,84,20.3
2011,3,31,15,57,20.1
2011,3,31,16,53,19.9
2011,3,31,17,9,19.6
2011,3,31,18,0,19.4
2011,3,31,19,0,19.4
2011,3,31,20,0,19.5
2011,3,31,21,0,19.5
2011,3,31,22,0,19.5
2011,3,31,23,0,19.4
2011,4,1,0,0,19.3
2011,4,1,1,0,19.2
2011,4,1,2,0,19.1
2011,4,1,3,0,18.9
2011,4,1,4,0,18.9
2011,4,1,5,0,19
2011,4,1,6,19,19.5
2011,4,1,7,225,20.3
2011,4,1,8,427,20.9
2011,4,1,9,601,21.2
2011,4,1,10,499,22.1
2011,4,1,11,385,22.7
2011,4,1,12,354,23.1
2011,4,1,13,727,23.4
2011,4,1,14,597,23.4
2011,4,1,15,420,23.1
2011,4,1,16,219,22.4
2011,4,1,17,36,21.5
2011,4,1,18,0,21
2011,4,1,19,0,20.8
2011,4,1,20,0,20.6
2011,4,1,21,0,20.5
2011,4,1,22,0,20.3
2011,4,1,23,0,19.9
2011,4,2,0,0,19.5
2011,4,2,1,0,19.1
2011,4,2,2,0,18.8
2011,4,2,3,0,18.5
2011,4,2,4,0,18.5
2011,4,2,5,0,18.8
2011,4,2,6,37,19.6
2011,4,2,7,221,20.6
2011,4,2,8,312,21.2
2011,4,2,9,592,21.3
2011,4,2,10,60,21.3
2011,4,2,11,323,21
2011,4,2,12,541,20.7
2011,4,2,13,337,20.5
2011,4,2,14,297,20.4
2011,4,2,15,151,20.1
2011,4,2,16,73,19.6
2011,4,2,17,10,19.2
2011,4,2,18,0,18.9
2011,4,2,19,0,18.8
2011,4,2,20,0,18.8
2011,4,2,21,0,18.8
2011,4,2,22,0,18.7
2011,4,2,23,0,18.6
2011,4,3,0,0,18.5
2011,4,3,1,0,18.4
2011,4,3,2,0,18.3
2011,4,3,3,0,18.2
2011,4,3,4,0,18.1
2011,4,3,5,0,18.1
2011,4,3,6,38,18.5
2011,4,3,7,223,19.5
2011,4,3,8,427,20.3
2011,4,3,9,604,20.6
2011,4,3,10,737,21.6
2011,4,3,11,803,22.2
2011,4,3,12,801,22.6
2011,4,3,13,736,22.8
2011,4,3,14,606,22.7
2011,4,3,15,427,22.3
2011,4,3,16,218,21.4
2011,4,3,17,32,20.4
2011,4,3,18,0,19.8
2011,4,3,19,0,19.5
2011,4,3,20,0,19.3
2011,4,3,21,0,19.1
2011,4,3,22,0,19
2011,4,3,23,0,19
2011,4,4,0,0,19
2011,4,4,1,0,18.9
2011,4,4,2,0,18.9
2011,4,4,3,0,18.9
2011,4,4,4,0,18.8
2011,4,4,5,0,18.9
2011,4,4,6,17,19.3
2011,4,4,7,214,19.9
2011,4,4,8,415,20.2
2011,4,4,9,589,20.4
2011,4,4,10,718,20.7
2011,4,4,11,782,20.8
2011,4,4,12,783,21
2011,4,4,13,714,21
2011,4,4,14,390,20.9
2011,4,4,15,298,20.6
2011,4,4,16,140,20.1
2011,4,4,17,16,19.7
2011,4,4,18,0,19.4
2011,4,4,19,0,19.3
2011,4,4,20,0,19.1
2011,4,4,21,0,19
2011,4,4,22,0,18.8
2011,4,4,23,0,18.8
2011,4,5,0,0,18.7
2011,4,5,1,0,18.5
2011,4,5,2,0,18.4
2011,4,5,3,0,18.3
2011,4,5,4,0,18.3
2011,4,5,5,0,18.3
2011,4,5,6,3,18.5
2011,4,5,7,15,18.9
2011,4,5,8,79,19.3
2011,4,5,9,583,19.6
2011,4,5,10,282,20
2011,4,5,11,776,20.1
2011,4,5,12,774,20.2
2011,4,5,13,162,20.1
2011,4,5,14,572,20
2011,4,5,15,400,19.9
2011,4,5,16,34,19.6
2011,4,5,17,25,19.3
2011,4,5,18,0,19.2
2011,4,5,19,0,19.2
2011,4,5,20,0,19.1
2011,4,5,21,0,19
2011,4,5,22,0,18.9
2011,4,5,23,0,18.8
2011,4,6,0,0,18.7
2011,4,6,1,0,18.6
2011,4,6,2,0,18.4
2011,4,6,3,0,18.2
2011,4,6,4,0,18
2011,4,6,5,0,18
2011,4,6,6,3,18.6
2011,4,6,7,14,19.4
2011,4,6,8,104,20
2011,4,6,9,48,20.4
2011,4,6,10,125,21
2011,4,6,11,778,21.2
2011,4,6,12,775,21.3
2011,4,6,13,701,21.4
2011,4,6,14,577,21.3
2011,4,6,15,404,21.1
2011,4,6,16,26,20.7
2011,4,6,17,24,20.1
2011,4,6,18,0,19.9
2011,4,6,19,0,19.8
2011,4,6,20,0,19.8
2011,4,6,21,0,19.8
2011,4,6,22,0,19.7
2011,4,6,23,0,19.6
2011,4,7,0,0,19.5
2011,4,7,1,0,19.4
2011,4,7,2,0,19.3
2011,4,7,3,0,19.1
2011,4,7,4,0,19
2011,4,7,5,0,19
2011,4,7,6,35,19.5
2011,4,7,7,223,20.3
2011,4,7,8,426,20.9
2011,4,7,9,600,21.2
2011,4,7,10,715,21.9
2011,4,7,11,780,22.2
2011,4,7,12,778,22.3
2011,4,7,13,712,22.2
2011,4,7,14,581,22
2011,4,7,15,404,21.6
2011,4,7,16,200,21
2011,4,7,17,22,20.4
2011,4,7,18,0,20.2
2011,4,7,19,0,20.1
2011,4,7,20,0,20.1
2011,4,7,21,0,20.1
2011,4,7,22,0,20
2011,4,7,23,0,19.9
2011,4,8,0,0,19.8
2011,4,8,1,0,19.7
2011,4,8,2,0,19.6
2011,4,8,3,0,19.6
2011,4,8,4,0,19.5
2011,4,8,5,0,19.3
2011,4,8,6,12,19.6
2011,4,8,7,218,20.5
2011,4,8,8,421,21.2
2011,4,8,9,336,21.5
2011,4,8,10,467,22.1
2011,4,8,11,779,22.4
2011,4,8,12,774,22.5
2011,4,8,13,708,22.6
2011,4,8,14,400,22.4
2011,4,8,15,400,22.2
2011,4,8,16,196,21.6
2011,4,8,17,20,20.9
2011,4,8,18,0,20.5
2011,4,8,19,0,20.3
2011,4,8,20,0,20.2
2011,4,8,21,0,20.1
2011,4,8,22,0,20.1
2011,4,8,23,0,19.9
2011,4,9,0,0,19.5
2011,4,9,1,0,18.9
2011,4,9,2,0,18.3
2011,4,9,3,0,17.9
2011,4,9,4,0,17.5
2011,4,9,5,0,17.3
2011,4,9,6,30,18
2011,4,9,7,215,19.3
2011,4,9,8,417,20.7
2011,4,9,9,590,21.5
2011,4,9,10,715,23.3
2011,4,9,11,780,24.1
2011,4,9,12,776,24.7
2011,4,9,13,710,24.9
2011,4,9,14,579,24.9
2011,4,9,15,401,24.5
2011,4,9,16,197,23.4
2011,4,9,17,19,22.2
2011,4,9,18,0,21.4
2011,4,9,19,0,21
2011,4,9,20,0,20.7
2011,4,9,21,0,20.4
2011,4,9,22,0,20.1
2011,4,9,23,0,19.7
2011,4,10,0,0,19.3
2011,4,10,1,0,18.9
2011,4,10,2,0,18.5
2011,4,10,3,0,18.2
2011,4,10,4,0,18
2011,4,10,5,0,17.9
2011,4,10,6,29,18.5
2011,4,10,7,210,19.8
2011,4,10,8,409,21.4
2011,4,10,9,492,22.3
2011,4,10,10,500,24.7
2011,4,10,11,459,25.7
2011,4,10,12,154,26.1
2011,4,10,13,36,25.9
2011,4,10,14,37,25.5
2011,4,10,15,119,24.7
2011,4,10,16,50,23.2
2011,4,10,17,4,21
2011,4,10,18,0,19.2
2011,4,10,19,0,18.1
2011,4,10,20,0,17.7
2011,4,10,21,0,17.5
2011,4,10,22,0,17.4
2011,4,10,23,0,17.5
2011,4,11,0,0,17.4
2011,4,11,1,0,17
2011,4,11,2,0,16.6
2011,4,11,3,0,16.1
2011,4,11,4,0,15.7
2011,4,11,5,0,15.4
2011,4,11,6,26,15.4
2011,4,11,7,207,15.7
2011,4,11,8,409,16.4
2011,4,11,9,504,16.9
2011,4,11,10,709,18.6
2011,4,11,11,773,19.5
2011,4,11,12,768,20.1
2011,4,11,13,698,20.4
2011,4,11,14,457,20.4
2011,4,11,15,205,20.3
2011,4,11,16,83,19.9
2011,4,11,17,4,19.5
2011,4,11,18,0,19.1
2011,4,11,19,0,18.6
2011,4,11,20,0,18
2011,4,11,21,0,17.3
2011,4,11,22,0,16.6
2011,4,11,23,0,15.9
2011,4,12,0,0,15.3
2011,4,12,1,0,15
2011,4,12,2,0,14.7
2011,4,12,3,0,14.4
2011,4,12,4,0,14.1
2011,4,12,5,0,13.8
2011,4,12,6,27,14.3
2011,4,12,7,209,15.4
2011,4,12,8,410,16.7
2011,4,12,9,583,17.3
2011,4,12,10,710,18.8
2011,4,12,11,539,19.6
2011,4,12,12,767,20.3
2011,4,12,13,693,20.8
2011,4,12,14,563,21.1
2011,4,12,15,387,21
2011,4,12,16,183,20.3
2011,4,12,17,0,19.5
2011,4,12,18,0,18.8
2011,4,12,19,0,18.3
2011,4,12,20,0,17.7
2011,4,12,21,0,17
2011,4,12,22,0,16.4
2011,4,12,23,0,16
2011,4,13,0,0,15.7
2011,4,13,1,0,15.4
2011,4,13,2,0,15.3
2011,4,13,3,0,15.1
2011,4,13,4,0,15
2011,4,13,5,0,14.9
2011,4,13,6,26,15.4
2011,4,13,7,209,16.6
2011,4,13,8,411,17.9
2011,4,13,9,586,18.5
2011,4,13,10,707,20.1
2011,4,13,11,768,21.1
2011,4,13,12,760,22
2011,4,13,13,339,22.5
2011,4,13,14,365,22.6
2011,4,13,15,147,22.2
2011,4,13,16,60,21.4
2011,4,13,17,0,20.4
2011,4,13,18,0,19.7
2011,4,13,19,0,19.2
2011,4,13,20,0,18.6
2011,4,13,21,0,18.1
2011,4,13,22,0,17.7
2011,4,13,23,0,17.2
2011,4,14,0,0,16.8
2011,4,14,1,0,16.4
2011,4,14,2,0,16.2
2011,4,14,3,0,15.9
2011,4,14,4,0,15.7
2011,4,14,5,0,15.6
2011,4,14,6,23,16
2011,4,14,7,202,17.2
2011,4,14,8,402,18.3
2011,4,14,9,574,18.9
2011,4,14,10,695,20.2
2011,4,14,11,754,21
2011,4,14,12,746,21.7
2011,4,14,13,680,22.2
2011,4,14,14,547,22.4
2011,4,14,15,280,22.3
2011,4,14,16,118,21.7
2011,4,14,17,0,20.8
2011,4,14,18,0,20.2
2011,4,14,19,0,19.7
2011,4,14,20,0,19.2
2011,4,14,21,0,18.7
2011,4,14,22,0,18.2
2011,4,14,23,0,17.7
2011,4,15,0,0,17.3
2011,4,15,1,0,16.9
2011,4,15,2,0,16.7
2011,4,15,3,0,16.5
2011,4,15,4,0,16.5
2011,4,15,5,0,16.6
2011,4,15,6,21,17.1
2011,4,15,7,195,18.1
2011,4,15,8,394,19
2011,4,15,9,564,19.4
2011,4,15,10,427,20.4
2011,4,15,11,543,21
2011,4,15,12,433,21.2
2011,4,15,13,332,21.2
2011,4,15,14,229,21
2011,4,15,15,246,20.6
2011,4,15,16,102,20.2
2011,4,15,17,0,19.8
2011,4,15,18,0,19.6
2011,4,15,19,0,19.5
2011,4,15,20,0,19.5
2011,4,15,21,0,19.4
2011,4,15,22,0,19.4
2011,4,15,23,0,19.3
2011,4,16,0,0,19.2
2011,4,16,1,0,19.2
2011,4,16,2,0,19.1
2011,4,16,3,0,19.1
2011,4,16,4,0,19.1
2011,4,16,5,0,19
2011,4,16,6,4,18.9
2011,4,16,7,20,19.1
2011,4,16,8,43,19.2
2011,4,16,9,97,19.3
2011,4,16,10,57,19.6
2011,4,16,11,131,19.7
2011,4,16,12,133,19.8
2011,4,16,13,210,19.8
2011,4,16,14,125,19.6
2011,4,16,15,134,19.4
2011,4,16,16,53,19.1
2011,4,16,17,0,18.9
2011,4,16,18,0,18.8
2011,4,16,19,0,18.7
2011,4,16,20,0,18.7
2011,4,16,21,0,18.5
2011,4,16,22,0,18.4
2011,4,16,23,0,18.3
2011,4,17,0,0,18.2
2011,4,17,1,0,18.1
2011,4,17,2,0,18.2
2011,4,17,3,0,18.3
2011,4,17,4,0,18.4
2011,4,17,5,0,18.4
2011,4,17,6,2,18.6
2011,4,17,7,16,19
2011,4,17,8,36,19.4
2011,4,17,9,312,19.6
2011,4,17,10,55,20.1
2011,4,17,11,333,20.3
2011,4,17,12,218,20.4
2011,4,17,13,477,20.4
2011,4,17,14,237,20.3
2011,4,17,15,239,20
2011,4,17,16,93,19.5
2011,4,17,17,0,19
2011,4,17,18,0,18.8
2011,4,17,19,0,18.6
2011,4,17,20,0,18.5
2011,4,17,21,0,18.5
2011,4,17,22,0,18.4
2011,4,17,23,0,18.3
2011,4,18,0,0,18.2
2011,4,18,1,0,18
2011,4,18,2,0,17.9
2011,4,18,3,0,17.8
2011,4,18,4,0,17.8
2011,4,18,5,0,17.7
2011,4,18,6,7,17.8
2011,4,18,7,116,18.5
2011,4,18,8,387,19.4
2011,4,18,9,558,19.9
2011,4,18,10,677,20.8
2011,4,18,11,737,21.2
2011,4,18,12,731,21.6
2011,4,18,13,661,21.8
2011,4,18,14,529,21.9
2011,4,18,15,352,21.6
2011,4,18,16,154,20.8
2011,4,18,17,0,19.9
2011,4,18,18,0,19.4
2011,4,18,19,0,19.1
2011,4,18,20,0,18.8
2011,4,18,21,0,18.6
2011,4,18,22,0,18.3
2011,4,18,23,0,18
2011,4,19,0,0,17.6
2011,4,19,1,0,17.3
2011,4,19,2,0,17
2011,4,19,3,0,16.7
2011,4,19,4,0,16.3
2011,4,19,5,0,16
2011,4,19,6,16,16.2
2011,4,19,7,182,17.1
2011,4,19,8,177,18.5
2011,4,19,9,369,19.3
2011,4,19,10,488,21.9
2011,4,19,11,474,23
2011,4,19,12,551,23.3
2011,4,19,13,650,23.2
2011,4,19,14,519,23
2011,4,19,15,343,22.5
2011,4,19,16,56,21.6
2011,4,19,17,0,20.6
2011,4,19,18,0,20.1
2011,4,19,19,0,20
2011,4,19,20,0,20.1
2011,4,19,21,0,20
2011,4,19,22,0,19.7
2011,4,19,23,0,19.3
2011,4,20,0,0,18.9
2011,4,20,1,0,18.5
2011,4,20,2,0,18.2
2011,4,20,3,0,17.8
2011,4,20,4,0,17.5
2011,4,20,5,0,17.3
2011,4,20,6,13,17.5
2011,4,20,7,16,18.1
2011,4,20,8,34,18.6
2011,4,20,9,343,18.7
2011,4,20,10,480,19.3
2011,4,20,11,384,20
2011,4,20,12,130,20.7
2011,4,20,13,109,21.3
2011,4,20,14,85,21.3
2011,4,20,15,240,21
2011,4,20,16,96,20.6
2011,4,20,17,0,20.3
2011,4,20,18,0,20.2
2011,4,20,19,0,20.1
2011,4,20,20,0,19.6
2011,4,20,21,0,19
2011,4,20,22,0,18.4
2011,4,20,23,0,18.1
2011,4,21,0,0,17.9
2011,4,21,1,0,17.9
2011,4,21,2,0,17.9
2011,4,21,3,0,17.8
2011,4,21,4,0,17.6
2011,4,21,5,0,17.3
2011,4,21,6,13,17.5
2011,4,21,7,176,18.2
2011,4,21,8,368,19.3
2011,4,21,9,533,19.9
2011,4,21,10,652,21.5
2011,4,21,11,710,22.3
2011,4,21,12,702,23
2011,4,21,13,631,23.5
2011,4,21,14,502,23.8
2011,4,21,15,329,23.7
2011,4,21,16,137,22.8
2011,4,21,17,0,21.7
2011,4,21,18,0,20.9
2011,4,21,19,0,20.2
2011,4,21,20,0,19.6
2011,4,21,21,0,19.1
2011,4,21,22,0,18.5
2011,4,21,23,0,18
2011,4,22,0,0,17.5
2011,4,22,1,0,17.1
2011,4,22,2,0,16.6
2011,4,22,3,0,16.2
2011,4,22,4,0,15.9
2011,4,22,5,0,15.7
2011,4,22,6,1,16
2011,4,22,7,11,17.1
2011,4,22,8,361,18.9
2011,4,22,9,525,20
2011,4,22,10,647,22.6
2011,4,22,11,701,23.6
2011,4,22,12,494,24.1
2011,4,22,13,444,24.2
2011,4,22,14,320,24
2011,4,22,15,254,23.2
2011,4,22,16,98,22
2011,4,22,17,0,20.9
2011,4,22,18,0,19.9
2011,4,22,19,0,19
2011,4,22,20,0,18.3
2011,4,22,21,0,17.8
2011,4,22,22,0,17.4
2011,4,22,23,0,17.2
2011,4,23,0,0,17.2
2011,4,23,1,0,17.1
2011,4,23,2,0,16.9
2011,4,23,3,0,16.7
2011,4,23,4,0,16.6
2011,4,23,5,0,16.5
2011,4,23,6,0,16.9
2011,4,23,7,11,17.6
2011,4,23,8,26,18.2
2011,4,23,9,52,18.5
2011,4,23,10,80,19.3
2011,4,23,11,102,19.4
2011,4,23,12,119,19.5
2011,4,23,13,147,19.7
2011,4,23,14,356,19.7
2011,4,23,15,116,19.5
2011,4,23,16,121,18.9
2011,4,23,17,0,18.4
2011,4,23,18,0,18.3
2011,4,23,19,0,18.4
2011,4,23,20,0,18.5
2011,4,23,21,0,18.6
2011,4,23,22,0,18.6
2011,4,23,23,0,18.6
2011,4,24,0,0,18.5
2011,4,24,1,0,18.4
2011,4,24,2,0,18.3
2011,4,24,3,0,18.3
2011,4,24,4,0,18.2
2011,4,24,5,0,18.3
2011,4,24,6,0,18.5
2011,4,24,7,161,18.9
2011,4,24,8,52,19.5
2011,4,24,9,507,19.8
2011,4,24,10,617,20.8
2011,4,24,11,672,21.2
2011,4,24,12,154,21.4
2011,4,24,13,591,21.3
2011,4,24,14,461,21.2
2011,4,24,15,296,20.8
2011,4,24,16,19,20.2
2011,4,24,17,0,19.6
2011,4,24,18,0,19.3
2011,4,24,19,0,19.2
2011,4,24,20,0,19.1
2011,4,24,21,0,19
2011,4,24,22,0,18.9
2011,4,24,23,0,18.8
2011,4,25,0,0,18.7
2011,4,25,1,0,18.6
2011,4,25,2,0,18.5
2011,4,25,3,0,18.5
2011,4,25,4,0,18.4
2011,4,25,5,0,18.4
2011,4,25,6,0,18.6
2011,4,25,7,10,19.1
2011,4,25,8,24,19.6
2011,4,25,9,117,19.8
2011,4,25,10,58,20.4
2011,4,25,11,122,20.7
2011,4,25,12,87,20.8
2011,4,25,13,80,20.7
2011,4,25,14,84,20.5
2011,4,25,15,76,20.2
2011,4,25,16,25,19.7
2011,4,25,17,0,19.2
2011,4,25,18,0,19.1
2011,4,25,19,0,19.1
2011,4,25,20,0,19.1
2011,4,25,21,0,19
2011,4,25,22,0,19
2011,4,25,23,0,19
2011,4,26,0,0,19
2011,4,26,1,0,19
2011,4,26,2,0,18.8
2011,4,26,3,0,18.7
2011,4,26,4,0,18.6
2011,4,26,5,0,18.6
2011,4,26,6,0,18.8
2011,4,26,7,10,19.2
2011,4,26,8,25,19.5
2011,4,26,9,81,19.6
2011,4,26,10,617,19.9
2011,4,26,11,72,20
2011,4,26,12,193,19.9
2011,4,26,13,347,19.8
2011,4,26,14,224,19.7
2011,4,26,15,38,19.6
2011,4,26,16,13,19.2
2011,4,26,17,0,18.9
2011,4,26,18,0,18.8
2011,4,26,19,0,18.7
2011,4,26,20,0,18.6
2011,4,26,21,0,18.6
2011,4,26,22,0,18.5
2011,4,26,23,0,18.4
2011,4,27,0,0,18.3
2011,4,27,1,0,18.3
2011,4,27,2,0,18.2
2011,4,27,3,0,18.2
2011,4,27,4,0,18.2
2011,4,27,5,0,18.1
2011,4,27,6,0,18.1
2011,4,27,7,162,18.3
2011,4,27,8,198,18.6
2011,4,27,9,517,18.8
2011,4,27,10,69,19
2011,4,27,11,312,19.1
2011,4,27,12,273,19.2
2011,4,27,13,69,19.1
2011,4,27,14,302,19
2011,4,27,15,21,18.8
2011,4,27,16,7,18.6
2011,4,27,17,0,18.4
2011,4,27,18,0,18.3
2011,4,27,19,0,18.1
2011,4,27,20,0,17.9
2011,4,27,21,0,17.7
2011,4,27,22,0,17.6
2011,4,27,23,0,17.6
2011,4,28,0,0,17.6
2011,4,28,1,0,17.5
2011,4,28,2,0,17.4
2011,4,28,3,0,17.4
2011,4,28,4,0,17.4
2011,4,28,5,0,17.5
2011,4,28,6,0,17.8
2011,4,28,7,63,18.2
2011,4,28,8,162,18.6
2011,4,28,9,113,18.9
2011,4,28,10,99,19.4
2011,4,28,11,310,19.6
2011,4,28,12,406,19.8
2011,4,28,13,387,20
2011,4,28,14,112,19.9
2011,4,28,15,289,19.6
2011,4,28,16,106,19.2
2011,4,28,17,0,18.8
2011,4,28,18,0,18.8
2011,4,28,19,0,18.7
2011,4,28,20,0,18.6
2011,4,28,21,0,18.5
2011,4,28,22,0,18.3
2011,4,28,23,0,18.1
2011,4,29,0,0,18
2011,4,29,1,0,18
2011,4,29,2,0,18.1
2011,4,29,3,0,18.2
2011,4,29,4,0,18.3
2011,4,29,5,0,18.4
2011,4,29,6,0,18.7
2011,4,29,7,147,19.2
2011,4,29,8,332,19.7
2011,4,29,9,490,19.9
2011,4,29,10,107,20.4
2011,4,29,11,417,20.6
2011,4,29,12,235,20.5
2011,4,29,13,291,20.2
2011,4,29,14,144,20
2011,4,29,15,169,19.6
2011,4,29,16,53,19
2011,4,29,17,0,18.6
2011,4,29,18,0,18.5
2011,4,29,19,0,18.4
2011,4,29,20,0,18.5
2011,4,29,21,0,18.4
2011,4,29,22,0,18.4
2011,4,29,23,0,18.4
2011,4,30,0,0,18.4
2011,4,30,1,0,18.5
2011,4,30,2,0,18.5
2011,4,30,3,0,18.5
2011,4,30,4,0,18.6
2011,4,30,5,0,18.6
2011,4,30,6,0,18.8
2011,4,30,7,57,19.4
2011,4,30,8,150,20
2011,4,30,9,106,20.2
2011,4,30,10,320,20.9
2011,4,30,11,655,21.2
2011,4,30,12,35,21.4
2011,4,30,13,177,21.3
2011,4,30,14,453,21
2011,4,30,15,128,20.7
2011,4,30,16,100,20
2011,4,30,17,0,19.5
2011,4,30,18,0,19.3
2011,4,30,19,0,19.2
2011,4,30,20,0,19.2
2011,4,30,21,0,19.1
2011,4,30,22,0,18.9
2011,4,30,23,0,18.7
2011,5,1,0,0,18.5
2011,5,1,1,0,18.1
2011,5,1,2,0,17.9
2011,5,1,3,0,17.7
2011,5,1,4,0,17.5
2011,5,1,5,0,17.4
2011,5,1,6,0,17.7
2011,5,1,7,149,18.6
2011,5,1,8,336,19.5
2011,5,1,9,499,19.9
2011,5,1,10,615,20.7
2011,5,1,11,670,21
2011,5,1,12,662,21.2
2011,5,1,13,591,21.1
2011,5,1,14,358,20.9
2011,5,1,15,290,20.4
2011,5,1,16,38,19.5
2011,5,1,17,0,18.7
2011,5,1,18,0,18.4
2011,5,1,19,0,18.4
2011,5,1,20,0,18.4
2011,5,1,21,0,18.2
2011,5,1,22,0,17.9
2011,5,1,23,0,17.6
2011,5,2,0,0,17.3
2011,5,2,1,0,17.1
2011,5,2,2,0,17
2011,5,2,3,0,16.9
2011,5,2,4,0,16.9
2011,5,2,5,0,16.9
2011,5,2,6,0,17.2
2011,5,2,7,36,18
2011,5,2,8,88,18.9
2011,5,2,9,106,19.2
2011,5,2,10,133,19.6
2011,5,2,11,127,19.6
2011,5,2,12,229,19.5
2011,5,2,13,197,19.4
2011,5,2,14,259,19.2
2011,5,2,15,137,19
2011,5,2,16,44,18.5
2011,5,2,17,0,18.1
2011,5,2,18,0,17.9
2011,5,2,19,0,17.8
2011,5,2,20,0,17.8
2011,5,2,21,0,17.7
2011,5,2,22,0,17.5
2011,5,2,23,0,17.4
2011,5,3,0,0,17.3
2011,5,3,1,0,17.1
2011,5,3,2,0,17
2011,5,3,3,0,16.9
2011,5,3,4,0,16.9
2011,5,3,5,0,16.8
2011,5,3,6,0,16.8
2011,5,3,7,21,17
2011,5,3,8,50,17.3
2011,5,3,9,36,17.4
2011,5,3,10,73,17.8
2011,5,3,11,103,18.1
2011,5,3,12,101,18.4
2011,5,3,13,164,18.6
2011,5,3,14,140,18.7
2011,5,3,15,180,18.6
2011,5,3,16,53,18.3
2011,5,3,17,0,18.1
2011,5,3,18,0,18
2011,5,3,19,0,17.9
2011,5,3,20,0,17.8
2011,5,3,21,0,17.7
2011,5,3,22,0,17.5
2011,5,3,23,0,17.3
2011,5,4,0,0,17
2011,5,4,1,0,16.8
2011,5,4,2,0,16.7
2011,5,4,3,0,16.7
2011,5,4,4,0,16.8
2011,5,4,5,0,16.8
2011,5,4,6,0,17.1
2011,5,4,7,84,17.6
2011,5,4,8,307,18.2
2011,5,4,9,464,18.4
2011,5,4,10,581,19.3
2011,5,4,11,637,19.7
2011,5,4,12,629,19.9
2011,5,4,13,567,20
2011,5,4,14,440,19.7
2011,5,4,15,271,19.2
2011,5,4,16,90,18.4
2011,5,4,17,0,17.7
2011,5,4,18,0,17.4
2011,5,4,19,0,17.3
2011,5,4,20,0,17.2
2011,5,4,21,0,17.2
2011,5,4,22,0,17.1
2011,5,4,23,0,16.9
2011,5,5,0,0,16.6
2011,5,5,1,0,16.4
2011,5,5,2,0,16.4
2011,5,5,3,0,16.4
2011,5,5,4,0,16.4
2011,5,5,5,0,16.4
2011,5,5,6,0,16.6
2011,5,5,7,137,16.9
2011,5,5,8,320,17.3
2011,5,5,9,479,17.5
2011,5,5,10,589,17.9
2011,5,5,11,637,18.1
2011,5,5,12,626,18.2
2011,5,5,13,349,18.1
2011,5,5,14,172,18
2011,5,5,15,125,17.7
2011,5,5,16,35,17.1
2011,5,5,17,0,16.6
2011,5,5,18,0,16.5
2011,5,5,19,0,16.4
2011,5,5,20,0,16.4
2011,5,5,21,0,16.3
2011,5,5,22,0,16.2
2011,5,5,23,0,16.1
2011,5,6,0,0,15.9
2011,5,6,1,0,15.6
2011,5,6,2,0,15.3
2011,5,6,3,0,14.9
2011,5,6,4,0,14.6
2011,5,6,5,0,14.3
2011,5,6,6,0,14.4
2011,5,6,7,132,15.2
2011,5,6,8,205,16.1
2011,5,6,9,474,16.4
2011,5,6,10,587,17.3
2011,5,6,11,640,17.7
2011,5,6,12,502,17.9
2011,5,6,13,560,17.9
2011,5,6,14,389,17.8
2011,5,6,15,264,17.3
2011,5,6,16,54,16.6
2011,5,6,17,0,16.1
2011,5,6,18,0,15.9
2011,5,6,19,0,15.8
2011,5,6,20,0,15.7
2011,5,6,21,0,15.6
2011,5,6,22,0,15.4
2011,5,6,23,0,15.3
2011,5,7,0,0,15.2
2011,5,7,1,0,15
2011,5,7,2,0,14.8
2011,5,7,3,0,14.5
2011,5,7,4,0,14.3
2011,5,7,5,0,14.1
2011,5,7,6,0,14.3
2011,5,7,7,131,15.1
2011,5,7,8,312,16.2
2011,5,7,9,470,16.7
2011,5,7,10,587,17.7
2011,5,7,11,641,18.2
2011,5,7,12,632,18.6
2011,5,7,13,564,18.8
2011,5,7,14,436,18.8
2011,5,7,15,266,18.5
2011,5,7,16,84,17.7
2011,5,7,17,0,17
2011,5,7,18,0,16.8
2011,5,7,19,0,16.6
2011,5,7,20,0,16.3
2011,5,7,21,0,16
2011,5,7,22,0,15.6
2011,5,7,23,0,15.2
2011,5,8,0,0,14.7
2011,5,8,1,0,14.2
2011,5,8,2,0,13.8
2011,5,8,3,0,13.5
2011,5,8,4,0,13.1
2011,5,8,5,0,12.9
2011,5,8,6,0,13
2011,5,8,7,129,13.9
2011,5,8,8,312,15.3
2011,5,8,9,470,16.1
2011,5,8,10,586,17.9
2011,5,8,11,639,18.7
2011,5,8,12,626,19.2
2011,5,8,13,557,19.4
2011,5,8,14,429,19.5
2011,5,8,15,258,19.2
2011,5,8,16,78,18.4
2011,5,8,17,0,17.7
2011,5,8,18,0,17.3
2011,5,8,19,0,16.9
2011,5,8,20,0,16.3
2011,5,8,21,0,15.8
2011,5,8,22,0,15.2
2011,5,8,23,0,14.7
2011,5,9,0,0,14.2
2011,5,9,1,0,14
2011,5,9,2,0,13.9
2011,5,9,3,0,13.9
2011,5,9,4,0,13.8
2011,5,9,5,0,13.8
2011,5,9,6,0,14.2
2011,5,9,7,44,15
2011,5,9,8,274,15.8
2011,5,9,9,422,16.2
2011,5,9,10,546,16.6
2011,5,9,11,316,16.7
2011,5,9,12,299,16.6
2011,5,9,13,511,16.6
2011,5,9,14,278,16.4
2011,5,9,15,133,16.2
2011,5,9,16,34,15.8
2011,5,9,17,0,15.5
2011,5,9,18,0,15.4
2011,5,9,19,0,15.4
2011,5,9,20,0,15.4
2011,5,9,21,0,15.3
2011,5,9,22,0,15.2
2011,5,9,23,0,15
2011,5,10,0,0,14.8
2011,5,10,1,0,14.6
2011,5,10,2,0,14.4
2011,5,10,3,0,14.2
2011,5,10,4,0,14
2011,5,10,5,0,13.8
2011,5,10,6,0,13.9
2011,5,10,7,58,14.2
2011,5,10,8,165,14.7
2011,5,10,9,451,15
2011,5,10,10,566,15.8
2011,5,10,11,620,16.1
2011,5,10,12,614,16.3
2011,5,10,13,547,16.4
2011,5,10,14,422,16.4
2011,5,10,15,255,16
2011,5,10,16,78,15.3
2011,5,10,17,0,14.6
2011,5,10,18,0,14.4
2011,5,10,19,0,14.4
2011,5,10,20,0,14.2
2011,5,10,21,0,13.8
2011,5,10,22,0,13.3
2011,5,10,23,0,12.8
2011,5,11,0,0,12.4
2011,5,11,1,0,12.1
2011,5,11,2,0,11.7
2011,5,11,3,0,11.3
2011,5,11,4,0,10.9
2011,5,11,5,0,10.5
2011,5,11,6,0,10.3
2011,5,11,7,7,11
2011,5,11,8,13,12.2
2011,5,11,9,39,12.8
2011,5,11,10,102,14.3
2011,5,11,11,463,15
2011,5,11,12,358,15.5
2011,5,11,13,340,15.5
2011,5,11,14,268,15
2011,5,11,15,162,14.3
2011,5,11,16,76,13.6
2011,5,11,17,0,13.1
2011,5,11,18,0,12.7
2011,5,11,19,0,12.3
2011,5,11,20,0,12
2011,5,11,21,0,11.6
2011,5,11,22,0,11.3
2011,5,11,23,0,11.1
2011,5,12,0,0,10.9
2011,5,12,1,0,10.8
2011,5,12,2,0,10.7
2011,5,12,3,0,10.5
2011,5,12,4,0,10.3
2011,5,12,5,0,10.1
2011,5,12,6,0,10.3
2011,5,12,7,126,11.1
2011,5,12,8,310,12.1
2011,5,12,9,470,12.6
2011,5,12,10,583,14.1
2011,5,12,11,637,14.9
2011,5,12,12,628,15.5
2011,5,12,13,557,15.9
2011,5,12,14,427,16
2011,5,12,15,257,15.6
2011,5,12,16,75,14.7
2011,5,12,17,0,13.9
2011,5,12,18,0,13.3
2011,5,12,19,0,12.9
2011,5,12,20,0,12.6
2011,5,12,21,0,12.4
2011,5,12,22,0,12.5
2011,5,12,23,0,12.6
2011,5,13,0,0,12.6
2011,5,13,1,0,12.6
2011,5,13,2,0,12.5
2011,5,13,3,0,12.4
2011,5,13,4,0,12.5
2011,5,13,5,0,12.5
2011,5,13,6,0,12.9
2011,5,13,7,118,14
2011,5,13,8,297,15.4
2011,5,13,9,453,16.1
2011,5,13,10,561,17.6
2011,5,13,11,616,18.2
2011,5,13,12,606,18.7
2011,5,13,13,391,19
2011,5,13,14,414,19
2011,5,13,15,249,18.6
2011,5,13,16,73,17.5
2011,5,13,17,0,16.4
2011,5,13,18,0,15.7
2011,5,13,19,0,15.2
2011,5,13,20,0,14.8
2011,5,13,21,0,14.4
2011,5,13,22,0,14.1
2011,5,13,23,0,14
2011,5,14,0,0,14
2011,5,14,1,0,14.1
2011,5,14,2,0,13.9
2011,5,14,3,0,13.5
2011,5,14,4,0,13
2011,5,14,5,0,12.4
2011,5,14,6,0,12.3
2011,5,14,7,37,12.8
2011,5,14,8,300,13.6
2011,5,14,9,458,13.9
2011,5,14,10,569,15
2011,5,14,11,622,15.5
2011,5,14,12,610,15.9
2011,5,14,13,538,16.1
2011,5,14,14,170,16.2
2011,5,14,15,245,15.9
2011,5,14,16,21,15.2
2011,5,14,17,0,14.6
2011,5,14,18,0,14.3
2011,5,14,19,0,13.9
2011,5,14,20,0,13.5
2011,5,14,21,0,13
2011,5,14,22,0,12.5
2011,5,14,23,0,12.1
2011,5,15,0,0,11.8
2011,5,15,1,0,11.5
2011,5,15,2,0,11.2
2011,5,15,3,0,11
2011,5,15,4,0,10.8
2011,5,15,5,0,10.7
2011,5,15,6,0,10.9
2011,5,15,7,107,11.8
2011,5,15,8,283,13.2
2011,5,15,9,439,13.9
2011,5,15,10,551,15.7
2011,5,15,11,607,16.4
2011,5,15,12,599,16.9
2011,5,15,13,533,17.1
2011,5,15,14,410,17.2
2011,5,15,15,245,16.9
2011,5,15,16,68,16.2
2011,5,15,17,0,15.6
2011,5,15,18,0,15.5
2011,5,15,19,0,15.5
2011,5,15,20,0,15.2
2011,5,15,21,0,14.5
2011,5,15,22,0,13.6
2011,5,15,23,0,12.9
2011,5,16,0,0,12.4
2011,5,16,1,0,11.9
2011,5,16,2,0,11.7
2011,5,16,3,0,11.5
2011,5,16,4,0,11.4
2011,5,16,5,0,11.3
2011,5,16,6,0,11.4
2011,5,16,7,112,12.2
2011,5,16,8,290,13.2
2011,5,16,9,446,13.8
2011,5,16,10,558,15.3
2011,5,16,11,614,16.1
2011,5,16,12,604,16.8
2011,5,16,13,533,17.4
2011,5,16,14,407,17.6
2011,5,16,15,241,17.2
2011,5,16,16,64,16.3
2011,5,16,17,0,15.6
2011,5,16,18,0,15.4
2011,5,16,19,0,15.3
2011,5,16,20,0,15.1
2011,5,16,21,0,14.5
2011,5,16,22,0,13.7
2011,5,16,23,0,12.8
2011,5,17,0,0,12
2011,5,17,1,0,11.6
2011,5,17,2,0,11.3
2011,5,17,3,0,11.2
2011,5,17,4,0,11.2
2011,5,17,5,0,11.4
2011,5,17,6,0,11.9
2011,5,17,7,105,13.1
2011,5,17,8,279,14.6
2011,5,17,9,432,15.3
2011,5,17,10,543,16.9
2011,5,17,11,596,17.5
2011,5,17,12,586,17.8
2011,5,17,13,518,17.9
2011,5,17,14,394,17.7
2011,5,17,15,231,17.2
2011,5,17,16,60,16.3
2011,5,17,17,0,15.7
2011,5,17,18,0,15.5
2011,5,17,19,0,15.4
2011,5,17,20,0,15.3
2011,5,17,21,0,15.1
2011,5,17,22,0,14.9
2011,5,17,23,0,14.6
2011,5,18,0,0,14.3
2011,5,18,1,0,14.1
2011,5,18,2,0,13.9
2011,5,18,3,0,13.7
2011,5,18,4,0,13.5
2011,5,18,5,0,13.4
2011,5,18,6,0,13.6
2011,5,18,7,103,14.5
2011,5,18,8,275,15.7
2011,5,18,9,428,16.3
2011,5,18,10,533,17.7
2011,5,18,11,582,18.5
2011,5,18,12,575,19
2011,5,18,13,512,19.2
2011,5,18,14,390,19.3
2011,5,18,15,228,18.9
2011,5,18,16,58,18.1
2011,5,18,17,0,17.3
2011,5,18,18,0,17
2011,5,18,19,0,16.9
2011,5,18,20,0,16.8
2011,5,18,21,0,16.6
2011,5,18,22,0,16.4
2011,5,18,23,0,16.3
2011,5,19,0,0,16.1
2011,5,19,1,0,15.9
2011,5,19,2,0,15.6
2011,5,19,3,0,15.4
2011,5,19,4,0,15.2
2011,5,19,5,0,15
2011,5,19,6,0,15
2011,5,19,7,40,15.4
2011,5,19,8,116,15.9
2011,5,19,9,368,16.1
2011,5,19,10,407,16.9
2011,5,19,11,427,17.4
2011,5,19,12,565,18
2011,5,19,13,435,18.5
2011,5,19,14,378,18.9
2011,5,19,15,220,18.9
2011,5,19,16,55,18.4
2011,5,19,17,0,17.9
2011,5,19,18,0,17.7
2011,5,19,19,0,17.5
2011,5,19,20,0,17.1
2011,5,19,21,0,16.7
2011,5,19,22,0,16.1
2011,5,19,23,0,15.4
2011,5,20,0,0,14.9
2011,5,20,1,0,14.5
2011,5,20,2,0,14.2
2011,5,20,3,0,13.9
2011,5,20,4,0,13.6
2011,5,20,5,0,13.3
2011,5,20,6,0,13.3
2011,5,20,7,95,13.9
2011,5,20,8,264,15.1
2011,5,20,9,414,15.8
2011,5,20,10,520,18.3
2011,5,20,11,571,19.7
2011,5,20,12,564,20.6
2011,5,20,13,505,21
2011,5,20,14,383,21.1
2011,5,20,15,222,20.5
2011,5,20,16,54,19.3
2011,5,20,17,0,18.5
2011,5,20,18,0,18.2
2011,5,20,19,0,17.9
2011,5,20,20,0,17.6
2011,5,20,21,0,17.3
2011,5,20,22,0,16.8
2011,5,20,23,0,16.3
2011,5,21,0,0,15.7
2011,5,21,1,0,15.2
2011,5,21,2,0,14.8
2011,5,21,3,0,14.5
2011,5,21,4,0,14.3
2011,5,21,5,0,14
2011,5,21,6,0,13.9
2011,5,21,7,93,14.6
2011,5,21,8,261,15.8
2011,5,21,9,412,16.4
2011,5,21,10,519,18.8
2011,5,21,11,572,20.2
2011,5,21,12,563,21.4
2011,5,21,13,497,22.1
2011,5,21,14,376,22.4
2011,5,21,15,217,21.8
2011,5,21,16,52,20.5
2011,5,21,17,0,19.5
2011,5,21,18,0,18.9
2011,5,21,19,0,18.5
2011,5,21,20,0,18.1
2011,5,21,21,0,17.7
2011,5,21,22,0,17.2
2011,5,21,23,0,16.7
2011,5,22,0,0,16.3
2011,5,22,1,0,16.1
2011,5,22,2,0,15.7
2011,5,22,3,0,15.3
2011,5,22,4,0,14.9
2011,5,22,5,0,14.6
2011,5,22,6,0,14.5
2011,5,22,7,91,15.1
2011,5,22,8,149,16.3
2011,5,22,9,410,16.9
2011,5,22,10,516,19.4
2011,5,22,11,494,20.6
2011,5,22,12,416,21.4
2011,5,22,13,414,21.6
2011,5,22,14,317,21.6
2011,5,22,15,173,21
2011,5,22,16,48,20
2011,5,22,17,0,19.3
2011,5,22,18,0,19.1
2011,5,22,19,0,19
2011,5,22,20,0,18.9
2011,5,22,21,0,18.8
2011,5,22,22,0,18.6
2011,5,22,23,0,18.4
2011,5,23,0,0,18.2
2011,5,23,1,0,17.8
2011,5,23,2,0,17.2
2011,5,23,3,0,16.6
2011,5,23,4,0,16.2
2011,5,23,5,0,16.1
2011,5,23,6,0,16.3
2011,5,23,7,83,16.7
2011,5,23,8,249,17
2011,5,23,9,403,17.2
2011,5,23,10,525,18.1
2011,5,23,11,576,19.1
2011,5,23,12,561,20
2011,5,23,13,489,20.7
2011,5,23,14,367,20.9
2011,5,23,15,13,20.5
2011,5,23,16,49,19.6
2011,5,23,17,0,18.8
2011,5,23,18,0,18.1
2011,5,23,19,0,17.5
2011,5,23,20,0,16.8
2011,5,23,21,0,16.2
2011,5,23,22,0,15.8
2011,5,23,23,0,15.4
2011,5,24,0,0,15.1
2011,5,24,1,0,14.8
2011,5,24,2,0,14.5
2011,5,24,3,0,14.3
2011,5,24,4,0,14.1
2011,5,24,5,0,13.9
2011,5,24,6,0,13.9
2011,5,24,7,92,14.6
2011,5,24,8,260,15.5
2011,5,24,9,408,15.9
2011,5,24,10,510,16.6
2011,5,24,11,45,16.8
2011,5,24,12,44,16.8
2011,5,24,13,192,16.6
2011,5,24,14,19,16.3
2011,5,24,15,11,15.9
2011,5,24,16,5,15.5
2011,5,24,17,0,15.2
2011,5,24,18,0,15
2011,5,24,19,0,14.9
2011,5,24,20,0,14.8
2011,5,24,21,0,14.5
2011,5,24,22,0,14.2
2011,5,24,23,0,14
2011,5,25,0,0,13.9
2011,5,25,1,0,13.9
2011,5,25,2,0,14.1
2011,5,25,3,0,14.3
2011,5,25,4,0,14.4
2011,5,25,5,0,14.3
2011,5,25,6,0,14.3
2011,5,25,7,6,14.3
2011,5,25,8,102,14.5
2011,5,25,9,108,14.5
2011,5,25,10,78,15
2011,5,25,11,224,15.2
2011,5,25,12,359,15.2
2011,5,25,13,191,15.2
2011,5,25,14,46,15.2
2011,5,25,15,23,15
2011,5,25,16,6,15
2011,5,25,17,0,14.9
2011,5,25,18,0,14.8
2011,5,25,19,0,14.7
2011,5,25,20,0,14.6
2011,5,25,21,0,14.4
2011,5,25,22,0,14.3
2011,5,25,23,0,14.1
2011,5,26,0,0,14.2
2011,5,26,1,0,14.3
2011,5,26,2,0,14.4
2011,5,26,3,0,14.5
2011,5,26,4,0,14.5
2011,5,26,5,0,14.5
2011,5,26,6,0,14.3
2011,5,26,7,23,14.2
2011,5,26,8,80,14.3
2011,5,26,9,135,14.3
2011,5,26,10,497,14.8
2011,5,26,11,221,15.2
2011,5,26,12,268,15.6
2011,5,26,13,480,15.9
2011,5,26,14,363,16.3
2011,5,26,15,208,16.3
2011,5,26,16,47,15.8
2011,5,26,17,0,15.5
2011,5,26,18,0,15.5
2011,5,26,19,0,15.5
2011,5,26,20,0,15.3
2011,5,26,21,0,14.8
2011,5,26,22,0,14.1
2011,5,26,23,0,13.5
2011,5,27,0,0,13.1
2011,5,27,1,0,12.6
2011,5,27,2,0,12.2
2011,5,27,3,0,11.9
2011,5,27,4,0,11.5
2011,5,27,5,0,11.3
2011,5,27,6,0,11.3
2011,5,27,7,43,11.9
2011,5,27,8,252,13.1
2011,5,27,9,402,13.6
2011,5,27,10,341,15.1
2011,5,27,11,443,15.8
2011,5,27,12,94,16.2
2011,5,27,13,210,16.4
2011,5,27,14,107,16.3
2011,5,27,15,207,16
2011,5,27,16,46,15.3
2011,5,27,17,0,14.9
2011,5,27,18,0,14.7
2011,5,27,19,0,14.6
2011,5,27,20,0,14.3
2011,5,27,21,0,13.9
2011,5,27,22,0,13.6
2011,5,27,23,0,13.2
2011,5,28,0,0,13
2011,5,28,1,0,12.8
2011,5,28,2,0,12.7
2011,5,28,3,0,12.6
2011,5,28,4,0,12.6
2011,5,28,5,0,12.6
2011,5,28,6,0,12.9
2011,5,28,7,80,13.8
2011,5,28,8,242,15
2011,5,28,9,225,15.5
2011,5,28,10,318,16.8
2011,5,28,11,391,17.3
2011,5,28,12,221,17.6
2011,5,28,13,268,17.6
2011,5,28,14,229,17.4
2011,5,28,15,200,16.9
2011,5,28,16,43,16.2
2011,5,28,17,0,15.8
2011,5,28,18,0,15.7
2011,5,28,19,0,15.7
2011,5,28,20,0,15.7
2011,5,28,21,0,15.7
2011,5,28,22,0,15.8
2011,5,28,23,0,15.8
2011,5,29,0,0,15.8
2011,5,29,1,0,15.6
2011,5,29,2,0,15.5
2011,5,29,3,0,15.3
2011,5,29,4,0,15.1
2011,5,29,5,0,15
2011,5,29,6,0,14.9
2011,5,29,7,29,15.3
2011,5,29,8,89,15.9
2011,5,29,9,189,16
2011,5,29,10,314,16.4
2011,5,29,11,107,16.4
2011,5,29,12,81,16.3
2011,5,29,13,90,16.2
2011,5,29,14,119,16.2
2011,5,29,15,60,16.1
2011,5,29,16,21,16
2011,5,29,17,0,16.1
2011,5,29,18,0,16.2
2011,5,29,19,0,16.1
2011,5,29,20,0,15.9
2011,5,29,21,0,15.7
2011,5,29,22,0,15.4
2011,5,29,23,0,15.3
2011,5,30,0,0,15.2
2011,5,30,1,0,15.2
2011,5,30,2,0,15.3
2011,5,30,3,0,15.4
2011,5,30,4,0,15.6
2011,5,30,5,0,15.7
2011,5,30,6,0,15.8
2011,5,30,7,5,16.1
2011,5,30,8,9,16.4
2011,5,30,9,15,16.5
2011,5,30,10,58,16.6
2011,5,30,11,26,16.8
2011,5,30,12,91,17
2011,5,30,13,85,17.2
2011,5,30,14,45,17.2
2011,5,30,15,24,17
2011,5,30,16,8,16.6
2011,5,30,17,0,16.5
2011,5,30,18,0,16.6
2011,5,30,19,0,16.8
2011,5,30,20,0,17
2011,5,30,21,0,17.1
2011,5,30,22,0,17
2011,5,30,23,0,17
2011,5,31,0,0,17
2011,5,31,1,0,17.2
2011,5,31,2,0,17.4
2011,5,31,3,0,17.5
2011,5,31,4,0,17.7
2011,5,31,5,0,17.9
2011,5,31,6,0,18
2011,5,31,7,22,18.2
2011,5,31,8,67,18.3
2011,5,31,9,121,18.4
2011,5,31,10,168,18.6
2011,5,31,11,177,18.8
2011,5,31,12,241,18.9
2011,5,31,13,276,18.9
2011,5,31,14,289,18.8
2011,5,31,15,12,18.6
2011,5,31,16,3,18.3
2011,5,31,17,0,18.1
2011,5,31,18,0,18
2011,5,31,19,0,17.8
2011,5,31,20,0,17.6
2011,5,31,21,0,17.5
2011,5,31,22,0,17.4
2011,5,31,23,0,17.3
2011,6,1,0,0,17.2
2011,6,1,1,0,17.2
2011,6,1,2,0,17.2
2011,6,1,3,0,17.2
2011,6,1,4,0,17.2
2011,6,1,5,0,17.3
2011,6,1,6,0,17.4
2011,6,1,7,5,17.6
2011,6,1,8,15,17.9
2011,6,1,9,99,18.1
2011,6,1,10,104,18.5
2011,6,1,11,187,18.6
2011,6,1,12,296,18.6
2011,6,1,13,327,18.6
2011,6,1,14,241,18.4
2011,6,1,15,120,18.2
2011,6,1,16,35,18
2011,6,1,17,0,17.9
2011,6,1,18,0,17.9
2011,6,1,19,0,17.8
2011,6,1,20,0,17.7
2011,6,1,21,0,17.5
2011,6,1,22,0,17.3
2011,6,1,23,0,17.1
2011,6,2,0,0,17
2011,6,2,1,0,17
2011,6,2,2,0,17
2011,6,2,3,0,17
2011,6,2,4,0,17.1
2011,6,2,5,0,17.2
2011,6,2,6,0,17.3
2011,6,2,7,68,17.5
2011,6,2,8,228,17.9
2011,6,2,9,376,18
2011,6,2,10,482,18.5
2011,6,2,11,534,18.7
2011,6,2,12,528,18.6
2011,6,2,13,465,18.5
2011,6,2,14,223,18.2
2011,6,2,15,195,17.7
2011,6,2,16,39,17
2011,6,2,17,0,16.6
2011,6,2,18,0,16.4
2011,6,2,19,0,16.2
2011,6,2,20,0,16
2011,6,2,21,0,15.7
2011,6,2,22,0,15.5
2011,6,2,23,0,15.3
2011,6,3,0,0,15
2011,6,3,1,0,14.8
2011,6,3,2,0,14.6
2011,6,3,3,0,14.4
2011,6,3,4,0,14.1
2011,6,3,5,0,13.8
2011,6,3,6,0,13.6
2011,6,3,7,74,13.9
2011,6,3,8,237,14.7
2011,6,3,9,385,15.1
2011,6,3,10,490,16.6
2011,6,3,11,542,17.5
2011,6,3,12,534,18
2011,6,3,13,351,18.4
2011,6,3,14,305,18.5
2011,6,3,15,196,18.3
2011,6,3,16,40,17.9
2011,6,3,17,0,17.5
2011,6,3,18,0,17
2011,6,3,19,0,16.5
2011,6,3,20,0,16.1
2011,6,3,21,0,15.6
2011,6,3,22,0,15.1
2011,6,3,23,0,14.6
2011,6,4,0,0,14.1
2011,6,4,1,0,13.7
2011,6,4,2,0,13.2
2011,6,4,3,0,13
2011,6,4,4,0,12.8
2011,6,4,5,0,12.7
2011,6,4,6,0,12.8
2011,6,4,7,56,13.5
2011,6,4,8,184,14.5
2011,6,4,9,305,15.2
2011,6,4,10,395,17.1
2011,6,4,11,209,17.8
2011,6,4,12,174,18.1
2011,6,4,13,71,18.1
2011,6,4,14,155,17.9
2011,6,4,15,78,17.6
2011,6,4,16,17,17
2011,6,4,17,0,16.4
2011,6,4,18,0,15.8
2011,6,4,19,0,15.3
2011,6,4,20,0,14.9
2011,6,4,21,0,14.7
2011,6,4,22,0,14.3
2011,6,4,23,0,13.8
2011,6,5,0,0,13.3
2011,6,5,1,0,13
2011,6,5,2,0,12.8
2011,6,5,3,0,12.6
2011,6,5,4,0,12.3
2011,6,5,5,0,12.1
2011,6,5,6,0,11.9
2011,6,5,7,11,12.1
2011,6,5,8,237,12.7
2011,6,5,9,387,13
2011,6,5,10,497,14.3
2011,6,5,11,551,15
2011,6,5,12,543,15.6
2011,6,5,13,365,16
2011,6,5,14,359,16.2
2011,6,5,15,201,15.9
2011,6,5,16,40,15.2
2011,6,5,17,0,14.6
2011,6,5,18,0,14.1
2011,6,5,19,0,13.4
2011,6,5,20,0,12.8
2011,6,5,21,0,12.4
2011,6,5,22,0,12.1
2011,6,5,23,0,11.9
2011,6,6,0,0,11.8
2011,6,6,1,0,11.7
2011,6,6,2,0,11.5
2011,6,6,3,0,11.4
2011,6,6,4,0,11.3
2011,6,6,5,0,11.2
2011,6,6,6,0,11.3
2011,6,6,7,69,12.1
2011,6,6,8,232,13.4
2011,6,6,9,381,14
2011,6,6,10,488,15.2
2011,6,6,11,542,15.7
2011,6,6,12,536,15.9
2011,6,6,13,94,15.8
2011,6,6,14,261,15.4
2011,6,6,15,137,14.8
2011,6,6,16,23,13.9
2011,6,6,17,0,13.3
2011,6,6,18,0,13.1
2011,6,6,19,0,12.9
2011,6,6,20,0,12.7
2011,6,6,21,0,12.4
2011,6,6,22,0,12
2011,6,6,23,0,11.6
2011,6,7,0,0,11.2
2011,6,7,1,0,10.8
2011,6,7,2,0,10.4
2011,6,7,3,0,10
2011,6,7,4,0,9.6
2011,6,7,5,0,9.3
2011,6,7,6,0,9.2
2011,6,7,7,43,9.4
2011,6,7,8,130,10
2011,6,7,9,222,10.3
2011,6,7,10,497,11.3
2011,6,7,11,283,12
2011,6,7,12,491,12.7
2011,6,7,13,358,13.4
2011,6,7,14,355,13.7
2011,6,7,15,199,13.4
2011,6,7,16,40,12.7
2011,6,7,17,0,12.1
2011,6,7,18,0,11.7
2011,6,7,19,0,11.3
2011,6,7,20,0,10.9
2011,6,7,21,0,10.7
2011,6,7,22,0,10.6
2011,6,7,23,0,10.5
2011,6,8,0,0,10.4
2011,6,8,1,0,10.4
2011,6,8,2,0,10.3
2011,6,8,3,0,10
2011,6,8,4,0,9.6
2011,6,8,5,0,9.2
2011,6,8,6,0,9
2011,6,8,7,72,9.5
2011,6,8,8,240,10.3
2011,6,8,9,393,10.7
2011,6,8,10,500,12.1
2011,6,8,11,554,12.8
2011,6,8,12,548,13.3
2011,6,8,13,482,13.5
2011,6,8,14,362,13.3
2011,6,8,15,204,12.5
2011,6,8,16,42,11.6
2011,6,8,17,0,10.8
2011,6,8,18,0,10.2
2011,6,8,19,0,9.8
2011,6,8,20,0,9.7
2011,6,8,21,0,9.7
2011,6,8,22,0,9.7
2011,6,8,23,0,9.7
2011,6,9,0,0,9.7
2011,6,9,1,0,9.7
2011,6,9,2,0,9.6
2011,6,9,3,0,9.5
2011,6,9,4,0,9.4
2011,6,9,5,0,9.4
2011,6,9,6,0,9.5
2011,6,9,7,66,10.2
2011,6,9,8,230,11.3
2011,6,9,9,379,11.8
2011,6,9,10,485,13.4
2011,6,9,11,536,14.3
2011,6,9,12,531,14.9
2011,6,9,13,466,15.2
2011,6,9,14,347,15.1
2011,6,9,15,77,14.5
2011,6,9,16,38,13.7
2011,6,9,17,0,12.9
2011,6,9,18,0,12.2
2011,6,9,19,0,11.7
2011,6,9,20,0,11.5
2011,6,9,21,0,11.5
2011,6,9,22,0,11.5
2011,6,9,23,0,11.6
2011,6,10,0,0,11.7
2011,6,10,1,0,11.8
2011,6,10,2,0,11.9
2011,6,10,3,0,11.9
2011,6,10,4,0,11.9
2011,6,10,5,0,11.7
2011,6,10,6,0,11.6
2011,6,10,7,63,12
2011,6,10,8,223,12.9
2011,6,10,9,370,13.4
2011,6,10,10,472,14.9
2011,6,10,11,268,15.4
2011,6,10,12,217,15.5
2011,6,10,13,70,15.3
2011,6,10,14,14,15
2011,6,10,15,8,14.7
2011,6,10,16,4,14.2
2011,6,10,17,0,13.9
2011,6,10,18,0,13.9
2011,6,10,19,0,13.9
2011,6,10,20,0,13.9
2011,6,10,21,0,13.9
2011,6,10,22,0,14
2011,6,10,23,0,14.2
2011,6,11,0,0,14.2
2011,6,11,1,0,14.2
2011,6,11,2,0,14.2
2011,6,11,3,0,14.3
2011,6,11,4,0,14.3
2011,6,11,5,0,14.3
2011,6,11,6,0,14.4
2011,6,11,7,35,14.6
2011,6,11,8,207,14.9
2011,6,11,9,257,15.1
2011,6,11,10,326,15.8
2011,6,11,11,254,16.2
2011,6,11,12,289,16.3
2011,6,11,13,257,16.1
2011,6,11,14,170,15.7
2011,6,11,15,85,15.2
2011,6,11,16,14,14.5
2011,6,11,17,0,14.1
2011,6,11,18,0,14
2011,6,11,19,0,14.2
2011,6,11,20,0,14.4
2011,6,11,21,0,14.6
2011,6,11,22,0,15
2011,6,11,23,0,15.4
2011,6,12,0,0,15.6
2011,6,12,1,0,15.6
2011,6,12,2,0,15.6
2011,6,12,3,0,15.4
2011,6,12,4,0,15.4
2011,6,12,5,0,15.4
2011,6,12,6,0,15.4
2011,6,12,7,29,15.6
2011,6,12,8,14,15.9
2011,6,12,9,198,16
2011,6,12,10,290,16.3
2011,6,12,11,259,16.4
2011,6,12,12,223,16.3
2011,6,12,13,273,16.2
2011,6,12,14,198,16.1
2011,6,12,15,101,15.9
2011,6,12,16,20,15.7
2011,6,12,17,0,15.6
2011,6,12,18,0,15.6
2011,6,12,19,0,15.5
2011,6,12,20,0,15.4
2011,6,12,21,0,15.3
2011,6,12,22,0,15.3
2011,6,12,23,0,15.3
2011,6,13,0,0,15.4
2011,6,13,1,0,15.5
2011,6,13,2,0,15.5
2011,6,13,3,0,15.6
2011,6,13,4,0,15.7
2011,6,13,5,0,15.7
2011,6,13,6,0,15.7
2011,6,13,7,23,15.9
2011,6,13,8,83,16.2
2011,6,13,9,28,16.4
2011,6,13,10,242,16.5
2011,6,13,11,215,16.4
2011,6,13,12,358,16.4
2011,6,13,13,320,16.4
2011,6,13,14,143,16.4
2011,6,13,15,72,16.3
2011,6,13,16,15,16.2
2011,6,13,17,0,16.1
2011,6,13,18,0,16.1
2011,6,13,19,0,16
2011,6,13,20,0,16
2011,6,13,21,0,16
2011,6,13,22,0,16
2011,6,13,23,0,16.1
2011,6,14,0,0,16.2
2011,6,14,1,0,16.3
2011,6,14,2,0,16.4
2011,6,14,3,0,16.5
2011,6,14,4,0,16.5
2011,6,14,5,0,16.6
2011,6,14,6,0,16.6
2011,6,14,7,21,16.7
2011,6,14,8,74,16.8
2011,6,14,9,128,16.8
2011,6,14,10,175,17
2011,6,14,11,161,17
2011,6,14,12,343,16.9
2011,6,14,13,34,16.7
2011,6,14,14,250,16.6
2011,6,14,15,84,16.5
2011,6,14,16,25,16.4
2011,6,14,17,0,16.5
2011,6,14,18,0,16.6
2011,6,14,19,0,16.6
2011,6,14,20,0,16.6
2011,6,14,21,0,16.5
2011,6,14,22,0,16.4
2011,6,14,23,0,16.4
2011,6,15,0,0,16.4
2011,6,15,1,0,16.4
2011,6,15,2,0,16.4
2011,6,15,3,0,16.4
2011,6,15,4,0,16.4
2011,6,15,5,0,16.4
2011,6,15,6,0,16.4
2011,6,15,7,22,16.4
2011,6,15,8,51,16.5
2011,6,15,9,64,16.6
2011,6,15,10,197,17.1
2011,6,15,11,239,17.2
2011,6,15,12,360,17.1
2011,6,15,13,279,16.9
2011,6,15,14,169,16.8
2011,6,15,15,165,16.8
2011,6,15,16,14,16.9
2011,6,15,17,0,16.9
2011,6,15,18,0,17
2011,6,15,19,0,16.9
2011,6,15,20,0,16.9
2011,6,15,21,0,16.9
2011,6,15,22,0,16.9
2011,6,15,23,0,16.9
2011,6,16,0,0,16.8
2011,6,16,1,0,16.8
2011,6,16,2,0,16.7
2011,6,16,3,0,16.7
2011,6,16,4,0,16.6
2011,6,16,5,0,16.6
2011,6,16,6,0,16.6
2011,6,16,7,9,16.7
2011,6,16,8,33,16.9
2011,6,16,9,64,17
2011,6,16,10,159,17.2
2011,6,16,11,41,17.2
2011,6,16,12,286,17.1
2011,6,16,13,215,17.1
2011,6,16,14,121,16.9
2011,6,16,15,59,16.5
2011,6,16,16,10,16.1
2011,6,16,17,0,15.8
2011,6,16,18,0,15.6
2011,6,16,19,0,15.5
2011,6,16,20,0,15.3
2011,6,16,21,0,14.8
2011,6,16,22,0,14.2
2011,6,16,23,0,13.7
2011,6,17,0,0,13.3
2011,6,17,1,0,12.9
2011,6,17,2,0,12.6
2011,6,17,3,0,12.3
2011,6,17,4,0,12.1
2011,6,17,5,0,11.9
2011,6,17,6,0,11.8
2011,6,17,7,20,12.5
2011,6,17,8,216,13.6
2011,6,17,9,366,14.2
2011,6,17,10,470,15.4
2011,6,17,11,522,16
2011,6,17,12,517,16.6
2011,6,17,13,223,16.9
2011,6,17,14,234,16.6
2011,6,17,15,193,15.8
2011,6,17,16,39,14.6
2011,6,17,17,0,13.7
2011,6,17,18,0,13.3
2011,6,17,19,0,13.1
2011,6,17,20,0,12.9
2011,6,17,21,0,12.7
2011,6,17,22,0,12.7
2011,6,17,23,0,12.6
2011,6,18,0,0,12.5
2011,6,18,1,0,12.3
2011,6,18,2,0,12.2
2011,6,18,3,0,12
2011,6,18,4,0,11.9
2011,6,18,5,0,11.7
2011,6,18,6,0,11.7
2011,6,18,7,30,12.1
2011,6,18,8,214,12.8
2011,6,18,9,363,13.1
2011,6,18,10,471,14.3
2011,6,18,11,524,15
2011,6,18,12,521,15.6
2011,6,18,13,460,16
2011,6,18,14,346,15.9
2011,6,18,15,194,15.4
2011,6,18,16,39,14.6
2011,6,18,17,0,14
2011,6,18,18,0,13.7
2011,6,18,19,0,13.5
2011,6,18,20,0,13.5
2011,6,18,21,0,13.4
2011,6,18,22,0,13.4
2011,6,18,23,0,13.4
2011,6,19,0,0,13.3
2011,6,19,1,0,13.1
2011,6,19,2,0,12.9
2011,6,19,3,0,12.7
2011,6,19,4,0,12.5
2011,6,19,5,0,12.3
2011,6,19,6,0,12.2
2011,6,19,7,55,12.6
2011,6,19,8,215,13.5
2011,6,19,9,365,13.9
2011,6,19,10,475,15.2
2011,6,19,11,530,15.8
2011,6,19,12,523,16.3
2011,6,19,13,462,16.6
2011,6,19,14,347,16.8
2011,6,19,15,194,16.5
2011,6,19,16,39,15.9
2011,6,19,17,0,15.2
2011,6,19,18,0,14.4
2011,6,19,19,0,13.6
2011,6,19,20,0,13.1
2011,6,19,21,0,12.7
2011,6,19,22,0,12.3
2011,6,19,23,0,12
2011,6,20,0,0,11.8
2011,6,20,1,0,11.7
2011,6,20,2,0,11.7
2011,6,20,3,0,11.7
2011,6,20,4,0,11.7
2011,6,20,5,0,11.6
2011,6,20,6,0,11.7
2011,6,20,7,54,12.3
2011,6,20,8,212,13.4
2011,6,20,9,360,14
2011,6,20,10,468,15.8
2011,6,20,11,523,16.7
2011,6,20,12,518,17.3
2011,6,20,13,458,17.7
2011,6,20,14,344,17.8
2011,6,20,15,193,17.2
2011,6,20,16,39,16.3
2011,6,20,17,0,15.6
2011,6,20,18,0,15
2011,6,20,19,0,14.4
2011,6,20,20,0,13.7
2011,6,20,21,0,13.2
2011,6,20,22,0,12.8
2011,6,20,23,0,12.4
2011,6,21,0,0,12
2011,6,21,1,0,11.6
2011,6,21,2,0,11.4
2011,6,21,3,0,11.3
2011,6,21,4,0,11.4
2011,6,21,5,0,11.6
2011,6,21,6,0,11.9
2011,6,21,7,53,12.6
2011,6,21,8,116,13.6
2011,6,21,9,355,14.1
2011,6,21,10,451,15.7
2011,6,21,11,502,16.7
2011,6,21,12,496,17.6
2011,6,21,13,433,18.1
2011,6,21,14,23,17.6
2011,6,21,15,104,15.8
2011,6,21,16,21,13.8
2011,6,21,17,0,12.6
2011,6,21,18,0,11.9
2011,6,21,19,0,11.5
2011,6,21,20,0,11.2
2011,6,21,21,0,11.1
2011,6,21,22,0,11
2011,6,21,23,0,10.8
2011,6,22,0,0,10.7
2011,6,22,1,0,10.5
2011,6,22,2,0,10.3
2011,6,22,3,0,10.2
2011,6,22,4,0,10.1
2011,6,22,5,0,10.1
2011,6,22,6,0,10.2
2011,6,22,7,53,10.8
2011,6,22,8,212,11.7
2011,6,22,9,361,12.2
2011,6,22,10,466,13.3
2011,6,22,11,524,13.9
2011,6,22,12,526,14.3
2011,6,22,13,466,14.4
2011,6,22,14,351,14.3
2011,6,22,15,198,13.7
2011,6,22,16,40,12.7
2011,6,22,17,0,12
2011,6,22,18,0,11.5
2011,6,22,19,0,11
2011,6,22,20,0,10.8
2011,6,22,21,0,10.7
2011,6,22,22,0,10.7
2011,6,22,23,0,10.8
2011,6,23,0,0,10.9
2011,6,23,1,0,11
2011,6,23,2,0,11.1
2011,6,23,3,0,11.2
2011,6,23,4,0,11.4
2011,6,23,5,0,11.6
2011,6,23,6,0,12
2011,6,23,7,54,13
2011,6,23,8,211,14.4
2011,6,23,9,356,15
2011,6,23,10,464,16.4
2011,6,23,11,520,17
2011,6,23,12,516,17.5
2011,6,23,13,457,17.8
2011,6,23,14,344,17.8
2011,6,23,15,193,17.2
2011,6,23,16,40,16.3
2011,6,23,17,0,15.6
2011,6,23,18,0,15.1
2011,6,23,19,0,14.6
2011,6,23,20,0,13.9
2011,6,23,21,0,13.2
2011,6,23,22,0,12.7
2011,6,23,23,0,12.4
2011,6,24,0,0,12.1
2011,6,24,1,0,11.9
2011,6,24,2,0,11.7
2011,6,24,3,0,11.4
2011,6,24,4,0,11.3
2011,6,24,5,0,11.1
2011,6,24,6,0,11
2011,6,24,7,53,11.6
2011,6,24,8,212,12.6
2011,6,24,9,362,13.1
2011,6,24,10,474,14.6
2011,6,24,11,531,15.3
2011,6,24,12,528,15.9
2011,6,24,13,466,16.2
2011,6,24,14,352,16.3
2011,6,24,15,199,16.1
2011,6,24,16,42,15.8
2011,6,24,17,0,15.7
2011,6,24,18,0,15.7
2011,6,24,19,0,15.5
2011,6,24,20,0,15.2
2011,6,24,21,0,14.8
2011,6,24,22,0,14.2
2011,6,24,23,0,13.6
2011,6,25,0,0,13.2
2011,6,25,1,0,12.9
2011,6,25,2,0,12.7
2011,6,25,3,0,12.4
2011,6,25,4,0,12.3
2011,6,25,5,0,12.3
2011,6,25,6,0,12.4
2011,6,25,7,51,13
2011,6,25,8,207,14.2
2011,6,25,9,354,14.8
2011,6,25,10,462,16.3
2011,6,25,11,517,17.1
2011,6,25,12,515,17.7
2011,6,25,13,457,17.9
2011,6,25,14,345,17.7
2011,6,25,15,196,17.1
2011,6,25,16,41,16.3
2011,6,25,17,0,15.6
2011,6,25,18,0,15.2
2011,6,25,19,0,14.7
2011,6,25,20,0,14.3
2011,6,25,21,0,14
2011,6,25,22,0,13.6
2011,6,25,23,0,13.2
2011,6,26,0,0,12.9
2011,6,26,1,0,12.5
2011,6,26,2,0,12.1
2011,6,26,3,0,11.7
2011,6,26,4,0,11.3
2011,6,26,5,0,10.8
2011,6,26,6,0,10.4
2011,6,26,7,53,10.8
2011,6,26,8,216,11.8
2011,6,26,9,368,12.4
2011,6,26,10,482,14.5
2011,6,26,11,535,15.7
2011,6,26,12,532,16.7
2011,6,26,13,477,17.5
2011,6,26,14,358,17.9
2011,6,26,15,203,17.8
2011,6,26,16,42,17.4
2011,6,26,17,0,17
2011,6,26,18,0,16.4
2011,6,26,19,0,15.6
2011,6,26,20,0,14.6
2011,6,26,21,0,13.7
2011,6,26,22,0,12.9
2011,6,26,23,0,12.2
2011,6,27,0,0,11.6
2011,6,27,1,0,11.2
2011,6,27,2,0,10.8
2011,6,27,3,0,10.6
2011,6,27,4,0,10.5
2011,6,27,5,0,10.6
2011,6,27,6,0,10.9
2011,6,27,7,52,11.8
2011,6,27,8,210,13.3
2011,6,27,9,360,14.1
2011,6,27,10,468,16.4
2011,6,27,11,521,17.3
2011,6,27,12,516,17.8
2011,6,27,13,459,17.9
2011,6,27,14,345,17.7
2011,6,27,15,195,17
2011,6,27,16,42,16
2011,6,27,17,0,15.4
2011,6,27,18,0,15.1
2011,6,27,19,0,15
2011,6,27,20,0,15
2011,6,27,21,0,15
2011,6,27,22,0,14.9
2011,6,27,23,0,14.8
2011,6,28,0,0,14.6
2011,6,28,1,0,14.5
2011,6,28,2,0,14.5
2011,6,28,3,0,14.4
2011,6,28,4,0,14.3
2011,6,28,5,0,14.2
2011,6,28,6,0,14.3
2011,6,28,7,13,14.9
2011,6,28,8,59,15.8
2011,6,28,9,116,16.3
2011,6,28,10,459,16.7
2011,6,28,11,124,16.8
2011,6,28,12,87,16.8
2011,6,28,13,100,16.7
2011,6,28,14,165,16.5
2011,6,28,15,83,16.1
2011,6,28,16,15,15.6
2011,6,28,17,0,15.3
2011,6,28,18,0,15.2
2011,6,28,19,0,15.3
2011,6,28,20,0,15.4
2011,6,28,21,0,15.6
2011,6,28,22,0,15.8
2011,6,28,23,0,15.8
2011,6,29,0,0,15.8
2011,6,29,1,0,15.8
2011,6,29,2,0,15.8
2011,6,29,3,0,15.7
2011,6,29,4,0,15.7
2011,6,29,5,0,15.8
2011,6,29,6,0,15.8
2011,6,29,7,28,16
2011,6,29,8,132,16.4
2011,6,29,9,244,16.6
2011,6,29,10,348,17.2
2011,6,29,11,89,17.5
2011,6,29,12,508,17.7
2011,6,29,13,244,17.5
2011,6,29,14,130,17.1
2011,6,29,15,65,16.7
2011,6,29,16,13,16.4
2011,6,29,17,0,16.2
2011,6,29,18,0,16.1
2011,6,29,19,0,15.9
2011,6,29,20,0,15.8
2011,6,29,21,0,15.7
2011,6,29,22,0,15.7
2011,6,29,23,0,15.7
2011,6,30,0,0,15.6
2011,6,30,1,0,15.5
2011,6,30,2,0,15.4
2011,6,30,3,0,15.4
2011,6,30,4,0,15.4
2011,6,30,5,0,15.4
2011,6,30,6,0,15.5
2011,6,30,7,20,15.8
2011,6,30,8,97,16.2
2011,6,30,9,187,16.4
2011,6,30,10,146,16.6
2011,6,30,11,110,16.7
2011,6,30,12,76,16.8
2011,6,30,13,184,16.8
2011,6,30,14,182,16.5
2011,6,30,15,92,16.2
2011,6,30,16,18,15.9
2011,6,30,17,0,15.8
2011,6,30,18,0,15.7
2011,6,30,19,0,15.6
2011,6,30,20,0,15.5
2011,6,30,21,0,15.4
2011,6,30,22,0,15.3
2011,6,30,23,0,15.2
2011,7,1,0,0,15.1
2011,7,1,1,0,15
2011,7,1,2,0,14.9
2011,7,1,3,0,14.7
2011,7,1,4,0,14.7
2011,7,1,5,0,14.5
2011,7,1,6,0,14.5
2011,7,1,7,26,14.9
2011,7,1,8,124,15.4
2011,7,1,9,232,15.6
2011,7,1,10,452,15.9
2011,7,1,11,191,16.1
2011,7,1,12,142,16.1
2011,7,1,13,252,16
2011,7,1,14,101,15.9
2011,7,1,15,51,15.7
2011,7,1,16,11,15.4
2011,7,1,17,0,15.4
2011,7,1,18,0,15.4
2011,7,1,19,0,15.3
2011,7,1,20,0,15.1
2011,7,1,21,0,15
2011,7,1,22,0,14.9
2011,7,1,23,0,14.8
2011,7,2,0,0,14.8
2011,7,2,1,0,14.6
2011,7,2,2,0,14.5
2011,7,2,3,0,14.4
2011,7,2,4,0,14.3
2011,7,2,5,0,14.3
2011,7,2,6,0,14.3
2011,7,2,7,12,14.6
2011,7,2,8,202,15
2011,7,2,9,350,15.1
2011,7,2,10,459,15.6
2011,7,2,11,517,16
2011,7,2,12,515,16.5
2011,7,2,13,459,16.7
2011,7,2,14,349,16.8
2011,7,2,15,200,16.6
2011,7,2,16,46,16.1
2011,7,2,17,0,15.8
2011,7,2,18,0,15.7
2011,7,2,19,0,15.5
2011,7,2,20,0,15.1
2011,7,2,21,0,14.6
2011,7,2,22,0,14.2
2011,7,2,23,0,13.8
2011,7,3,0,0,13.4
2011,7,3,1,0,13.1
2011,7,3,2,0,12.7
2011,7,3,3,0,12.3
2011,7,3,4,0,12
2011,7,3,5,0,11.7
2011,7,3,6,0,11.7
2011,7,3,7,51,12.3
2011,7,3,8,209,13.5
2011,7,3,9,359,14.1
2011,7,3,10,470,16
2011,7,3,11,527,17.2
2011,7,3,12,525,18.1
2011,7,3,13,467,18.5
2011,7,3,14,353,18.5
2011,7,3,15,202,18
2011,7,3,16,46,17.2
2011,7,3,17,0,16.5
2011,7,3,18,0,15.9
2011,7,3,19,0,15.5
2011,7,3,20,0,15.1
2011,7,3,21,0,14.7
2011,7,3,22,0,14.4
2011,7,3,23,0,14.2
2011,7,4,0,0,14.1
2011,7,4,1,0,14
2011,7,4,2,0,14
2011,7,4,3,0,14
2011,7,4,4,0,13.9
2011,7,4,5,0,13.8
2011,7,4,6,0,13.8
2011,7,4,7,46,14.2
2011,7,4,8,197,15
2011,7,4,9,342,15.4
2011,7,4,10,457,17.3
2011,7,4,11,513,18.5
2011,7,4,12,512,19.2
2011,7,4,13,363,19.5
2011,7,4,14,157,19.4
2011,7,4,15,80,18.7
2011,7,4,16,16,17.6
2011,7,4,17,0,16.7
2011,7,4,18,0,16
2011,7,4,19,0,15.4
2011,7,4,20,0,14.9
2011,7,4,21,0,14.4
2011,7,4,22,0,14.1
2011,7,4,23,0,13.9
2011,7,5,0,0,13.7
2011,7,5,1,0,13.6
2011,7,5,2,0,13.3
2011,7,5,3,0,13.2
2011,7,5,4,0,13
2011,7,5,5,0,12.9
2011,7,5,6,0,13
2011,7,5,7,29,13.4
2011,7,5,8,219,13.9
2011,7,5,9,373,14.2
2011,7,5,10,482,15
2011,7,5,11,541,15.4
2011,7,5,12,399,15.6
2011,7,5,13,483,15.6
2011,7,5,14,371,15.4
2011,7,5,15,216,14.8
2011,7,5,16,53,14.1
2011,7,5,17,0,13.6
2011,7,5,18,0,13.2
2011,7,5,19,0,13
2011,7,5,20,0,12.8
2011,7,5,21,0,12.6
2011,7,5,22,0,12.4
2011,7,5,23,0,12.2
2011,7,6,0,0,12
2011,7,6,1,0,11.9
2011,7,6,2,0,11.8
2011,7,6,3,0,11.7
2011,7,6,4,0,11.7
2011,7,6,5,0,11.6
2011,7,6,6,0,11.7
2011,7,6,7,55,12.3
2011,7,6,8,219,13.3
2011,7,6,9,372,13.7
2011,7,6,10,481,14.7
2011,7,6,11,537,15.1
2011,7,6,12,535,15.4
2011,7,6,13,421,15.5
2011,7,6,14,363,15.3
2011,7,6,15,212,14.9
2011,7,6,16,52,14.1
2011,7,6,17,0,13.4
2011,7,6,18,0,13
2011,7,6,19,0,12.7
2011,7,6,20,0,12.6
2011,7,6,21,0,12.6
2011,7,6,22,0,12.7
2011,7,6,23,0,12.8
2011,7,7,0,0,12.9
2011,7,7,1,0,12.9
2011,7,7,2,0,12.9
2011,7,7,3,0,12.8
2011,7,7,4,0,12.9
2011,7,7,5,0,12.9
2011,7,7,6,0,13.1
2011,7,7,7,29,13.6
2011,7,7,8,214,14.2
2011,7,7,9,366,14.4
2011,7,7,10,474,15.1
2011,7,7,11,534,15.4
2011,7,7,12,534,15.6
2011,7,7,13,476,15.6
2011,7,7,14,364,15.4
2011,7,7,15,213,14.8
2011,7,7,16,52,14
2011,7,7,17,0,13.3
2011,7,7,18,0,12.6
2011,7,7,19,0,12
2011,7,7,20,0,11.4
2011,7,7,21,0,11.1
2011,7,7,22,0,10.8
2011,7,7,23,0,10.6
2011,7,8,0,0,10.3
2011,7,8,1,0,9.9
2011,7,8,2,0,9.6
2011,7,8,3,0,9.3
2011,7,8,4,0,9
2011,7,8,5,0,8.7
2011,7,8,6,0,8.6
2011,7,8,7,30,9.2
2011,7,8,8,224,10.3
2011,7,8,9,380,10.8
2011,7,8,10,495,12.6
2011,7,8,11,556,13.5
2011,7,8,12,556,14.4
2011,7,8,13,496,15.2
2011,7,8,14,384,15.7
2011,7,8,15,227,15.4
2011,7,8,16,58,14.6
2011,7,8,17,0,13.4
2011,7,8,18,0,12
2011,7,8,19,0,10.6
2011,7,8,20,0,9.6
2011,7,8,21,0,9
2011,7,8,22,0,8.5
2011,7,8,23,0,8.2
2011,7,9,0,0,7.9
2011,7,9,1,0,7.7
2011,7,9,2,0,7.6
2011,7,9,3,0,7.5
2011,7,9,4,0,7.5
2011,7,9,5,0,7.6
2011,7,9,6,0,8
2011,7,9,7,30,9.1
2011,7,9,8,140,10.6
2011,7,9,9,378,11.3
2011,7,9,10,490,13.3
2011,7,9,11,550,14.3
2011,7,9,12,553,15
2011,7,9,13,494,15.4
2011,7,9,14,379,15.3
2011,7,9,15,225,14.5
2011,7,9,16,59,13.4
2011,7,9,17,0,12.4
2011,7,9,18,0,11.7
2011,7,9,19,0,11.1
2011,7,9,20,0,10.6
2011,7,9,21,0,10.2
2011,7,9,22,0,9.9
2011,7,9,23,0,9.6
2011,7,10,0,0,9.3
2011,7,10,1,0,9
2011,7,10,2,0,8.7
2011,7,10,3,0,8.5
2011,7,10,4,0,8.5
2011,7,10,5,0,8.5
2011,7,10,6,0,8.8
2011,7,10,7,36,9.8
2011,7,10,8,229,11.3
2011,7,10,9,387,12
2011,7,10,10,499,13.8
2011,7,10,11,560,14.6
2011,7,10,12,557,15
2011,7,10,13,497,15.1
2011,7,10,14,383,15
2011,7,10,15,226,14.4
2011,7,10,16,60,13.6
2011,7,10,17,0,12.8
2011,7,10,18,0,12.2
2011,7,10,19,0,11.7
2011,7,10,20,0,11.4
2011,7,10,21,0,11.2
2011,7,10,22,0,11.2
2011,7,10,23,0,11.2
2011,7,11,0,0,11.3
2011,7,11,1,0,11.5
2011,7,11,2,0,11.7
2011,7,11,3,0,11.7
2011,7,11,4,0,11.6
2011,7,11,5,0,11.3
2011,7,11,6,0,11.2
2011,7,11,7,35,11.6
2011,7,11,8,221,12.5
2011,7,11,9,376,12.9
2011,7,11,10,491,14.1
2011,7,11,11,551,14.8
2011,7,11,12,548,15.3
2011,7,11,13,491,15.5
2011,7,11,14,377,15.6
2011,7,11,15,223,15.1
2011,7,11,16,59,14.2
2011,7,11,17,0,13.4
2011,7,11,18,0,12.7
2011,7,11,19,0,11.8
2011,7,11,20,0,11
2011,7,11,21,0,10.4
2011,7,11,22,0,10.1
2011,7,11,23,0,10
2011,7,12,0,0,10
2011,7,12,1,0,9.8
2011,7,12,2,0,9.6
2011,7,12,3,0,9.4
2011,7,12,4,0,9.3
2011,7,12,5,0,9.2
2011,7,12,6,0,9.3
2011,7,12,7,58,10
2011,7,12,8,224,11.3
2011,7,12,9,381,12
2011,7,12,10,496,13.8
2011,7,12,11,560,14.8
2011,7,12,12,560,15.7
2011,7,12,13,502,16.5
2011,7,12,14,384,16.9
2011,7,12,15,229,16.6
2011,7,12,16,62,15.6
2011,7,12,17,0,14.6
2011,7,12,18,0,13.6
2011,7,12,19,0,13
2011,7,12,20,0,12.5
2011,7,12,21,0,12.1
2011,7,12,22,0,11.7
2011,7,12,23,0,11.3
2011,7,13,0,0,11
2011,7,13,1,0,10.7
2011,7,13,2,0,10.6
2011,7,13,3,0,10.4
2011,7,13,4,0,10.4
2011,7,13,5,0,10.4
2011,7,13,6,0,10.4
2011,7,13,7,4,10.8
2011,7,13,8,8,11.5
2011,7,13,9,14,12
2011,7,13,10,22,12.8
2011,7,13,11,60,13.5
2011,7,13,12,118,13.9
2011,7,13,13,163,14.1
2011,7,13,14,149,13.9
2011,7,13,15,80,13.6
2011,7,13,16,22,13.3
2011,7,13,17,0,13
2011,7,13,18,0,12.7
2011,7,13,19,0,12.4
2011,7,13,20,0,12.2
2011,7,13,21,0,12.1
2011,7,13,22,0,11.9
2011,7,13,23,0,11.8
2011,7,14,0,0,11.6
2011,7,14,1,0,11.4
2011,7,14,2,0,11.2
2011,7,14,3,0,11
2011,7,14,4,0,10.9
2011,7,14,5,0,10.8
2011,7,14,6,0,10.9
2011,7,14,7,60,11.5
2011,7,14,8,226,12.4
2011,7,14,9,382,12.8
2011,7,14,10,490,13.6
2011,7,14,11,551,14
2011,7,14,12,551,14.1
2011,7,14,13,487,14.3
2011,7,14,14,288,14.2
2011,7,14,15,163,13.8
2011,7,14,16,40,13.2
2011,7,14,17,0,12.8
2011,7,14,18,0,12.6
2011,7,14,19,0,12.4
2011,7,14,20,0,12.3
2011,7,14,21,0,12.3
2011,7,14,22,0,12.3
2011,7,14,23,0,12.2
2011,7,15,0,0,12.2
2011,7,15,1,0,12
2011,7,15,2,0,11.8
2011,7,15,3,0,11.7
2011,7,15,4,0,11.5
2011,7,15,5,0,11.2
2011,7,15,6,0,11.2
2011,7,15,7,24,11.8
2011,7,15,8,105,12.7
2011,7,15,9,232,13.2
2011,7,15,10,79,13.9
2011,7,15,11,173,14.1
2011,7,15,12,248,14.4
2011,7,15,13,247,14.6
2011,7,15,14,250,14.6
2011,7,15,15,137,14.5
2011,7,15,16,33,14.2
2011,7,15,17,0,14.1
2011,7,15,18,0,14
2011,7,15,19,0,13.9
2011,7,15,20,0,13.8
2011,7,15,21,0,13.7
2011,7,15,22,0,13.6
2011,7,15,23,0,13.5
2011,7,16,0,0,13.4
2011,7,16,1,0,13.2
2011,7,16,2,0,13.1
2011,7,16,3,0,13.2
2011,7,16,4,0,13.3
2011,7,16,5,0,13.4
2011,7,16,6,0,13.4
2011,7,16,7,9,13.5
2011,7,16,8,24,13.8
2011,7,16,9,292,13.9
2011,7,16,10,349,14.1
2011,7,16,11,411,14.4
2011,7,16,12,261,14.8
2011,7,16,13,151,15.2
2011,7,16,14,261,15.3
2011,7,16,15,126,15
2011,7,16,16,34,14.6
2011,7,16,17,0,14.3
2011,7,16,18,0,14.2
2011,7,16,19,0,14.1
2011,7,16,20,0,14.1
2011,7,16,21,0,14.1
2011,7,16,22,0,14.1
2011,7,16,23,0,14.1
2011,7,17,0,0,14.1
2011,7,17,1,0,13.9
2011,7,17,2,0,13.8
2011,7,17,3,0,13.6
2011,7,17,4,0,13.5
2011,7,17,5,0,13.4
2011,7,17,6,0,13.6
2011,7,17,7,41,14
2011,7,17,8,157,14.6
2011,7,17,9,253,14.8
2011,7,17,10,159,14.9
2011,7,17,11,261,15
2011,7,17,12,189,15
2011,7,17,13,294,15
2011,7,17,14,104,14.9
2011,7,17,15,16,14.6
2011,7,17,16,5,14.2
2011,7,17,17,0,13.8
2011,7,17,18,0,13.6
2011,7,17,19,0,13.5
2011,7,17,20,0,13.3
2011,7,17,21,0,13.1
2011,7,17,22,0,12.9
2011,7,17,23,0,12.7
2011,7,18,0,0,12.4
2011,7,18,1,0,12.1
2011,7,18,2,0,11.9
2011,7,18,3,0,11.8
2011,7,18,4,0,11.6
2011,7,18,5,0,11.5
2011,7,18,6,0,11.6
2011,7,18,7,10,12.2
2011,7,18,8,29,13.2
2011,7,18,9,301,13.7
2011,7,18,10,487,15.5
2011,7,18,11,547,16.3
2011,7,18,12,547,16.8
2011,7,18,13,492,17.1
2011,7,18,14,380,17.2
2011,7,18,15,71,16.9
2011,7,18,16,18,16.3
2011,7,18,17,0,15.8
2011,7,18,18,0,15.2
2011,7,18,19,0,14.3
2011,7,18,20,0,13.2
2011,7,18,21,0,12.3
2011,7,18,22,0,11.6
2011,7,18,23,0,11.1
2011,7,19,0,0,10.8
2011,7,19,1,0,10.4
2011,7,19,2,0,10
2011,7,19,3,0,9.6
2011,7,19,4,0,9.4
2011,7,19,5,0,9.2
2011,7,19,6,0,9.3
2011,7,19,7,52,10.1
2011,7,19,8,189,11.1
2011,7,19,9,302,11.6
2011,7,19,10,496,12.6
2011,7,19,11,551,13.1
2011,7,19,12,433,13.3
2011,7,19,13,105,13.1
2011,7,19,14,68,12.9
2011,7,19,15,132,12.6
2011,7,19,16,52,12.2
2011,7,19,17,0,11.8
2011,7,19,18,0,11.8
2011,7,19,19,0,12.2
2011,7,19,20,0,12.8
2011,7,19,21,0,13.7
2011,7,19,22,0,14.6
2011,7,19,23,0,15
2011,7,20,0,0,15.1
2011,7,20,1,0,15.3
2011,7,20,2,0,15.4
2011,7,20,3,0,15.4
2011,7,20,4,0,15.4
2011,7,20,5,0,15.3
2011,7,20,6,0,15.4
2011,7,20,7,21,15.5
2011,7,20,8,74,15.6
2011,7,20,9,41,15.6
2011,7,20,10,192,16
2011,7,20,11,265,16.3
2011,7,20,12,353,16.5
2011,7,20,13,165,16.5
2011,7,20,14,116,16.3
2011,7,20,15,56,15.9
2011,7,20,16,15,15.5
2011,7,20,17,0,15.3
2011,7,20,18,0,15.2
2011,7,20,19,0,15
2011,7,20,20,0,14.8
2011,7,20,21,0,14.6
2011,7,20,22,0,14.6
2011,7,20,23,0,14.6
2011,7,21,0,0,14.6
2011,7,21,1,0,14.4
2011,7,21,2,0,14.3
2011,7,21,3,0,14.3
2011,7,21,4,0,14.3
2011,7,21,5,0,14.4
2011,7,21,6,0,14.4
2011,7,21,7,4,14.5
2011,7,21,8,8,14.7
2011,7,21,9,22,14.8
2011,7,21,10,20,14.8
2011,7,21,11,30,14.8
2011,7,21,12,24,14.7
2011,7,21,13,50,14.6
2011,7,21,14,75,14.4
2011,7,21,15,47,14.3
2011,7,21,16,16,14.3
2011,7,21,17,0,14.4
2011,7,21,18,0,14.6
2011,7,21,19,0,14.7
2011,7,21,20,0,14.7
2011,7,21,21,0,14.7
2011,7,21,22,0,14.6
2011,7,21,23,0,14.5
2011,7,22,0,0,14.4
2011,7,22,1,0,14.4
2011,7,22,2,0,14.5
2011,7,22,3,0,14.5
2011,7,22,4,0,14.5
2011,7,22,5,0,14.5
2011,7,22,6,0,14.5
2011,7,22,7,5,14.5
2011,7,22,8,9,14.7
2011,7,22,9,58,14.8
2011,7,22,10,17,14.8
2011,7,22,11,27,14.8
2011,7,22,12,27,14.8
2011,7,22,13,22,14.9
2011,7,22,14,64,14.8
2011,7,22,15,69,14.6
2011,7,22,16,22,14.3
2011,7,22,17,0,14.2
2011,7,22,18,0,14.1
2011,7,22,19,0,14.1
2011,7,22,20,0,14
2011,7,22,21,0,13.9
2011,7,22,22,0,13.7
2011,7,22,23,0,13.6
2011,7,23,0,0,13.5
2011,7,23,1,0,13.4
2011,7,23,2,0,13.3
2011,7,23,3,0,13.2
2011,7,23,4,0,13.1
2011,7,23,5,0,13.1
2011,7,23,6,0,13.2
2011,7,23,7,24,13.4
2011,7,23,8,16,13.8
2011,7,23,9,80,13.9
2011,7,23,10,205,14.6
2011,7,23,11,368,15
2011,7,23,12,248,15.2
2011,7,23,13,315,15.2
2011,7,23,14,308,15.1
2011,7,23,15,162,14.8
2011,7,23,16,45,14.3
2011,7,23,17,0,13.9
2011,7,23,18,0,13.5
2011,7,23,19,0,13.2
2011,7,23,20,0,12.8
2011,7,23,21,0,12.6
2011,7,23,22,0,12.3
2011,7,23,23,0,12
2011,7,24,0,0,11.8
2011,7,24,1,0,11.6
2011,7,24,2,0,11.3
2011,7,24,3,0,11.2
2011,7,24,4,0,11
2011,7,24,5,0,10.9
2011,7,24,6,0,10.9
2011,7,24,7,33,11.4
2011,7,24,8,130,12
2011,7,24,9,272,12.3
2011,7,24,10,391,13.1
2011,7,24,11,399,13.6
2011,7,24,12,417,13.9
2011,7,24,13,281,14
2011,7,24,14,234,13.9
2011,7,24,15,163,13.7
2011,7,24,16,49,13.4
2011,7,24,17,0,13.1
2011,7,24,18,0,12.8
2011,7,24,19,0,12.5
2011,7,24,20,0,12.4
2011,7,24,21,0,12.2
2011,7,24,22,0,11.9
2011,7,24,23,0,11.5
2011,7,25,0,0,11.1
2011,7,25,1,0,10.7
2011,7,25,2,0,10.5
2011,7,25,3,0,10.3
2011,7,25,4,0,10.4
2011,7,25,5,0,10.5
2011,7,25,6,0,10.6
2011,7,25,7,35,11
2011,7,25,8,73,11.7
2011,7,25,9,200,12.2
2011,7,25,10,414,14
2011,7,25,11,376,15.1
2011,7,25,12,354,15.8
2011,7,25,13,237,16.2
2011,7,25,14,231,16.4
2011,7,25,15,248,16.1
2011,7,25,16,26,15.5
2011,7,25,17,0,14.9
2011,7,25,18,0,14.5
2011,7,25,19,0,14
2011,7,25,20,0,13.4
2011,7,25,21,0,12.8
2011,7,25,22,0,12.3
2011,7,25,23,0,11.9
2011,7,26,0,0,11.6
2011,7,26,1,0,11.3
2011,7,26,2,0,11.2
2011,7,26,3,0,11.1
2011,7,26,4,0,11.1
2011,7,26,5,0,11.1
2011,7,26,6,0,11.3
2011,7,26,7,76,12.1
2011,7,26,8,248,13.2
2011,7,26,9,406,13.8
2011,7,26,10,522,15.2
2011,7,26,11,436,15.7
2011,7,26,12,45,16.1
2011,7,26,13,185,16.3
2011,7,26,14,303,16.4
2011,7,26,15,183,16.2
2011,7,26,16,55,15.6
2011,7,26,17,0,15.1
2011,7,26,18,0,14.6
2011,7,26,19,0,14.1
2011,7,26,20,0,13.5
2011,7,26,21,0,12.8
2011,7,26,22,0,12.4
2011,7,26,23,0,12.1
2011,7,27,0,0,11.7
2011,7,27,1,0,11.5
2011,7,27,2,0,11.3
2011,7,27,3,0,11.3
2011,7,27,4,0,11.2
2011,7,27,5,0,11.3
2011,7,27,6,0,11.5
2011,7,27,7,60,12.1
2011,7,27,8,196,12.8
2011,7,27,9,249,13.2
2011,7,27,10,507,14.3
2011,7,27,11,568,14.9
2011,7,27,12,570,15.3
2011,7,27,13,383,15.5
2011,7,27,14,399,15.4
2011,7,27,15,179,15.1
2011,7,27,16,53,14.6
2011,7,27,17,0,14.4
2011,7,27,18,0,14.4
2011,7,27,19,0,14.5
2011,7,27,20,0,14.6
2011,7,27,21,0,14.7
2011,7,27,22,0,14.6
2011,7,27,23,0,14.1
2011,7,28,0,0,13.5
2011,7,28,1,0,13
2011,7,28,2,0,12.5
2011,7,28,3,0,12
2011,7,28,4,0,11.5
2011,7,28,5,0,10.9
2011,7,28,6,0,10.8
2011,7,28,7,77,11.4
2011,7,28,8,249,12.4
2011,7,28,9,409,12.9
2011,7,28,10,531,14.8
2011,7,28,11,595,15.9
2011,7,28,12,597,16.5
2011,7,28,13,540,16.9
2011,7,28,14,424,17
2011,7,28,15,265,16.6
2011,7,28,16,89,15.7
2011,7,28,17,0,14.8
2011,7,28,18,0,14.3
2011,7,28,19,0,13.7
2011,7,28,20,0,13.2
2011,7,28,21,0,12.9
2011,7,28,22,0,12.6
2011,7,28,23,0,12.3
2011,7,29,0,0,11.9
2011,7,29,1,0,11.5
2011,7,29,2,0,11
2011,7,29,3,0,10.5
2011,7,29,4,0,10
2011,7,29,5,0,9.6
2011,7,29,6,0,9.6
2011,7,29,7,84,10.5
2011,7,29,8,264,12
2011,7,29,9,427,12.8
2011,7,29,10,548,14.9
2011,7,29,11,612,15.8
2011,7,29,12,613,16.5
2011,7,29,13,553,16.9
2011,7,29,14,436,17
2011,7,29,15,275,16.6
2011,7,29,16,95,15.8
2011,7,29,17,0,15.2
2011,7,29,18,0,14.8
2011,7,29,19,0,14.6
2011,7,29,20,0,14.3
2011,7,29,21,0,14
2011,7,29,22,0,13.7
2011,7,29,23,0,13.4
2011,7,30,0,0,13
2011,7,30,1,0,12.7
2011,7,30,2,0,12.3
2011,7,30,3,0,11.9
2011,7,30,4,0,11.4
2011,7,30,5,0,10.8
2011,7,30,6,0,10.5
2011,7,30,7,85,11
2011,7,30,8,264,12.2
2011,7,30,9,427,12.8
2011,7,30,10,548,14.8
2011,7,30,11,612,15.8
2011,7,30,12,613,16.5
2011,7,30,13,551,17
2011,7,30,14,433,17.2
2011,7,30,15,270,16.7
2011,7,30,16,93,15.8
2011,7,30,17,0,15.2
2011,7,30,18,0,14.7
2011,7,30,19,0,14.3
2011,7,30,20,0,13.8
2011,7,30,21,0,13.3
2011,7,30,22,0,12.9
2011,7,30,23,0,12.4
2011,7,31,0,0,11.9
2011,7,31,1,0,11.5
2011,7,31,2,0,11
2011,7,31,3,0,10.6
2011,7,31,4,0,10.3
2011,7,31,5,0,9.9
2011,7,31,6,0,9.7
2011,7,31,7,86,10.3
2011,7,31,8,38,11.4
2011,7,31,9,425,12.1
2011,7,31,10,542,15
2011,7,31,11,439,16.4
2011,7,31,12,595,17.1
2011,7,31,13,534,17.4
2011,7,31,14,419,17.6
2011,7,31,15,264,17.4
2011,7,31,16,56,16.7
2011,7,31,17,0,16.1
2011,7,31,18,0,15.7
2011,7,31,19,0,15.3
2011,7,31,20,0,14.8
2011,7,31,21,0,14.3
2011,7,31,22,0,13.8
2011,7,31,23,0,13.2
2011,8,1,0,0,12.7
2011,8,1,1,0,12.1
2011,8,1,2,0,11.7
2011,8,1,3,0,11.3
2011,8,1,4,0,11
2011,8,1,5,0,10.7
2011,8,1,6,0,10.7
2011,8,1,7,85,11.5
2011,8,1,8,259,12.8
2011,8,1,9,69,13.5
2011,8,1,10,535,16.3
2011,8,1,11,597,17.7
2011,8,1,12,595,18.6
2011,8,1,13,541,19
2011,8,1,14,426,19
2011,8,1,15,267,18.4
2011,8,1,16,95,17.5
2011,8,1,17,0,16.8
2011,8,1,18,0,16.4
2011,8,1,19,0,16.1
2011,8,1,20,0,15.8
2011,8,1,21,0,15.4
2011,8,1,22,0,14.8
2011,8,1,23,0,14.2
2011,8,2,0,0,13.6
2011,8,2,1,0,12.9
2011,8,2,2,0,12.3
2011,8,2,3,0,11.7
2011,8,2,4,0,11.1
2011,8,2,5,0,10.6
2011,8,2,6,0,10.5
2011,8,2,7,92,11.2
2011,8,2,8,271,12.6
2011,8,2,9,432,13.3
2011,8,2,10,548,16.1
2011,8,2,11,609,17.6
2011,8,2,12,608,18.5
2011,8,2,13,552,18.9
2011,8,2,14,303,19
2011,8,2,15,275,18.5
2011,8,2,16,99,17.5
2011,8,2,17,0,16.7
2011,8,2,18,0,16.3
2011,8,2,19,0,15.9
2011,8,2,20,0,15.6
2011,8,2,21,0,15.3
2011,8,2,22,0,14.9
2011,8,2,23,0,14.5
2011,8,3,0,0,14.2
2011,8,3,1,0,13.9
2011,8,3,2,0,13.6
2011,8,3,3,0,13.3
2011,8,3,4,0,13
2011,8,3,5,0,13.1
2011,8,3,6,0,13.7
2011,8,3,7,38,14.7
2011,8,3,8,17,15.7
2011,8,3,9,211,16.1
2011,8,3,10,315,17.6
2011,8,3,11,498,18.8
2011,8,3,12,489,19.7
2011,8,3,13,411,20.2
2011,8,3,14,364,20.4
2011,8,3,15,276,20
2011,8,3,16,97,19
2011,8,3,17,0,18.2
2011,8,3,18,0,17.7
2011,8,3,19,0,17.2
2011,8,3,20,0,16.7
2011,8,3,21,0,16.2
2011,8,3,22,0,15.9
2011,8,3,23,0,15.5
2011,8,4,0,0,15
2011,8,4,1,0,14.5
2011,8,4,2,0,13.9
2011,8,4,3,0,13.5
2011,8,4,4,0,13.2
2011,8,4,5,0,12.9
2011,8,4,6,0,12.9
2011,8,4,7,93,13.7
2011,8,4,8,270,14.9
2011,8,4,9,432,15.6
2011,8,4,10,552,18.1
2011,8,4,11,615,19.4
2011,8,4,12,617,20.1
2011,8,4,13,560,20.4
2011,8,4,14,444,20.4
2011,8,4,15,285,19.9
2011,8,4,16,105,18.9
2011,8,4,17,0,18.2
2011,8,4,18,0,17.7
2011,8,4,19,0,17.1
2011,8,4,20,0,16.6
2011,8,4,21,0,16.1
2011,8,4,22,0,15.7
2011,8,4,23,0,15.4
2011,8,5,0,0,14.9
2011,8,5,1,0,14.4
2011,8,5,2,0,13.9
2011,8,5,3,0,13.4
2011,8,5,4,0,13
2011,8,5,5,0,12.5
2011,8,5,6,0,12.5
2011,8,5,7,96,13.3
2011,8,5,8,274,14.7
2011,8,5,9,435,15.5
2011,8,5,10,558,18
2011,8,5,11,623,19.2
2011,8,5,12,624,19.8
2011,8,5,13,565,20.1
2011,8,5,14,446,20
2011,8,5,15,284,19.5
2011,8,5,16,104,18.6
2011,8,5,17,0,17.7
2011,8,5,18,0,17.2
2011,8,5,19,0,16.8
2011,8,5,20,0,16.4
2011,8,5,21,0,15.9
2011,8,5,22,0,15.5
2011,8,5,23,0,15.2
2011,8,6,0,0,14.9
2011,8,6,1,0,14.5
2011,8,6,2,0,14.1
2011,8,6,3,0,13.8
2011,8,6,4,0,13.4
2011,8,6,5,0,13.1
2011,8,6,6,0,13.1
2011,8,6,7,67,13.9
2011,8,6,8,184,15.1
2011,8,6,9,311,15.8
2011,8,6,10,425,17.9
2011,8,6,11,542,18.8
2011,8,6,12,489,19.5
2011,8,6,13,554,19.9
2011,8,6,14,67,20
2011,8,6,15,27,19.6
2011,8,6,16,8,18.8
2011,8,6,17,0,18.1
2011,8,6,18,0,17.7
2011,8,6,19,0,17.3
2011,8,6,20,0,16.9
2011,8,6,21,0,16.6
2011,8,6,22,0,16.1
2011,8,6,23,0,15.7
2011,8,7,0,0,15.4
2011,8,7,1,0,15.2
2011,8,7,2,0,15
2011,8,7,3,0,14.8
2011,8,7,4,0,14.5
2011,8,7,5,0,14.3
2011,8,7,6,0,14.3
2011,8,7,7,41,14.7
2011,8,7,8,138,15.5
2011,8,7,9,265,15.9
2011,8,7,10,543,17.2
2011,8,7,11,607,17.9
2011,8,7,12,370,18.3
2011,8,7,13,137,18.4
2011,8,7,14,47,18.2
2011,8,7,15,26,17.6
2011,8,7,16,10,16.6
2011,8,7,17,0,15.7
2011,8,7,18,0,15.1
2011,8,7,19,0,14.5
2011,8,7,20,0,14.1
2011,8,7,21,0,13.6
2011,8,7,22,0,13.1
2011,8,7,23,0,12.6
2011,8,8,0,0,12.1
2011,8,8,1,0,11.5
2011,8,8,2,0,11
2011,8,8,3,0,10.7
2011,8,8,4,0,10.5
2011,8,8,5,0,10.5
2011,8,8,6,0,10.8
2011,8,8,7,7,11.5
2011,8,8,8,19,12.5
2011,8,8,9,33,13
2011,8,8,10,45,14.3
2011,8,8,11,51,14.8
2011,8,8,12,51,15
2011,8,8,13,45,15.2
2011,8,8,14,34,15.2
2011,8,8,15,20,15
2011,8,8,16,7,14.7
2011,8,8,17,0,14.2
2011,8,8,18,0,13.8
2011,8,8,19,0,13.3
2011,8,8,20,0,12.7
2011,8,8,21,0,12.1
2011,8,8,22,0,11.4
2011,8,8,23,0,10.8
2011,8,9,0,0,10.3
2011,8,9,1,0,10
2011,8,9,2,0,9.8
2011,8,9,3,0,9.6
2011,8,9,4,0,9.4
2011,8,9,5,0,9.3
2011,8,9,6,0,9.5
2011,8,9,7,8,10.2
2011,8,9,8,22,11
2011,8,9,9,54,11.5
2011,8,9,10,46,12.7
2011,8,9,11,52,13.3
2011,8,9,12,66,13.7
2011,8,9,13,49,13.9
2011,8,9,14,34,13.9
2011,8,9,15,20,13.7
2011,8,9,16,7,13.4
2011,8,9,17,0,13.3
2011,8,9,18,0,13.2
2011,8,9,19,0,12.7
2011,8,9,20,0,12.2
2011,8,9,21,0,11.7
2011,8,9,22,0,10.9
2011,8,9,23,0,10.4
2011,8,10,0,0,10.1
2011,8,10,1,0,10
2011,8,10,2,0,9.9
2011,8,10,3,0,9.8
2011,8,10,4,0,9.7
2011,8,10,5,0,9.7
2011,8,10,6,0,10
2011,8,10,7,49,11
2011,8,10,8,186,12.1
2011,8,10,9,346,12.7
2011,8,10,10,519,14.1
2011,8,10,11,591,14.8
2011,8,10,12,612,15.3
2011,8,10,13,499,15.7
2011,8,10,14,152,15.9
2011,8,10,15,36,15.6
2011,8,10,16,9,14.8
2011,8,10,17,0,14.1
2011,8,10,18,0,13.5
2011,8,10,19,0,13
2011,8,10,20,0,12.3
2011,8,10,21,0,11.7
2011,8,10,22,0,11.2
2011,8,10,23,0,10.9
2011,8,11,0,0,10.6
2011,8,11,1,0,10.3
2011,8,11,2,0,10.1
2011,8,11,3,0,9.9
2011,8,11,4,0,9.8
2011,8,11,5,0,9.9
2011,8,11,6,0,10.2
2011,8,11,7,29,11.1
2011,8,11,8,39,12.1
2011,8,11,9,45,12.6
2011,8,11,10,33,13.5
2011,8,11,11,39,13.7
2011,8,11,12,59,13.7
2011,8,11,13,50,13.7
2011,8,11,14,30,13.5
2011,8,11,15,17,13.4
2011,8,11,16,8,13.3
2011,8,11,17,0,13.6
2011,8,11,18,0,13.8
2011,8,11,19,0,13.9
2011,8,11,20,0,13.8
2011,8,11,21,0,13.8
2011,8,11,22,0,13.7
2011,8,11,23,0,13.7
2011,8,12,0,0,13.9
2011,8,12,1,0,14.1
2011,8,12,2,0,14.2
2011,8,12,3,0,14.3
2011,8,12,4,0,14.3
2011,8,12,5,0,14.3
2011,8,12,6,0,14.5
2011,8,12,7,15,15
2011,8,12,8,42,15.4
2011,8,12,9,71,15.5
2011,8,12,10,107,16.1
2011,8,12,11,157,16.3
2011,8,12,12,175,16.3
2011,8,12,13,168,16.2
2011,8,12,14,155,16.1
2011,8,12,15,96,15.9
2011,8,12,16,27,15.4
2011,8,12,17,0,15.1
2011,8,12,18,0,14.9
2011,8,12,19,0,14.8
2011,8,12,20,0,14.8
2011,8,12,21,0,14.7
2011,8,12,22,0,14.5
2011,8,12,23,0,14.2
2011,8,13,0,0,13.8
2011,8,13,1,0,13.3
2011,8,13,2,0,12.8
2011,8,13,3,0,12.4
2011,8,13,4,0,12
2011,8,13,5,0,11.6
2011,8,13,6,0,11.7
2011,8,13,7,40,12.5
2011,8,13,8,76,13.6
2011,8,13,9,105,14.1
2011,8,13,10,103,15.6
2011,8,13,11,110,16.3
2011,8,13,12,114,16.7
2011,8,13,13,92,16.9
2011,8,13,14,60,16.8
2011,8,13,15,32,16.4
2011,8,13,16,16,15.8
2011,8,13,17,0,15.3
2011,8,13,18,0,15.2
2011,8,13,19,0,15.3
2011,8,13,20,0,15.3
2011,8,13,21,0,15.3
2011,8,13,22,0,15.2
2011,8,13,23,0,15.2
2011,8,14,0,0,15.2
2011,8,14,1,0,15.2
2011,8,14,2,0,15
2011,8,14,3,0,14.8
2011,8,14,4,0,14.6
2011,8,14,5,0,14.3
2011,8,14,6,0,14.2
2011,8,14,7,16,14.3
2011,8,14,8,34,14.5
2011,8,14,9,54,14.6
2011,8,14,10,59,14.6
2011,8,14,11,47,14.7
2011,8,14,12,42,14.8
2011,8,14,13,46,14.9
2011,8,14,14,36,14.9
2011,8,14,15,21,14.7
2011,8,14,16,8,14.2
2011,8,14,17,0,13.8
2011,8,14,18,0,13.8
2011,8,14,19,0,13.8
2011,8,14,20,0,13.9
2011,8,14,21,0,13.9
2011,8,14,22,0,13.8
2011,8,14,23,0,13.6
2011,8,15,0,0,13.3
2011,8,15,1,0,13.2
2011,8,15,2,0,13
2011,8,15,3,0,12.9
2011,8,15,4,0,12.8
2011,8,15,5,0,12.7
2011,8,15,6,0,13
2011,8,15,7,8,13.8
2011,8,15,8,21,14.6
2011,8,15,9,36,14.8
2011,8,15,10,48,15.3
2011,8,15,11,41,15.4
2011,8,15,12,41,15.5
2011,8,15,13,34,15.6
2011,8,15,14,24,15.6
2011,8,15,15,14,15.4
2011,8,15,16,7,14.9
2011,8,15,17,0,14.4
2011,8,15,18,0,14.3
2011,8,15,19,0,14.3
2011,8,15,20,0,14.4
2011,8,15,21,0,14.4
2011,8,15,22,0,14.4
2011,8,15,23,0,14.4
2011,8,16,0,0,14.4
2011,8,16,1,0,14.3
2011,8,16,2,0,14.2
2011,8,16,3,0,14
2011,8,16,4,0,13.9
2011,8,16,5,0,13.7
2011,8,16,6,0,13.7
2011,8,16,7,18,14.2
2011,8,16,8,32,14.9
2011,8,16,9,50,15.2
2011,8,16,10,66,15.9
2011,8,16,11,308,16.4
2011,8,16,12,657,16.7
2011,8,16,13,596,16.9
2011,8,16,14,477,16.8
2011,8,16,15,313,16.4
2011,8,16,16,129,15.6
2011,8,16,17,0,14.9
2011,8,16,18,0,14.6
2011,8,16,19,0,14.4
2011,8,16,20,0,14.3
2011,8,16,21,0,14.2
2011,8,16,22,0,14.1
2011,8,16,23,0,14
2011,8,17,0,0,13.9
2011,8,17,1,0,13.8
2011,8,17,2,0,13.7
2011,8,17,3,0,13.7
2011,8,17,4,0,13.9
2011,8,17,5,0,14
2011,8,17,6,0,14.4
2011,8,17,7,54,15
2011,8,17,8,142,15.4
2011,8,17,9,224,15.5
2011,8,17,10,99,15.7
2011,8,17,11,98,15.8
2011,8,17,12,172,16
2011,8,17,13,213,16
2011,8,17,14,259,16
2011,8,17,15,56,16
2011,8,17,16,23,15.8
2011,8,17,17,0,15.6
2011,8,17,18,0,15.6
2011,8,17,19,0,15.7
2011,8,17,20,0,15.8
2011,8,17,21,0,15.9
2011,8,17,22,0,15.9
2011,8,17,23,0,15.8
2011,8,18,0,0,15.6
2011,8,18,1,0,15.3
2011,8,18,2,0,14.9
2011,8,18,3,0,14.5
2011,8,18,4,0,13.9
2011,8,18,5,0,13.3
2011,8,18,6,0,12.9
2011,8,18,7,135,13.1
2011,8,18,8,118,13.8
2011,8,18,9,272,14.3
2011,8,18,10,433,15.2
2011,8,18,11,680,15.8
2011,8,18,12,681,16.2
2011,8,18,13,619,16.4
2011,8,18,14,497,16.4
2011,8,18,15,329,16
2011,8,18,16,138,15.2
2011,8,18,17,0,14.3
2011,8,18,18,0,13.6
2011,8,18,19,0,12.9
2011,8,18,20,0,12.2
2011,8,18,21,0,11.6
2011,8,18,22,0,11.1
2011,8,18,23,0,10.8
2011,8,19,0,0,10.7
2011,8,19,1,0,10.5
2011,8,19,2,0,10.5
2011,8,19,3,0,10.5
2011,8,19,4,0,10.4
2011,8,19,5,0,10.4
2011,8,19,6,0,10.7
2011,8,19,7,38,11.4
2011,8,19,8,40,12.2
2011,8,19,9,163,12.6
2011,8,19,10,580,13.8
2011,8,19,11,52,14.7
2011,8,19,12,34,15.4
2011,8,19,13,302,15.8
2011,8,19,14,227,15.9
2011,8,19,15,205,15.8
2011,8,19,16,80,15.7
2011,8,19,17,0,15.6
2011,8,19,18,0,15.5
2011,8,19,19,0,15.4
2011,8,19,20,0,15.3
2011,8,19,21,0,15.2
2011,8,19,22,0,15.1
2011,8,19,23,0,15.1
2011,8,20,0,0,15
2011,8,20,1,0,15
2011,8,20,2,0,15
2011,8,20,3,0,15
2011,8,20,4,0,14.9
2011,8,20,5,0,14.9
2011,8,20,6,0,15.2
2011,8,20,7,147,15.8
2011,8,20,8,336,16.3
2011,8,20,9,322,16.5
2011,8,20,10,626,16.8
2011,8,20,11,686,16.9
2011,8,20,12,683,16.9
2011,8,20,13,614,16.8
2011,8,20,14,491,16.6
2011,8,20,15,324,16.3
2011,8,20,16,72,15.7
2011,8,20,17,0,15.2
2011,8,20,18,0,15
2011,8,20,19,0,14.9
2011,8,20,20,0,14.9
2011,8,20,21,0,14.9
2011,8,20,22,0,15
2011,8,20,23,0,15
2011,8,21,0,0,15.1
2011,8,21,1,0,15.1
2011,8,21,2,0,15
2011,8,21,3,0,14.8
2011,8,21,4,0,14.7
2011,8,21,5,0,14.7
2011,8,21,6,0,15
2011,8,21,7,151,15.6
2011,8,21,8,342,16.1
2011,8,21,9,510,16.3
2011,8,21,10,198,16.6
2011,8,21,11,297,16.6
2011,8,21,12,478,16.6
2011,8,21,13,191,16.5
2011,8,21,14,234,16.2
2011,8,21,15,189,15.9
2011,8,21,16,70,15.5
2011,8,21,17,0,15.2
2011,8,21,18,0,15
2011,8,21,19,0,15
2011,8,21,20,0,14.9
2011,8,21,21,0,14.9
2011,8,21,22,0,14.8
2011,8,21,23,0,14.7
2011,8,22,0,0,14.5
2011,8,22,1,0,14.3
2011,8,22,2,0,14.2
2011,8,22,3,0,14.1
2011,8,22,4,0,14.1
2011,8,22,5,0,14.2
2011,8,22,6,0,14.4
2011,8,22,7,160,14.9
2011,8,22,8,354,15.3
2011,8,22,9,521,15.6
2011,8,22,10,643,16
2011,8,22,11,705,16.3
2011,8,22,12,701,16.4
2011,8,22,13,634,16.3
2011,8,22,14,367,16.2
2011,8,22,15,228,15.9
2011,8,22,16,147,15.5
2011,8,22,17,0,15.2
2011,8,22,18,0,15.2
2011,8,22,19,0,15.2
2011,8,22,20,0,15.2
2011,8,22,21,0,15.2
2011,8,22,22,0,15.3
2011,8,22,23,0,15.3
2011,8,23,0,0,15.3
2011,8,23,1,0,15.3
2011,8,23,2,0,15.1
2011,8,23,3,0,15
2011,8,23,4,0,14.9
2011,8,23,5,0,14.7
2011,8,23,6,0,15
2011,8,23,7,99,15.7
2011,8,23,8,354,16.3
2011,8,23,9,522,16.5
2011,8,23,10,642,17.1
2011,8,23,11,705,17.3
2011,8,23,12,704,17.5
2011,8,23,13,640,17.6
2011,8,23,14,517,17.5
2011,8,23,15,347,17.2
2011,8,23,16,155,16.3
2011,8,23,17,0,15.4
2011,8,23,18,0,14.9
2011,8,23,19,0,14.8
2011,8,23,20,0,14.8
2011,8,23,21,0,14.9
2011,8,23,22,0,14.9
2011,8,23,23,0,14.8
2011,8,24,0,0,14.5
2011,8,24,1,0,14
2011,8,24,2,0,13.4
2011,8,24,3,0,12.8
2011,8,24,4,0,12.5
2011,8,24,5,0,12.3
2011,8,24,6,0,12.5
2011,8,24,7,170,13.5
2011,8,24,8,366,14.8
2011,8,24,9,535,15.5
2011,8,24,10,656,16.8
2011,8,24,11,719,17.3
2011,8,24,12,716,17.7
2011,8,24,13,652,17.9
2011,8,24,14,528,17.9
2011,8,24,15,355,17.6
2011,8,24,16,159,16.7
2011,8,24,17,0,15.7
2011,8,24,18,0,15.2
2011,8,24,19,0,14.8
2011,8,24,20,0,14.4
2011,8,24,21,0,14
2011,8,24,22,0,13.5
2011,8,24,23,0,13.1
2011,8,25,0,0,12.7
2011,8,25,1,0,12.3
2011,8,25,2,0,12
2011,8,25,3,0,11.8
2011,8,25,4,0,11.5
2011,8,25,5,0,11.3
2011,8,25,6,0,11.7
2011,8,25,7,179,12.8
2011,8,25,8,380,14.2
2011,8,25,9,552,14.9
2011,8,25,10,676,17
2011,8,25,11,739,18
2011,8,25,12,736,18.8
2011,8,25,13,669,19.3
2011,8,25,14,537,19.4
2011,8,25,15,362,19.1
2011,8,25,16,162,18.2
2011,8,25,17,0,17.1
2011,8,25,18,0,16.6
2011,8,25,19,0,16.2
2011,8,25,20,0,15.8
2011,8,25,21,0,15.3
2011,8,25,22,0,14.9
2011,8,25,23,0,14.4
2011,8,26,0,0,13.8
2011,8,26,1,0,13.1
2011,8,26,2,0,12.4
2011,8,26,3,0,11.9
2011,8,26,4,0,11.4
2011,8,26,5,0,11
2011,8,26,6,13,11.4
2011,8,26,7,178,12.9
2011,8,26,8,373,14.8
2011,8,26,9,539,15.9
2011,8,26,10,661,17.7
2011,8,26,11,722,18.2
2011,8,26,12,718,18.5
2011,8,26,13,653,18.5
2011,8,26,14,526,18.5
2011,8,26,15,353,18.2
2011,8,26,16,159,17.3
2011,8,26,17,0,16.4
2011,8,26,18,0,15.9
2011,8,26,19,0,15.7
2011,8,26,20,0,15.5
2011,8,26,21,0,15.2
2011,8,26,22,0,14.7
2011,8,26,23,0,14.2
2011,8,27,0,0,13.8
2011,8,27,1,0,13.4
2011,8,27,2,0,13
2011,8,27,3,0,12.6
2011,8,27,4,0,12.4
2011,8,27,5,0,12.3
2011,8,27,6,15,12.8
2011,8,27,7,180,13.9
2011,8,27,8,325,15.2
2011,8,27,9,369,15.9
2011,8,27,10,659,17.6
2011,8,27,11,110,18.1
2011,8,27,12,101,18.3
2011,8,27,13,188,18.5
2011,8,27,14,152,18.5
2011,8,27,15,171,18.1
2011,8,27,16,69,17.4
2011,8,27,17,0,16.7
2011,8,27,18,0,16.4
2011,8,27,19,0,16
2011,8,27,20,0,15.6
2011,8,27,21,0,15.3
2011,8,27,22,0,15.2
2011,8,27,23,0,15
2011,8,28,0,0,14.8
2011,8,28,1,0,14.5
2011,8,28,2,0,14.3
2011,8,28,3,0,13.9
2011,8,28,4,0,13.6
2011,8,28,5,0,13.4
2011,8,28,6,15,14
2011,8,28,7,177,15
2011,8,28,8,372,15.9
2011,8,28,9,541,16.2
2011,8,28,10,661,17.4
2011,8,28,11,722,17.9
2011,8,28,12,718,18.3
2011,8,28,13,654,18.7
2011,8,28,14,525,18.8
2011,8,28,15,353,18.6
2011,8,28,16,160,17.7
2011,8,28,17,0,16.8
2011,8,28,18,0,16.2
2011,8,28,19,0,15.8
2011,8,28,20,0,15.4
2011,8,28,21,0,14.9
2011,8,28,22,0,14.4
2011,8,28,23,0,13.8
2011,8,29,0,0,13.1
2011,8,29,1,0,12.6
2011,8,29,2,0,12.1
2011,8,29,3,0,11.7
2011,8,29,4,0,11.5
2011,8,29,5,0,11.3
2011,8,29,6,2,11.8
2011,8,29,7,190,13
2011,8,29,8,312,14.8
2011,8,29,9,454,15.9
2011,8,29,10,548,18.2
2011,8,29,11,744,19.1
2011,8,29,12,736,19.7
2011,8,29,13,578,19.9
2011,8,29,14,532,19.8
2011,8,29,15,357,19.3
2011,8,29,16,162,18.2
2011,8,29,17,0,17
2011,8,29,18,0,16.4
2011,8,29,19,0,16.1
2011,8,29,20,0,15.9
2011,8,29,21,0,15.6
2011,8,29,22,0,15.4
2011,8,29,23,0,15.1
2011,8,30,0,0,14.8
2011,8,30,1,0,14.5
2011,8,30,2,0,14.3
2011,8,30,3,0,14.1
2011,8,30,4,0,14
2011,8,30,5,0,14
2011,8,30,6,18,14.4
2011,8,30,7,182,15
2011,8,30,8,28,15.4
2011,8,30,9,546,15.5
2011,8,30,10,441,16
2011,8,30,11,724,16.3
2011,8,30,12,490,16.3
2011,8,30,13,645,16.3
2011,8,30,14,517,16.2
2011,8,30,15,347,16
2011,8,30,16,155,15.5
2011,8,30,17,0,14.9
2011,8,30,18,0,14.6
2011,8,30,19,0,14.6
2011,8,30,20,0,14.7
2011,8,30,21,0,14.8
2011,8,30,22,0,14.9
2011,8,30,23,0,14.9
2011,8,31,0,0,14.8
2011,8,31,1,0,14.7
2011,8,31,2,0,14.5
2011,8,31,3,0,14.4
2011,8,31,4,0,14.3
2011,8,31,5,0,14.4
2011,8,31,6,20,14.7
2011,8,31,7,186,15.3
2011,8,31,8,381,15.9
2011,8,31,9,550,16.2
2011,8,31,10,667,16.9
2011,8,31,11,728,17.2
2011,8,31,12,722,17.5
2011,8,31,13,655,17.6
2011,8,31,14,526,17.5
2011,8,31,15,356,17.1
2011,8,31,16,160,16.4
2011,8,31,17,0,15.6
2011,8,31,18,0,15.3
2011,8,31,19,0,15.1
2011,8,31,20,0,15
2011,8,31,21,0,15.1
2011,8,31,22,0,15.1
2011,8,31,23,0,15.2
2011,9,1,0,0,15.2
2011,9,1,1,0,15.2
2011,9,1,2,0,15.1
2011,9,1,3,0,15
2011,9,1,4,0,14.8
2011,9,1,5,0,14.7
2011,9,1,6,21,15.1
2011,9,1,7,114,15.8
2011,9,1,8,253,16.4
2011,9,1,9,545,16.7
2011,9,1,10,541,17.4
2011,9,1,11,725,17.6
2011,9,1,12,723,17.8
2011,9,1,13,658,17.8
2011,9,1,14,530,17.7
2011,9,1,15,358,17.4
2011,9,1,16,163,16.6
2011,9,1,17,0,15.8
2011,9,1,18,0,15.4
2011,9,1,19,0,15.2
2011,9,1,20,0,15.2
2011,9,1,21,0,15.2
2011,9,1,22,0,15.2
2011,9,1,23,0,15.1
2011,9,2,0,0,15
2011,9,2,1,0,14.8
2011,9,2,2,0,14.5
2011,9,2,3,0,14.3
2011,9,2,4,0,14.3
2011,9,2,5,0,14.3
2011,9,2,6,12,14.8
2011,9,2,7,101,15.5
2011,9,2,8,227,15.9
2011,9,2,9,91,16
2011,9,2,10,461,16.2
2011,9,2,11,751,16.4
2011,9,2,12,422,16.4
2011,9,2,13,534,16.3
2011,9,2,14,303,16.2
2011,9,2,15,289,15.9
2011,9,2,16,127,15.4
2011,9,2,17,5,15
2011,9,2,18,0,14.8
2011,9,2,19,0,14.7
2011,9,2,20,0,14.6
2011,9,2,21,0,14.5
2011,9,2,22,0,14.5
2011,9,2,23,0,14.4
2011,9,3,0,0,14.4
2011,9,3,1,0,14.3
2011,9,3,2,0,14.2
2011,9,3,3,0,14.2
2011,9,3,4,0,14.2
2011,9,3,5,0,14.2
2011,9,3,6,15,14.5
2011,9,3,7,216,15.3
2011,9,3,8,265,16.2
2011,9,3,9,590,16.7
2011,9,3,10,705,17.4
2011,9,3,11,764,17.8
2011,9,3,12,760,18.1
2011,9,3,13,694,18.3
2011,9,3,14,564,18.3
2011,9,3,15,387,18.1
2011,9,3,16,183,17.4
2011,9,3,17,14,16.5
2011,9,3,18,0,15.9
2011,9,3,19,0,15.5
2011,9,3,20,0,15.1
2011,9,3,21,0,14.8
2011,9,3,22,0,14.4
2011,9,3,23,0,14.1
2011,9,4,0,0,13.8
2011,9,4,1,0,13.5
2011,9,4,2,0,13.2
2011,9,4,3,0,13
2011,9,4,4,0,12.8
2011,9,4,5,0,12.7
2011,9,4,6,34,13.3
2011,9,4,7,219,14.4
2011,9,4,8,418,15.6
2011,9,4,9,588,16.3
2011,9,4,10,708,17.8
2011,9,4,11,768,18.5
2011,9,4,12,762,19
2011,9,4,13,692,19.3
2011,9,4,14,558,19.3
2011,9,4,15,381,19
2011,9,4,16,179,18.1
2011,9,4,17,13,17.2
2011,9,4,18,0,16.6
2011,9,4,19,0,16.2
2011,9,4,20,0,15.9
2011,9,4,21,0,15.5
2011,9,4,22,0,15.2
2011,9,4,23,0,14.8
2011,9,5,0,0,14.4
2011,9,5,1,0,14.1
2011,9,5,2,0,13.8
2011,9,5,3,0,13.5
2011,9,5,4,0,13.3
2011,9,5,5,0,13.1
2011,9,5,6,14,13.5
2011,9,5,7,208,14.6
2011,9,5,8,402,16.2
2011,9,5,9,327,17.1
2011,9,5,10,410,19.2
2011,9,5,11,289,20
2011,9,5,12,421,20.4
2011,9,5,13,660,20.6
2011,9,5,14,532,20.5
2011,9,5,15,361,20
2011,9,5,16,168,19
2011,9,5,17,11,17.9
2011,9,5,18,0,17.3
2011,9,5,19,0,16.9
2011,9,5,20,0,16.6
2011,9,5,21,0,16.4
2011,9,5,22,0,16.1
2011,9,5,23,0,15.8
2011,9,6,0,0,15.5
2011,9,6,1,0,15.3
2011,9,6,2,0,15
2011,9,6,3,0,14.8
2011,9,6,4,0,14.6
2011,9,6,5,0,14.5
2011,9,6,6,36,15
2011,9,6,7,218,16.1
2011,9,6,8,418,17.4
2011,9,6,9,587,18.1
2011,9,6,10,708,19.9
2011,9,6,11,769,20.6
2011,9,6,12,763,21.1
2011,9,6,13,688,21.3
2011,9,6,14,554,21.3
2011,9,6,15,377,20.8
2011,9,6,16,177,19.9
2011,9,6,17,13,18.9
2011,9,6,18,0,18.3
2011,9,6,19,0,18
2011,9,6,20,0,17.7
2011,9,6,21,0,17.3
2011,9,6,22,0,16.9
2011,9,6,23,0,16.4
2011,9,7,0,0,15.6
2011,9,7,1,0,14.5
2011,9,7,2,0,13.8
2011,9,7,3,0,13.5
2011,9,7,4,0,13.1
2011,9,7,5,0,12.7
2011,9,7,6,38,12.8
2011,9,7,7,222,13.4
2011,9,7,8,428,14.2
2011,9,7,9,604,14.7
2011,9,7,10,731,16.2
2011,9,7,11,790,17
2011,9,7,12,782,17.5
2011,9,7,13,712,17.6
2011,9,7,14,574,17.2
2011,9,7,15,391,16.5
2011,9,7,16,185,15.6
2011,9,7,17,2,14.8
2011,9,7,18,0,14.5
2011,9,7,19,0,14.4
2011,9,7,20,0,14.4
2011,9,7,21,0,14.4
2011,9,7,22,0,14.6
2011,9,7,23,0,14.8
2011,9,8,0,0,14.9
2011,9,8,1,0,14.9
2011,9,8,2,0,14.8
2011,9,8,3,0,14.7
2011,9,8,4,0,14.6
2011,9,8,5,0,14.6
2011,9,8,6,5,15.2
2011,9,8,7,22,16.2
2011,9,8,8,419,16.8
2011,9,8,9,49,17
2011,9,8,10,59,17.3
2011,9,8,11,229,17.4
2011,9,8,12,173,17.4
2011,9,8,13,303,17.4
2011,9,8,14,427,17.3
2011,9,8,15,256,17
2011,9,8,16,113,16.6
2011,9,8,17,10,16.2
2011,9,8,18,0,16
2011,9,8,19,0,15.9
2011,9,8,20,0,15.6
2011,9,8,21,0,15.4
2011,9,8,22,0,15.2
2011,9,8,23,0,15.1
2011,9,9,0,0,14.8
2011,9,9,1,0,14.5
2011,9,9,2,0,14.3
2011,9,9,3,0,14.1
2011,9,9,4,0,14
2011,9,9,5,0,13.7
2011,9,9,6,4,13.1
2011,9,9,7,10,12.5
2011,9,9,8,16,12.4
2011,9,9,9,42,12.4
2011,9,9,10,70,12.8
2011,9,9,11,76,13.3
2011,9,9,12,120,13.5
2011,9,9,13,252,13.7
2011,9,9,14,329,13.9
2011,9,9,15,258,13.9
2011,9,9,16,113,13.5
2011,9,9,17,9,12.9
2011,9,9,18,0,12.6
2011,9,9,19,0,12.4
2011,9,9,20,0,12.1
2011,9,9,21,0,11.9
2011,9,9,22,0,11.6
2011,9,9,23,0,11.5
2011,9,10,0,0,11.3
2011,9,10,1,0,11
2011,9,10,2,0,10.6
2011,9,10,3,0,10.2
2011,9,10,4,0,9.9
2011,9,10,5,0,9.9
2011,9,10,6,57,10.2
2011,9,10,7,255,11
2011,9,10,8,459,11.9
2011,9,10,9,633,12.5
2011,9,10,10,753,13.9
2011,9,10,11,813,14.7
2011,9,10,12,799,15.4
2011,9,10,13,474,15.9
2011,9,10,14,95,16.2
2011,9,10,15,117,16
2011,9,10,16,48,15.4
2011,9,10,17,5,14.7
2011,9,10,18,0,14.3
2011,9,10,19,0,13.9
2011,9,10,20,0,13.6
2011,9,10,21,0,13.3
2011,9,10,22,0,13
2011,9,10,23,0,12.7
2011,9,11,0,0,12.5
2011,9,11,1,0,12.3
2011,9,11,2,0,12.1
2011,9,11,3,0,11.9
2011,9,11,4,0,11.7
2011,9,11,5,0,11.6
2011,9,11,6,60,12.2
2011,9,11,7,261,13.2
2011,9,11,8,466,14.3
2011,9,11,9,638,14.8
2011,9,11,10,760,16
2011,9,11,11,819,16.7
2011,9,11,12,809,17.2
2011,9,11,13,737,17.5
2011,9,11,14,599,17.5
2011,9,11,15,252,17.2
2011,9,11,16,205,16.3
2011,9,11,17,23,15.2
2011,9,11,18,0,14.4
2011,9,11,19,0,13.7
2011,9,11,20,0,13
2011,9,11,21,0,12.5
2011,9,11,22,0,12.4
2011,9,11,23,0,12.4
2011,9,12,0,0,12.3
2011,9,12,1,0,12
2011,9,12,2,0,11.8
2011,9,12,3,0,11.6
2011,9,12,4,0,11.3
2011,9,12,5,0,11.3
2011,9,12,6,59,11.9
2011,9,12,7,255,12.8
2011,9,12,8,458,13.8
2011,9,12,9,630,14.3
2011,9,12,10,754,15.3
2011,9,12,11,813,15.9
2011,9,12,12,804,16.3
2011,9,12,13,733,16.5
2011,9,12,14,595,16.5
2011,9,12,15,411,16.3
2011,9,12,16,203,15.7
2011,9,12,17,22,14.9
2011,9,12,18,0,14.3
2011,9,12,19,0,14
2011,9,12,20,0,13.7
2011,9,12,21,0,13.2
2011,9,12,22,0,12.8
2011,9,12,23,0,12.3
2011,9,13,0,0,11.8
2011,9,13,1,0,11.4
2011,9,13,2,0,11
2011,9,13,3,0,10.4
2011,9,13,4,0,9.8
2011,9,13,5,0,9.3
2011,9,13,6,69,9.7
2011,9,13,7,275,11.1
2011,9,13,8,484,13.1
2011,9,13,9,658,14.2
2011,9,13,10,781,16.3
2011,9,13,11,841,17.4
2011,9,13,12,827,18.5
2011,9,13,13,750,19.2
2011,9,13,14,608,19.7
2011,9,13,15,422,19.8
2011,9,13,16,211,19.2
2011,9,13,17,25,17.9
2011,9,13,18,0,17
2011,9,13,19,0,16.3
2011,9,13,20,0,15.4
2011,9,13,21,0,14.4
2011,9,13,22,0,13.7
2011,9,13,23,0,13.1
2011,9,14,0,0,12.8
2011,9,14,1,0,12.5
2011,9,14,2,0,12.2
2011,9,14,3,0,12
2011,9,14,4,0,11.9
2011,9,14,5,0,12
2011,9,14,6,72,12.8
2011,9,14,7,279,14.4
2011,9,14,8,488,16.1
2011,9,14,9,662,17
2011,9,14,10,782,19.3
2011,9,14,11,840,20.3
2011,9,14,12,830,21
2011,9,14,13,751,21.5
2011,9,14,14,611,21.6
2011,9,14,15,426,21.4
2011,9,14,16,213,20.4
2011,9,14,17,26,19.2
2011,9,14,18,0,18.4
2011,9,14,19,0,17.8
2011,9,14,20,0,17.2
2011,9,14,21,0,16.7
2011,9,14,22,0,16.3
2011,9,14,23,0,15.9
2011,9,15,0,0,15.5
2011,9,15,1,0,15.1
2011,9,15,2,0,14.8
2011,9,15,3,0,14.5
2011,9,15,4,0,14.4
2011,9,15,5,0,14.5
2011,9,15,6,11,15.2
2011,9,15,7,45,16.1
2011,9,15,8,469,16.9
2011,9,15,9,641,17.2
2011,9,15,10,555,17.9
2011,9,15,11,819,18.1
2011,9,15,12,807,18.3
2011,9,15,13,734,18.4
2011,9,15,14,596,18.4
2011,9,15,15,414,18
2011,9,15,16,208,17.1
2011,9,15,17,25,16
2011,9,15,18,0,15.3
2011,9,15,19,0,15
2011,9,15,20,0,14.8
2011,9,15,21,0,14.5
2011,9,15,22,0,14.3
2011,9,15,23,0,14
2011,9,16,0,0,13.7
2011,9,16,1,0,13.3
2011,9,16,2,0,12.9
2011,9,16,3,0,12.6
2011,9,16,4,0,12.3
2011,9,16,5,0,12.2
2011,9,16,6,76,12.7
2011,9,16,7,273,13.9
2011,9,16,8,473,15.8
2011,9,16,9,163,16.9
2011,9,16,10,765,19.5
2011,9,16,11,819,20.6
2011,9,16,12,807,21.5
2011,9,16,13,732,22.1
2011,9,16,14,593,22.6
2011,9,16,15,333,22.6
2011,9,16,16,164,21.6
2011,9,16,17,21,20.5
2011,9,16,18,0,20
2011,9,16,19,0,19.6
2011,9,16,20,0,19.1
2011,9,16,21,0,18.5
2011,9,16,22,0,17.9
2011,9,16,23,0,17.4
2011,9,17,0,0,16.8
2011,9,17,1,0,16.2
2011,9,17,2,0,15.5
2011,9,17,3,0,15
2011,9,17,4,0,14.6
2011,9,17,5,0,14.5
2011,9,17,6,78,15
2011,9,17,7,280,16.3
2011,9,17,8,483,17.8
2011,9,17,9,655,18.5
2011,9,17,10,776,20
2011,9,17,11,832,20.8
2011,9,17,12,816,21.4
2011,9,17,13,633,21.9
2011,9,17,14,593,22.2
2011,9,17,15,282,21.8
2011,9,17,16,130,20.7
2011,9,17,17,25,19.4
2011,9,17,18,0,18.7
2011,9,17,19,0,18.6
2011,9,17,20,0,18.5
2011,9,17,21,0,18.2
2011,9,17,22,0,18
2011,9,17,23,0,17.9
2011,9,18,0,0,18
2011,9,18,1,0,18
2011,9,18,2,0,17.7
2011,9,18,3,0,17.3
2011,9,18,4,0,17
2011,9,18,5,0,17
2011,9,18,6,56,17.6
2011,9,18,7,200,18.6
2011,9,18,8,400,19.7
2011,9,18,9,660,20.4
2011,9,18,10,777,22.8
2011,9,18,11,833,23.4
2011,9,18,12,815,22.8
2011,9,18,13,729,21.5
2011,9,18,14,587,20.1
2011,9,18,15,404,19
2011,9,18,16,205,17.9
2011,9,18,17,26,16.9
2011,9,18,18,0,16.2
2011,9,18,19,0,16.1
2011,9,18,20,0,16
2011,9,18,21,0,16
2011,9,18,22,0,16
2011,9,18,23,0,16.1
2011,9,19,0,0,16.2
2011,9,19,1,0,16.1
2011,9,19,2,0,16
2011,9,19,3,0,15.7
2011,9,19,4,0,15.4
2011,9,19,5,0,15.2
2011,9,19,6,79,15.9
2011,9,19,7,275,17.2
2011,9,19,8,473,18.4
2011,9,19,9,641,18.8
2011,9,19,10,765,20
2011,9,19,11,819,20.6
2011,9,19,12,807,21.1
2011,9,19,13,733,21.4
2011,9,19,14,594,21.4
2011,9,19,15,409,21
2011,9,19,16,202,20
2011,9,19,17,24,18.9
2011,9,19,18,0,18.2
2011,9,19,19,0,18.2
2011,9,19,20,0,18.2
2011,9,19,21,0,18.2
2011,9,19,22,0,18.2
2011,9,19,23,0,18.1
2011,9,20,0,0,18.1
2011,9,20,1,0,18.2
2011,9,20,2,0,18.4
2011,9,20,3,0,18.6
2011,9,20,4,0,18.8
2011,9,20,5,0,19
2011,9,20,6,67,19.4
2011,9,20,7,214,20.2
2011,9,20,8,436,21
2011,9,20,9,534,21.5
2011,9,20,10,748,22.5
2011,9,20,11,816,22.8
2011,9,20,12,814,22.9
2011,9,20,13,745,22.6
2011,9,20,14,615,21.7
2011,9,20,15,437,20.4
2011,9,20,16,230,18.8
2011,9,20,17,37,17.6
2011,9,20,18,0,16.8
2011,9,20,19,0,16.2
2011,9,20,20,0,15.6
2011,9,20,21,0,15.1
2011,9,20,22,0,14.6
2011,9,20,23,0,14.2
2011,9,21,0,0,13.9
2011,9,21,1,0,13.5
2011,9,21,2,0,13.2
2011,9,21,3,0,13
2011,9,21,4,0,12.7
2011,9,21,5,0,12.6
2011,9,21,6,106,13.3
2011,9,21,7,319,14.7
2011,9,21,8,527,16.2
2011,9,21,9,699,16.9
2011,9,21,10,819,18.2
2011,9,21,11,874,19
2011,9,21,12,861,19.7
2011,9,21,13,782,20.1
2011,9,21,14,642,20.3
2011,9,21,15,452,20.2
2011,9,21,16,235,19.3
2011,9,21,17,37,18
2011,9,21,18,0,16.9
2011,9,21,19,0,16.2
2011,9,21,20,0,15.8
2011,9,21,21,0,15.4
2011,9,21,22,0,15.1
2011,9,21,23,0,14.6
2011,9,22,0,0,14
2011,9,22,1,0,13.4
2011,9,22,2,0,12.8
2011,9,22,3,0,12.4
2011,9,22,4,0,12
2011,9,22,5,0,12
2011,9,22,6,103,12.8
2011,9,22,7,314,14.6
2011,9,22,8,523,16.8
2011,9,22,9,695,17.9
2011,9,22,10,825,19.6
2011,9,22,11,879,20.2
2011,9,22,12,863,20.5
2011,9,22,13,780,20.8
2011,9,22,14,637,20.8
2011,9,22,15,446,20.5
2011,9,22,16,230,19.6
2011,9,22,17,36,18.4
2011,9,22,18,0,17.5
2011,9,22,19,0,17.1
2011,9,22,20,0,16.8
2011,9,22,21,0,16.4
2011,9,22,22,0,15.9
2011,9,22,23,0,15.4
2011,9,23,0,0,14.9
2011,9,23,1,0,14.4
2011,9,23,2,0,13.9
2011,9,23,3,0,13.7
2011,9,23,4,0,13.4
2011,9,23,5,0,13.5
2011,9,23,6,107,14.4
2011,9,23,7,321,16.2
2011,9,23,8,531,18.6
2011,9,23,9,705,19.8
2011,9,23,10,818,22.9
2011,9,23,11,867,24.4
2011,9,23,12,846,25.4
2011,9,23,13,772,25.8
2011,9,23,14,627,25
2011,9,23,15,435,22.9
2011,9,23,16,223,20.4
2011,9,23,17,33,18.2
2011,9,23,18,0,17.1
2011,9,23,19,0,16.7
2011,9,23,20,0,16.4
2011,9,23,21,0,16.1
2011,9,23,22,0,15.8
2011,9,23,23,0,15.6
2011,9,24,0,0,15.3
2011,9,24,1,0,15.2
2011,9,24,2,0,15.1
2011,9,24,3,0,15
2011,9,24,4,0,15
2011,9,24,5,0,15.1
2011,9,24,6,7,15.5
2011,9,24,7,295,16.1
2011,9,24,8,41,16.6
2011,9,24,9,191,16.9
2011,9,24,10,763,17.4
2011,9,24,11,117,17.6
2011,9,24,12,69,17.5
2011,9,24,13,533,17.2
2011,9,24,14,50,16.8
2011,9,24,15,110,16.2
2011,9,24,16,39,15.5
2011,9,24,17,22,14.9
2011,9,24,18,0,14.6
2011,9,24,19,0,14.6
2011,9,24,20,0,14.5
2011,9,24,21,0,14.4
2011,9,24,22,0,14.2
2011,9,24,23,0,14.2
2011,9,25,0,0,14.2
2011,9,25,1,0,14.2
2011,9,25,2,0,14.1
2011,9,25,3,0,14.1
2011,9,25,4,0,14.1
2011,9,25,5,0,14.2
2011,9,25,6,81,14.4
2011,9,25,7,241,14.7
2011,9,25,8,264,14.9
2011,9,25,9,32,15
2011,9,25,10,53,15.3
2011,9,25,11,55,15.2
2011,9,25,12,63,15.2
2011,9,25,13,75,15.1
2011,9,25,14,165,15.1
2011,9,25,15,236,15.1
2011,9,25,16,169,15.1
2011,9,25,17,15,14.9
2011,9,25,18,0,14.8
2011,9,25,19,0,14.8
2011,9,25,20,0,14.7
2011,9,25,21,0,14.6
2011,9,25,22,0,14.4
2011,9,25,23,0,14.3
2011,9,26,0,0,14.3
2011,9,26,1,0,14.3
2011,9,26,2,0,14.3
2011,9,26,3,0,14.4
2011,9,26,4,0,14.4
2011,9,26,5,0,14.6
2011,9,26,6,120,15.2
2011,9,26,7,334,15.9
2011,9,26,8,264,16.3
2011,9,26,9,278,16.5
2011,9,26,10,832,16.8
2011,9,26,11,886,17
2011,9,26,12,525,17.2
2011,9,26,13,601,17.3
2011,9,26,14,650,17.2
2011,9,26,15,325,17.1
2011,9,26,16,119,16.6
2011,9,26,17,45,16
2011,9,26,18,0,15.6
2011,9,26,19,0,15.5
2011,9,26,20,0,15.3
2011,9,26,21,0,15.3
2011,9,26,22,0,15.2
2011,9,26,23,0,15.1
2011,9,27,0,0,14.9
2011,9,27,1,0,14.7
2011,9,27,2,0,14.4
2011,9,27,3,0,14.1
2011,9,27,4,0,13.7
2011,9,27,5,0,13.4
2011,9,27,6,91,13.8
2011,9,27,7,338,14.8
2011,9,27,8,546,16.2
2011,9,27,9,482,17
2011,9,27,10,700,18.1
2011,9,27,11,889,18.6
2011,9,27,12,869,18.8
2011,9,27,13,781,18.7
2011,9,27,14,538,18.5
2011,9,27,15,445,18
2011,9,27,16,235,17.4
2011,9,27,17,44,16.7
2011,9,27,18,0,16
2011,9,27,19,0,15.7
2011,9,27,20,0,15.4
2011,9,27,21,0,15.1
2011,9,27,22,0,14.8
2011,9,27,23,0,14.5
2011,9,28,0,0,14.2
2011,9,28,1,0,14
2011,9,28,2,0,13.8
2011,9,28,3,0,13.7
2011,9,28,4,0,13.6
2011,9,28,5,0,13.8
2011,9,28,6,90,14.6
2011,9,28,7,250,15.7
2011,9,28,8,210,16.7
2011,9,28,9,162,17.1
2011,9,28,10,380,18.3
2011,9,28,11,181,18.9
2011,9,28,12,85,19.2
2011,9,28,13,130,19
2011,9,28,14,108,18.5
2011,9,28,15,162,17.9
2011,9,28,16,86,17.4
2011,9,28,17,18,17
2011,9,28,18,0,16.9
2011,9,28,19,0,17
2011,9,28,20,0,17
2011,9,28,21,0,16.9
2011,9,28,22,0,16.8
2011,9,28,23,0,16.7
2011,9,29,0,0,16.5
2011,9,29,1,0,16.4
2011,9,29,2,0,16.3
2011,9,29,3,0,16.2
2011,9,29,4,0,16.2
2011,9,29,5,0,16.2
2011,9,29,6,6,16.5
2011,9,29,7,14,16.8
2011,9,29,8,64,17.3
2011,9,29,9,221,17.5
2011,9,29,10,402,18
2011,9,29,11,734,18.6
2011,9,29,12,883,19.1
2011,9,29,13,800,19.2
2011,9,29,14,125,18.9
2011,9,29,15,471,18.1
2011,9,29,16,167,16.9
2011,9,29,17,52,15.7
2011,9,29,18,0,14.8
2011,9,29,19,0,14.2
2011,9,29,20,0,13.6
2011,9,29,21,0,13.2
2011,9,29,22,0,13.1
2011,9,29,23,0,13.1
2011,9,30,0,0,13
2011,9,30,1,0,13
2011,9,30,2,0,12.9
2011,9,30,3,0,12.9
2011,9,30,4,0,12.8
2011,9,30,5,0,13
2011,9,30,6,44,13.6
2011,9,30,7,125,14.3
2011,9,30,8,437,15
2011,9,30,9,524,15.3
2011,9,30,10,863,16.5
2011,9,30,11,918,17.4
2011,9,30,12,904,18.1
2011,9,30,13,820,18.5
2011,9,30,14,677,18.6
2011,9,30,15,350,18.4
2011,9,30,16,200,17.9
2011,9,30,17,40,16.9
2011,9,30,18,0,15.9
2011,9,30,19,0,15.3
2011,9,30,20,0,14.7
2011,9,30,21,0,14.2
2011,9,30,22,0,13.6
2011,9,30,23,0,13.1
2011,10,1,0,0,12.6
2011,10,1,1,0,12.3
2011,10,1,2,0,12.3
2011,10,1,3,0,12.4
2011,10,1,4,0,12.4
2011,10,1,5,0,12.7
2011,10,1,6,142,13.5
2011,10,1,7,359,14.8
2011,10,1,8,446,16
2011,10,1,9,453,16.5
2011,10,1,10,634,17.8
2011,10,1,11,201,18.1
2011,10,1,12,197,18.2
2011,10,1,13,443,17.9
2011,10,1,14,478,17.5
2011,10,1,15,229,17.1
2011,10,1,16,194,16.6
2011,10,1,17,40,15.9
2011,10,1,18,0,15.5
2011,10,1,19,0,15.2
2011,10,1,20,0,15
2011,10,1,21,0,14.9
2011,10,1,22,0,14.7
2011,10,1,23,0,14.5
2011,10,2,0,0,14.3
2011,10,2,1,0,14.1
2011,10,2,2,0,14.1
2011,10,2,3,0,14.1
2011,10,2,4,0,14.3
2011,10,2,5,0,14.4
2011,10,2,6,26,14.5
2011,10,2,7,68,14.6
2011,10,2,8,131,14.7
2011,10,2,9,306,14.8
2011,10,2,10,465,14.8
2011,10,2,11,499,14.9
2011,10,2,12,487,15
2011,10,2,13,388,15.1
2011,10,2,14,406,15.1
2011,10,2,15,318,15.1
2011,10,2,16,185,15
2011,10,2,17,9,14.7
2011,10,2,18,0,14.4
2011,10,2,19,0,14.3
2011,10,2,20,0,14.2
2011,10,2,21,0,14.1
2011,10,2,22,0,13.9
2011,10,2,23,0,13.7
2011,10,3,0,0,13.5
2011,10,3,1,0,13.3
2011,10,3,2,0,13
2011,10,3,3,0,12.8
2011,10,3,4,0,12.5
2011,10,3,5,0,12.5
2011,10,3,6,23,12.8
2011,10,3,7,66,13.3
2011,10,3,8,396,14.1
2011,10,3,9,746,14.6
2011,10,3,10,439,15.7
2011,10,3,11,899,16.2
2011,10,3,12,883,16.4
2011,10,3,13,656,16.5
2011,10,3,14,519,16.4
2011,10,3,15,314,16.1
2011,10,3,16,147,15.7
2011,10,3,17,28,15.2
2011,10,3,18,0,14.8
2011,10,3,19,0,14.7
2011,10,3,20,0,14.5
2011,10,3,21,0,14.3
2011,10,3,22,0,14
2011,10,3,23,0,13.8
2011,10,4,0,0,13.5
2011,10,4,1,0,13.3
2011,10,4,2,0,13.1
2011,10,4,3,0,13.2
2011,10,4,4,0,13.3
2011,10,4,5,0,13.4
2011,10,4,6,68,14
2011,10,4,7,190,14.8
2011,10,4,8,278,15.6
2011,10,4,9,355,16
2011,10,4,10,626,16.7
2011,10,4,11,605,17
2011,10,4,12,593,17.1
2011,10,4,13,820,17
2011,10,4,14,675,16.8
2011,10,4,15,483,16.5
2011,10,4,16,263,16.1
2011,10,4,17,59,15.5
2011,10,4,18,0,14.9
2011,10,4,19,0,14.6
2011,10,4,20,0,14.4
2011,10,4,21,0,14.3
2011,10,4,22,0,14.3
2011,10,4,23,0,14.2
2011,10,5,0,0,14.1
2011,10,5,1,0,13.8
2011,10,5,2,0,13.5
2011,10,5,3,0,13.4
2011,10,5,4,0,13.2
2011,10,5,5,0,13.4
2011,10,5,6,71,14.1
2011,10,5,7,188,15.1
2011,10,5,8,438,15.8
2011,10,5,9,618,16.2
2011,10,5,10,773,17
2011,10,5,11,587,17.5
2011,10,5,12,572,17.9
2011,10,5,13,462,17.9
2011,10,5,14,215,17.7
2011,10,5,15,241,17.2
2011,10,5,16,133,16.5
2011,10,5,17,30,15.8
2011,10,5,18,0,15.3
2011,10,5,19,0,15
2011,10,5,20,0,14.9
2011,10,5,21,0,14.7
2011,10,5,22,0,14.7
2011,10,5,23,0,14.7
2011,10,6,0,0,14.6
2011,10,6,1,0,14.5
2011,10,6,2,0,14.4
2011,10,6,3,0,14.3
2011,10,6,4,0,14.3
2011,10,6,5,0,14.6
2011,10,6,6,142,15.2
2011,10,6,7,328,16
2011,10,6,8,339,16.8
2011,10,6,9,420,17.3
2011,10,6,10,537,18.1
2011,10,6,11,593,18.3
2011,10,6,12,578,18.3
2011,10,6,13,287,18.1
2011,10,6,14,164,17.7
2011,10,6,15,159,17.3
2011,10,6,16,29,16.8
2011,10,6,17,9,16.3
2011,10,6,18,0,15.9
2011,10,6,19,0,15.7
2011,10,6,20,0,15.5
2011,10,6,21,0,15.2
2011,10,6,22,0,14.9
2011,10,6,23,0,14.7
2011,10,7,0,0,14.7
2011,10,7,1,0,14.8
2011,10,7,2,0,14.9
2011,10,7,3,0,14.9
2011,10,7,4,0,14.9
2011,10,7,5,0,15
2011,10,7,6,20,15.3
2011,10,7,7,53,15.9
2011,10,7,8,558,16.7
2011,10,7,9,721,17.2
2011,10,7,10,830,18.5
2011,10,7,11,879,19.2
2011,10,7,12,862,19.5
2011,10,7,13,778,19.6
2011,10,7,14,634,19.4
2011,10,7,15,450,19
2011,10,7,16,204,18.4
2011,10,7,17,49,17.6
2011,10,7,18,0,17
2011,10,7,19,0,16.8
2011,10,7,20,0,16.7
2011,10,7,21,0,16.7
2011,10,7,22,0,16.6
2011,10,7,23,0,16.6
2011,10,8,0,0,16.5
2011,10,8,1,0,16.4
2011,10,8,2,0,16.2
2011,10,8,3,0,16.1
2011,10,8,4,0,16.1
2011,10,8,5,0,16.2
2011,10,8,6,80,16.6
2011,10,8,7,204,17.1
2011,10,8,8,96,17.6
2011,10,8,9,546,17.9
2011,10,8,10,554,18.4
2011,10,8,11,649,18.7
2011,10,8,12,633,18.9
2011,10,8,13,143,19
2011,10,8,14,196,18.9
2011,10,8,15,344,18.6
2011,10,8,16,227,18.1
2011,10,8,17,27,17.4
2011,10,8,18,0,16.8
2011,10,8,19,0,16.7
2011,10,8,20,0,16.8
2011,10,8,21,0,16.8
2011,10,8,22,0,16.6
2011,10,8,23,0,16.1
2011,10,9,0,0,15.7
2011,10,9,1,0,15.2
2011,10,9,2,0,14.8
2011,10,9,3,0,14.5
2011,10,9,4,0,14.2
2011,10,9,5,4,14.4
2011,10,9,6,91,15.1
2011,10,9,7,226,16
2011,10,9,8,465,17.4
2011,10,9,9,531,18.2
2011,10,9,10,636,19.9
2011,10,9,11,935,20.6
2011,10,9,12,629,20.9
2011,10,9,13,61,21
2011,10,9,14,375,21
2011,10,9,15,318,20.8
2011,10,9,16,189,20.2
2011,10,9,17,74,19.2
2011,10,9,18,0,18.2
2011,10,9,19,0,17.6
2011,10,9,20,0,17
2011,10,9,21,0,16.4
2011,10,9,22,0,15.7
2011,10,9,23,0,15.1
2011,10,10,0,0,14.6
2011,10,10,1,0,14.1
2011,10,10,2,0,13.8
2011,10,10,3,0,13.4
2011,10,10,4,0,13.3
2011,10,10,5,9,13.6
2011,10,10,6,152,14.3
2011,10,10,7,349,15.3
2011,10,10,8,488,16.3
2011,10,10,9,576,16.7
2011,10,10,10,657,17.8
2011,10,10,11,954,18.5
2011,10,10,12,930,19
2011,10,10,13,492,19.3
2011,10,10,14,256,19.3
2011,10,10,15,333,19.1
2011,10,10,16,135,18.5
2011,10,10,17,33,17.5
2011,10,10,18,0,16.8
2011,10,10,19,0,16.7
2011,10,10,20,0,16.5
2011,10,10,21,0,16.2
2011,10,10,22,0,15.9
2011,10,10,23,0,15.3
2011,10,11,0,0,14.6
2011,10,11,1,0,13.9
2011,10,11,2,0,13.3
2011,10,11,3,0,12.9
2011,10,11,4,0,12.5
2011,10,11,5,17,12.8
2011,10,11,6,109,13.7
2011,10,11,7,433,14.9
2011,10,11,8,591,16
2011,10,11,9,650,16.5
2011,10,11,10,678,17.8
2011,10,11,11,710,18.6
2011,10,11,12,428,19.1
2011,10,11,13,859,19.3
2011,10,11,14,706,19.3
2011,10,11,15,508,18.9
2011,10,11,16,288,18.1
2011,10,11,17,76,16.8
2011,10,11,18,0,15.7
2011,10,11,19,0,15.3
2011,10,11,20,0,15.1
2011,10,11,21,0,15
2011,10,11,22,0,15.2
2011,10,11,23,0,15.3
2011,10,12,0,0,15.1
2011,10,12,1,0,14.4
2011,10,12,2,0,13.7
2011,10,12,3,0,13
2011,10,12,4,0,12.4
2011,10,12,5,18,12.5
2011,10,12,6,202,13.5
2011,10,12,7,428,14.9
2011,10,12,8,635,16.2
2011,10,12,9,803,16.7
2011,10,12,10,913,17.9
2011,10,12,11,957,18.4
2011,10,12,12,935,18.5
2011,10,12,13,80,18.3
2011,10,12,14,171,17.8
2011,10,12,15,499,17.1
2011,10,12,16,150,16.4
2011,10,12,17,73,15.5
2011,10,12,18,0,14.8
2011,10,12,19,0,14.6
2011,10,12,20,0,14.5
2011,10,12,21,0,14.5
2011,10,12,22,0,14.5
2011,10,12,23,0,14.5
2011,10,13,0,0,14.5
2011,10,13,1,0,14.5
2011,10,13,2,0,14.6
2011,10,13,3,0,14.7
2011,10,13,4,0,14.7
2011,10,13,5,9,15
2011,10,13,6,121,15.9
2011,10,13,7,284,16.8
2011,10,13,8,176,17.4
2011,10,13,9,659,17.6
2011,10,13,10,908,18.4
2011,10,13,11,955,18.7
2011,10,13,12,930,18.9
2011,10,13,13,639,18.8
2011,10,13,14,683,18.4
2011,10,13,15,492,18
2011,10,13,16,139,17.4
2011,10,13,17,73,16.7
2011,10,13,18,0,16.3
2011,10,13,19,0,16.1
2011,10,13,20,0,16
2011,10,13,21,0,15.8
2011,10,13,22,0,15.7
2011,10,13,23,0,15.6
2011,10,14,0,0,15.6
2011,10,14,1,0,15.6
2011,10,14,2,0,15.7
2011,10,14,3,0,15.8
2011,10,14,4,0,15.9
2011,10,14,5,3,16.2
2011,10,14,6,35,16.9
2011,10,14,7,17,17.6
2011,10,14,8,162,18.2
2011,10,14,9,132,18.4
2011,10,14,10,220,18.7
2011,10,14,11,256,18.8
2011,10,14,12,347,18.7
2011,10,14,13,255,18.7
2011,10,14,14,328,18.6
2011,10,14,15,225,18.3
2011,10,14,16,52,17.9
2011,10,14,17,16,17.5
2011,10,14,18,0,17.3
2011,10,14,19,0,17.3
2011,10,14,20,0,17.3
2011,10,14,21,0,17.3
2011,10,14,22,0,17.3
2011,10,14,23,0,17.4
2011,10,15,0,0,17.5
2011,10,15,1,0,17.6
2011,10,15,2,0,17.7
2011,10,15,3,0,17.8
2011,10,15,4,0,17.8
2011,10,15,5,4,17.9
2011,10,15,6,12,18.2
2011,10,15,7,224,18.4
2011,10,15,8,452,18.7
2011,10,15,9,770,18.8
2011,10,15,10,887,19.9
2011,10,15,11,934,20.7
2011,10,15,12,916,21.3
2011,10,15,13,833,21.6
2011,10,15,14,689,21.6
2011,10,15,15,497,21.3
2011,10,15,16,281,20.7
2011,10,15,17,78,19.8
2011,10,15,18,0,19
2011,10,15,19,0,18.7
2011,10,15,20,0,18.5
2011,10,15,21,0,18.4
2011,10,15,22,0,18.3
2011,10,15,23,0,18.2
2011,10,16,0,0,18.1
2011,10,16,1,0,17.9
2011,10,16,2,0,17.7
2011,10,16,3,0,17.4
2011,10,16,4,0,16.8
2011,10,16,5,28,16.8
2011,10,16,6,222,17.5
2011,10,16,7,449,18.4
2011,10,16,8,661,19.1
2011,10,16,9,831,19.4
2011,10,16,10,943,20.3
2011,10,16,11,987,20.9
2011,10,16,12,965,21.3
2011,10,16,13,877,21.3
2011,10,16,14,725,21
2011,10,16,15,528,20.3
2011,10,16,16,304,19.2
2011,10,16,17,87,17.7
2011,10,16,18,0,16.5
2011,10,16,19,0,16.1
2011,10,16,20,0,15.9
2011,10,16,21,0,15.8
2011,10,16,22,0,15.7
2011,10,16,23,0,15.6
2011,10,17,0,0,15.5
2011,10,17,1,0,15.5
2011,10,17,2,0,15.5
2011,10,17,3,0,15.5
2011,10,17,4,0,15.4
2011,10,17,5,3,15.4
2011,10,17,6,18,15.7
2011,10,17,7,319,16.1
2011,10,17,8,482,16.5
2011,10,17,9,519,16.7
2011,10,17,10,966,17.3
2011,10,17,11,1010,17.6
2011,10,17,12,988,17.8
2011,10,17,13,891,17.7
2011,10,17,14,740,17.5
2011,10,17,15,538,17.2
2011,10,17,16,310,16.7
2011,10,17,17,91,15.9
2011,10,17,18,0,15.2
2011,10,17,19,0,15
2011,10,17,20,0,14.8
2011,10,17,21,0,14.7
2011,10,17,22,0,14.6
2011,10,17,23,0,14.5
2011,10,18,0,0,14.5
2011,10,18,1,0,14.5
2011,10,18,2,0,14.5
2011,10,18,3,0,14.4
2011,10,18,4,0,14.3
2011,10,18,5,4,14.6
2011,10,18,6,19,15.7
2011,10,18,7,318,16.8
2011,10,18,8,655,17.6
2011,10,18,9,823,17.9
2011,10,18,10,934,18.7
2011,10,18,11,981,19.1
2011,10,18,12,961,19.4
2011,10,18,13,874,19.5
2011,10,18,14,725,19.5
2011,10,18,15,532,19.2
2011,10,18,16,306,18.6
2011,10,18,17,91,17.6
2011,10,18,18,0,16.6
2011,10,18,19,0,16.1
2011,10,18,20,0,15.7
2011,10,18,21,0,15.3
2011,10,18,22,0,14.9
2011,10,18,23,0,14.6
2011,10,19,0,0,14.3
2011,10,19,1,0,14
2011,10,19,2,0,13.8
2011,10,19,3,0,13.6
2011,10,19,4,0,13.5
2011,10,19,5,35,13.8
2011,10,19,6,232,15
2011,10,19,7,459,16.5
2011,10,19,8,668,18
2011,10,19,9,839,18.7
2011,10,19,10,953,20.3
2011,10,19,11,999,21.1
2011,10,19,12,976,21.4
2011,10,19,13,888,21.6
2011,10,19,14,740,21.5
2011,10,19,15,543,21.2
2011,10,19,16,317,20.7
2011,10,19,17,98,19.4
2011,10,19,18,0,18
2011,10,19,19,0,17.3
2011,10,19,20,0,16.8
2011,10,19,21,0,16.3
2011,10,19,22,0,16
2011,10,19,23,0,15.6
2011,10,20,0,0,15.2
2011,10,20,1,0,14.8
2011,10,20,2,0,14.4
2011,10,20,3,0,14.1
2011,10,20,4,0,13.7
2011,10,20,5,39,13.9
2011,10,20,6,241,15.1
2011,10,20,7,471,17.1
2011,10,20,8,682,19.4
2011,10,20,9,852,20.4
2011,10,20,10,969,22.1
2011,10,20,11,1016,22.9
2011,10,20,12,993,23.3
2011,10,20,13,902,23.3
2011,10,20,14,747,23.2
2011,10,20,15,549,22.8
2011,10,20,16,317,22.1
2011,10,20,17,97,20.8
2011,10,20,18,0,19.7
2011,10,20,19,0,19.1
2011,10,20,20,0,18.6
2011,10,20,21,0,18.2
2011,10,20,22,0,17.9
2011,10,20,23,0,17.5
2011,10,21,0,0,17.3
2011,10,21,1,0,17.1
2011,10,21,2,0,16.8
2011,10,21,3,0,16.3
2011,10,21,4,0,15.9
2011,10,21,5,13,16
2011,10,21,6,227,17
2011,10,21,7,451,18.6
2011,10,21,8,657,20.8
2011,10,21,9,823,21.9
2011,10,21,10,940,25.4
2011,10,21,11,985,26.5
2011,10,21,12,961,26.8
2011,10,21,13,871,26.5
2011,10,21,14,722,25.9
2011,10,21,15,527,25.2
2011,10,21,16,306,24.1
2011,10,21,17,94,22.4
2011,10,21,18,0,21
2011,10,21,19,0,20.2
2011,10,21,20,0,19.8
2011,10,21,21,0,19.4
2011,10,21,22,0,19.1
2011,10,21,23,0,18.8
2011,10,22,0,0,18.5
2011,10,22,1,0,18.2
2011,10,22,2,0,18
2011,10,22,3,0,17.8
2011,10,22,4,0,17.5
2011,10,22,5,36,17.6
2011,10,22,6,222,18.4
2011,10,22,7,200,19.7
2011,10,22,8,528,20.9
2011,10,22,9,806,21.4
2011,10,22,10,830,22.8
2011,10,22,11,955,23.5
2011,10,22,12,762,23.9
2011,10,22,13,723,24
2011,10,22,14,697,23.9
2011,10,22,15,507,23.5
2011,10,22,16,293,22.8
2011,10,22,17,88,21.6
2011,10,22,18,0,20.6
2011,10,22,19,0,20
2011,10,22,20,0,19.6
2011,10,22,21,0,19.3
2011,10,22,22,0,18.9
2011,10,22,23,0,18.5
2011,10,23,0,0,18.3
2011,10,23,1,0,18.1
2011,10,23,2,0,18.1
2011,10,23,3,0,18.1
2011,10,23,4,0,18.3
2011,10,23,5,27,18.5
2011,10,23,6,57,18.9
2011,10,23,7,155,19.6
2011,10,23,8,631,20.5
2011,10,23,9,604,20.9
2011,10,23,10,818,22.2
2011,10,23,11,824,23.1
2011,10,23,12,809,23.7
2011,10,23,13,856,23.9
2011,10,23,14,711,23.9
2011,10,23,15,518,23.6
2011,10,23,16,302,22.9
2011,10,23,17,95,21.7
2011,10,23,18,0,20.6
2011,10,23,19,0,20.2
2011,10,23,20,0,20.1
2011,10,23,21,0,20
2011,10,23,22,0,19.8
2011,10,23,23,0,19.7
2011,10,24,0,0,19.4
2011,10,24,1,0,19.1
2011,10,24,2,0,18.7
2011,10,24,3,0,18.2
2011,10,24,4,0,17.9
2011,10,24,5,43,18.2
2011,10,24,6,234,19.4
2011,10,24,7,452,21.1
2011,10,24,8,658,23.2
2011,10,24,9,824,24.2
2011,10,24,10,939,25.9
2011,10,24,11,982,26.5
2011,10,24,12,960,26.9
2011,10,24,13,870,27.1
2011,10,24,14,721,27.3
2011,10,24,15,532,27.4
2011,10,24,16,316,26.9
2011,10,24,17,103,25.5
2011,10,24,18,0,24.2
2011,10,24,19,0,23.4
2011,10,24,20,0,22.9
2011,10,24,21,0,22.6
2011,10,24,22,0,22.4
2011,10,24,23,0,22.3
2011,10,25,0,0,21.9
2011,10,25,1,0,21.2
2011,10,25,2,0,20.6
2011,10,25,3,0,20.1
2011,10,25,4,0,19.7
2011,10,25,5,35,19.4
2011,10,25,6,172,19.4
2011,10,25,7,92,19.8
2011,10,25,8,44,20.2
2011,10,25,9,302,20.4
2011,10,25,10,501,19.5
2011,10,25,11,109,18.5
2011,10,25,12,469,17.8
2011,10,25,13,222,17.4
2011,10,25,14,178,17.2
2011,10,25,15,185,16.9
2011,10,25,16,167,16.5
2011,10,25,17,51,16.2
2011,10,25,18,0,16
2011,10,25,19,0,15.8
2011,10,25,20,0,15.7
2011,10,25,21,0,15.6
2011,10,25,22,0,15.6
2011,10,25,23,0,15.6
2011,10,26,0,0,15.5
2011,10,26,1,0,15.5
2011,10,26,2,0,15.4
2011,10,26,3,0,15.4
2011,10,26,4,0,15.3
2011,10,26,5,4,15.4
2011,10,26,6,17,15.7
2011,10,26,7,36,15.9
2011,10,26,8,202,16.1
2011,10,26,9,394,16.2
2011,10,26,10,308,16.6
2011,10,26,11,429,16.9
2011,10,26,12,467,17.3
2011,10,26,13,350,17.5
2011,10,26,14,450,17.5
2011,10,26,15,290,17.3
2011,10,26,16,194,17
2011,10,26,17,57,16.4
2011,10,26,18,0,16
2011,10,26,19,0,15.8
2011,10,26,20,0,15.7
2011,10,26,21,0,15.7
2011,10,26,22,0,15.8
2011,10,26,23,0,16
2011,10,27,0,0,16.2
2011,10,27,1,0,16.2
2011,10,27,2,0,16.3
2011,10,27,3,0,16.3
2011,10,27,4,0,16.2
2011,10,27,5,59,16.5
2011,10,27,6,264,17.1
2011,10,27,7,488,17.6
2011,10,27,8,693,18
2011,10,27,9,857,18.2
2011,10,27,10,284,18.9
2011,10,27,11,224,19.3
2011,10,27,12,232,19.5
2011,10,27,13,416,19.5
2011,10,27,14,242,19.3
2011,10,27,15,547,19
2011,10,27,16,325,18.5
2011,10,27,17,25,17.9
2011,10,27,18,0,17.2
2011,10,27,19,0,16.9
2011,10,27,20,0,16.7
2011,10,27,21,0,16.6
2011,10,27,22,0,16.5
2011,10,27,23,0,16.4
2011,10,28,0,0,16.3
2011,10,28,1,0,16.1
2011,10,28,2,0,15.9
2011,10,28,3,0,15.7
2011,10,28,4,0,15.5
2011,10,28,5,60,16
2011,10,28,6,260,17.3
2011,10,28,7,480,18.7
2011,10,28,8,679,19.6
2011,10,28,9,271,20.1
2011,10,28,10,560,21.1
2011,10,28,11,982,21.5
2011,10,28,12,957,21.7
2011,10,28,13,862,21.7
2011,10,28,14,714,21.7
2011,10,28,15,524,21.4
2011,10,28,16,309,20.9
2011,10,28,17,24,20.1
2011,10,28,18,0,19.2
2011,10,28,19,0,18.7
2011,10,28,20,0,18.5
2011,10,28,21,0,18.4
2011,10,28,22,0,18.3
2011,10,28,23,0,18.2
2011,10,29,0,0,18.1
2011,10,29,1,0,17.9
2011,10,29,2,0,17.6
2011,10,29,3,0,17.5
2011,10,29,4,0,17.5
2011,10,29,5,15,17.9
2011,10,29,6,247,18.7
2011,10,29,7,460,19.8
2011,10,29,8,200,20.9
2011,10,29,9,381,21.4
2011,10,29,10,698,22.4
2011,10,29,11,626,22.8
2011,10,29,12,325,23.3
2011,10,29,13,136,23.9
2011,10,29,14,615,24.3
2011,10,29,15,519,24.5
2011,10,29,16,311,24.1
2011,10,29,17,97,23.1
2011,10,29,18,0,22
2011,10,29,19,0,21.3
2011,10,29,20,0,20.9
2011,10,29,21,0,20.6
2011,10,29,22,0,20.5
2011,10,29,23,0,20.3
2011,10,30,0,0,20.1
2011,10,30,1,0,19.9
2011,10,30,2,0,19.5
2011,10,30,3,0,19.1
2011,10,30,4,0,18.8
2011,10,30,5,12,19
2011,10,30,6,52,19.7
2011,10,30,7,264,20.4
2011,10,30,8,172,20.8
2011,10,30,9,321,20.9
2011,10,30,10,945,21.9
2011,10,30,11,374,23.1
2011,10,30,12,505,23.9
2011,10,30,13,903,24.1
2011,10,30,14,754,23.7
2011,10,30,15,560,22.9
2011,10,30,16,341,21.7
2011,10,30,17,122,20.1
2011,10,30,18,0,18.7
2011,10,30,19,0,17.8
2011,10,30,20,0,17.2
2011,10,30,21,0,17
2011,10,30,22,0,16.8
2011,10,30,23,0,16.5
2011,10,31,0,0,16.3
2011,10,31,1,0,16
2011,10,31,2,0,15.7
2011,10,31,3,0,15.3
2011,10,31,4,0,15.1
2011,10,31,5,71,15.4
2011,10,31,6,281,16
2011,10,31,7,508,16.8
2011,10,31,8,714,17.6
2011,10,31,9,879,18
2011,10,31,10,989,18.8
2011,10,31,11,1028,19.2
2011,10,31,12,1000,19.3
2011,10,31,13,906,19.2
2011,10,31,14,753,18.9
2011,10,31,15,556,18.5
2011,10,31,16,333,18
2011,10,31,17,8,17.3
2011,10,31,18,0,16.9
2011,10,31,19,0,16.6
2011,10,31,20,0,16.4
2011,10,31,21,0,16.2
2011,10,31,22,0,16.1
2011,10,31,23,0,16
2011,11,1,0,0,15.9
2011,11,1,1,0,15.8
2011,11,1,2,0,15.7
2011,11,1,3,0,15.7
2011,11,1,4,0,15.7
2011,11,1,5,5,16
2011,11,1,6,19,16.5
2011,11,1,7,46,17
2011,11,1,8,374,17.5
2011,11,1,9,461,17.8
2011,11,1,10,308,18.9
2011,11,1,11,482,19.5
2011,11,1,12,594,20
2011,11,1,13,674,20.2
2011,11,1,14,737,19.9
2011,11,1,15,545,19.2
2011,11,1,16,333,18.4
2011,11,1,17,120,17.4
2011,11,1,18,0,16.6
2011,11,1,19,0,16.2
2011,11,1,20,0,16.1
2011,11,1,21,0,16
2011,11,1,22,0,16
2011,11,1,23,0,16
2011,11,2,0,0,15.9
2011,11,2,1,0,15.8
2011,11,2,2,0,15.7
2011,11,2,3,0,15.5
2011,11,2,4,0,15.3
2011,11,2,5,70,15.9
2011,11,2,6,229,17.2
2011,11,2,7,295,18.9
2011,11,2,8,298,20.1
2011,11,2,9,346,20.5
2011,11,2,10,671,20.7
2011,11,2,11,866,20.7
2011,11,2,12,986,20.7
2011,11,2,13,850,20.4
2011,11,2,14,411,20
2011,11,2,15,83,19.5
2011,11,2,16,28,18.9
2011,11,2,17,13,18.3
2011,11,2,18,0,17.8
2011,11,2,19,0,17.6
2011,11,2,20,0,17.4
2011,11,2,21,0,17
2011,11,2,22,0,16.6
2011,11,2,23,0,16.2
2011,11,3,0,0,15.8
2011,11,3,1,0,15.4
2011,11,3,2,0,15.1
2011,11,3,3,0,14.9
2011,11,3,4,0,14.7
2011,11,3,5,7,14.7
2011,11,3,6,28,14.6
2011,11,3,7,55,14.7
2011,11,3,8,88,15.2
2011,11,3,9,121,15.6
2011,11,3,10,143,16.2
2011,11,3,11,159,16.4
2011,11,3,12,195,16.6
2011,11,3,13,194,16.9
2011,11,3,14,158,17.2
2011,11,3,15,121,17.3
2011,11,3,16,73,17.2
2011,11,3,17,22,16.9
2011,11,3,18,0,16.4
2011,11,3,19,0,16
2011,11,3,20,0,15.8
2011,11,3,21,0,15.8
2011,11,3,22,0,15.7
2011,11,3,23,0,15.8
2011,11,4,0,0,15.9
2011,11,4,1,0,16
2011,11,4,2,0,16
2011,11,4,3,0,16
2011,11,4,4,0,16.2
2011,11,4,5,23,16.6
2011,11,4,6,71,17.3
2011,11,4,7,119,18.1
2011,11,4,8,154,19
2011,11,4,9,178,19.4
2011,11,4,10,236,20.3
2011,11,4,11,336,20.7
2011,11,4,12,513,20.9
2011,11,4,13,580,20.9
2011,11,4,14,478,20.6
2011,11,4,15,365,20.1
2011,11,4,16,212,19.4
2011,11,4,17,91,18.4
2011,11,4,18,0,17.4
2011,11,4,19,0,16.9
2011,11,4,20,0,16.6
2011,11,4,21,0,16.4
2011,11,4,22,0,16.2
2011,11,4,23,0,16.1
2011,11,5,0,0,16
2011,11,5,1,0,15.9
2011,11,5,2,0,15.9
2011,11,5,3,0,15.9
2011,11,5,4,0,15.9
2011,11,5,5,82,16.5
2011,11,5,6,291,17.8
2011,11,5,7,507,19.1
2011,11,5,8,715,20.2
2011,11,5,9,881,20.8
2011,11,5,10,995,22.2
2011,11,5,11,1045,23
2011,11,5,12,1021,23.6
2011,11,5,13,931,23.9
2011,11,5,14,782,23.8
2011,11,5,15,585,23.4
2011,11,5,16,362,22.6
2011,11,5,17,140,21.3
2011,11,5,18,0,20
2011,11,5,19,0,19.3
2011,11,5,20,0,19
2011,11,5,21,0,18.8
2011,11,5,22,0,18.7
2011,11,5,23,0,18.5
2011,11,6,0,0,18.3
2011,11,6,1,0,18.2
2011,11,6,2,0,18
2011,11,6,3,0,17.8
2011,11,6,4,0,17.7
2011,11,6,5,73,18.2
2011,11,6,6,239,19.4
2011,11,6,7,424,21
2011,11,6,8,591,23.2
2011,11,6,9,723,24.5
2011,11,6,10,506,27
2011,11,6,11,250,27.6
2011,11,6,12,161,27.7
2011,11,6,13,105,27.5
2011,11,6,14,71,27.1
2011,11,6,15,49,26.3
2011,11,6,16,25,25.2
2011,11,6,17,12,24.2
2011,11,6,18,0,23.4
2011,11,6,19,0,22.9
2011,11,6,20,0,22.4
2011,11,6,21,0,22
2011,11,6,22,0,21.7
2011,11,6,23,0,21.5
2011,11,7,0,0,21.3
2011,11,7,1,0,21.1
2011,11,7,2,0,20.9
2011,11,7,3,0,20.7
2011,11,7,4,0,20.5
2011,11,7,5,19,20.7
2011,11,7,6,57,21.5
2011,11,7,7,151,22.7
2011,11,7,8,266,24.1
2011,11,7,9,304,24.8
2011,11,7,10,173,26
2011,11,7,11,135,26.3
2011,11,7,12,106,26.1
2011,11,7,13,97,25.6
2011,11,7,14,81,24.9
2011,11,7,15,52,24
2011,11,7,16,26,22.9
2011,11,7,17,11,21.9
2011,11,7,18,0,21.2
2011,11,7,19,0,20.8
2011,11,7,20,0,20.5
2011,11,7,21,0,20.2
2011,11,7,22,0,20
2011,11,7,23,0,19.8
2011,11,8,0,0,19.6
2011,11,8,1,0,19.4
2011,11,8,2,0,19.3
2011,11,8,3,0,19.2
2011,11,8,4,0,19.4
2011,11,8,5,77,19.8
2011,11,8,6,272,20.7
2011,11,8,7,485,22
2011,11,8,8,679,23.8
2011,11,8,9,652,24.8
2011,11,8,10,377,27.3
2011,11,8,11,267,28.4
2011,11,8,12,194,28.9
2011,11,8,13,150,28.5
2011,11,8,14,100,27.6
2011,11,8,15,59,26.6
2011,11,8,16,32,25.5
2011,11,8,17,13,24.3
2011,11,8,18,0,23.5
2011,11,8,19,0,23
2011,11,8,20,0,22.6
2011,11,8,21,0,22.2
2011,11,8,22,0,21.9
2011,11,8,23,0,21.7
2011,11,9,0,0,21.4
2011,11,9,1,0,21.2
2011,11,9,2,0,21
2011,11,9,3,0,20.7
2011,11,9,4,0,20.6
2011,11,9,5,78,21
2011,11,9,6,248,21.9
2011,11,9,7,399,23.2
2011,11,9,8,507,24.8
2011,11,9,9,599,25.6
2011,11,9,10,355,27
2011,11,9,11,304,27.1
2011,11,9,12,282,27.1
2011,11,9,13,278,27.1
2011,11,9,14,265,27.2
2011,11,9,15,115,26.8
2011,11,9,16,30,26
2011,11,9,17,9,24.9
2011,11,9,18,0,24
2011,11,9,19,0,23.7
2011,11,9,20,0,23.6
2011,11,9,21,0,23.5
2011,11,9,22,0,23.3
2011,11,9,23,0,23
2011,11,10,0,0,22.9
2011,11,10,1,0,22.8
2011,11,10,2,0,22.7
2011,11,10,3,0,22.7
2011,11,10,4,0,22.7
2011,11,10,5,20,23.2
2011,11,10,6,42,23.8
2011,11,10,7,54,24
2011,11,10,8,47,24.3
2011,11,10,9,68,24.5
2011,11,10,10,156,24.9
2011,11,10,11,413,24.8
2011,11,10,12,679,24.6
2011,11,10,13,787,24.8
2011,11,10,14,771,25
2011,11,10,15,604,24.9
2011,11,10,16,378,24.3
2011,11,10,17,156,22.7
2011,11,10,18,0,20.7
2011,11,10,19,0,19.3
2011,11,10,20,0,18.5
2011,11,10,21,0,18
2011,11,10,22,0,17.6
2011,11,10,23,0,17.3
2011,11,11,0,0,17.1
2011,11,11,1,0,17.1
2011,11,11,2,0,17.2
2011,11,11,3,0,17.2
2011,11,11,4,0,17.3
2011,11,11,5,92,18.1
2011,11,11,6,304,19.3
2011,11,11,7,522,20.3
2011,11,11,8,661,21.1
2011,11,11,9,766,21.5
2011,11,11,10,488,22
2011,11,11,11,432,22.1
2011,11,11,12,613,22.1
2011,11,11,13,657,21.9
2011,11,11,14,633,21.5
2011,11,11,15,562,21
2011,11,11,16,367,20.4
2011,11,11,17,150,19.7
2011,11,11,18,0,19
2011,11,11,19,0,18.6
2011,11,11,20,0,18.5
2011,11,11,21,0,18.4
2011,11,11,22,0,18.3
2011,11,11,23,0,18.2
2011,11,12,0,0,18.3
2011,11,12,1,0,18.5
2011,11,12,2,0,18.6
2011,11,12,3,0,18.5
2011,11,12,4,0,18.6
2011,11,12,5,35,19.2
2011,11,12,6,129,19.9
2011,11,12,7,300,20.6
2011,11,12,8,494,21.4
2011,11,12,9,643,21.8
2011,11,12,10,682,22.9
2011,11,12,11,825,23.6
2011,11,12,12,710,23.8
2011,11,12,13,211,23.7
2011,11,12,14,102,23.4
2011,11,12,15,89,22.8
2011,11,12,16,46,22.1
2011,11,12,17,17,21.3
2011,11,12,18,0,20.4
2011,11,12,19,0,19.7
2011,11,12,20,0,19.4
2011,11,12,21,0,19.1
2011,11,12,22,0,18.9
2011,11,12,23,0,18.7
2011,11,13,0,0,18.6
2011,11,13,1,0,18.5
2011,11,13,2,0,18.3
2011,11,13,3,0,18.3
2011,11,13,4,0,18.4
2011,11,13,5,27,18.9
2011,11,13,6,69,19.8
2011,11,13,7,193,20.7
2011,11,13,8,428,21.5
2011,11,13,9,568,21.9
2011,11,13,10,233,22.7
2011,11,13,11,157,23.1
2011,11,13,12,126,23.2
2011,11,13,13,84,23.2
2011,11,13,14,55,23
2011,11,13,15,34,22.5
2011,11,13,16,19,21.8
2011,11,13,17,10,21.1
2011,11,13,18,0,20.5
2011,11,13,19,0,20.1
2011,11,13,20,0,20
2011,11,13,21,0,19.9
2011,11,13,22,0,19.8
2011,11,13,23,0,19.7
2011,11,14,0,0,19.6
2011,11,14,1,0,19.4
2011,11,14,2,0,19.2
2011,11,14,3,0,19.1
2011,11,14,4,0,19.2
2011,11,14,5,87,19.7
2011,11,14,6,286,20.9
2011,11,14,7,502,22.5
2011,11,14,8,674,24.3
2011,11,14,9,812,25.2
2011,11,14,10,893,27.9
2011,11,14,11,917,29.3
2011,11,14,12,804,30.2
2011,11,14,13,457,30.6
2011,11,14,14,254,30.6
2011,11,14,15,217,30.6
2011,11,14,16,208,30.3
2011,11,14,17,124,29.2
2011,11,14,18,0,27.7
2011,11,14,19,0,26.3
2011,11,14,20,0,24.6
2011,11,14,21,0,22.6
2011,11,14,22,0,21.1
2011,11,14,23,0,20.3
2011,11,15,0,0,19.8
2011,11,15,1,0,19.4
2011,11,15,2,0,19.1
2011,11,15,3,0,18.8
2011,11,15,4,0,18.6
2011,11,15,5,99,19.1
2011,11,15,6,310,20
2011,11,15,7,531,21
2011,11,15,8,735,21.9
2011,11,15,9,899,22.3
2011,11,15,10,1003,23.3
2011,11,15,11,1016,23.8
2011,11,15,12,966,24.1
2011,11,15,13,924,24.1
2011,11,15,14,750,23.8
2011,11,15,15,553,23.2
2011,11,15,16,351,22.2
2011,11,15,17,145,21.1
2011,11,15,18,0,20.1
2011,11,15,19,0,19.6
2011,11,15,20,0,19.4
2011,11,15,21,0,19.3
2011,11,15,22,0,19.2
2011,11,15,23,0,19.1
2011,11,16,0,0,18.9
2011,11,16,1,0,18.7
2011,11,16,2,0,18.5
2011,11,16,3,0,18.4
2011,11,16,4,0,18.5
2011,11,16,5,85,19.1
2011,11,16,6,231,20.3
2011,11,16,7,390,21.3
2011,11,16,8,441,22.1
2011,11,16,9,461,22.4
2011,11,16,10,277,22.4
2011,11,16,11,209,22
2011,11,16,12,178,21.5
2011,11,16,13,154,20.9
2011,11,16,14,112,20.3
2011,11,16,15,62,19.7
2011,11,16,16,32,19.3
2011,11,16,17,15,18.9
2011,11,16,18,0,18.6
2011,11,16,19,0,18.5
2011,11,16,20,0,18.5
2011,11,16,21,0,18.4
2011,11,16,22,0,18.2
2011,11,16,23,0,18
2011,11,17,0,0,17.8
2011,11,17,1,0,17.7
2011,11,17,2,0,17.7
2011,11,17,3,0,17.7
2011,11,17,4,0,17.8
2011,11,17,5,16,18
2011,11,17,6,30,18.2
2011,11,17,7,52,18.3
2011,11,17,8,79,18.5
2011,11,17,9,107,18.6
2011,11,17,10,129,19.2
2011,11,17,11,164,19.6
2011,11,17,12,205,20
2011,11,17,13,225,20.2
2011,11,17,14,171,20.2
2011,11,17,15,65,20
2011,11,17,16,27,19.7
2011,11,17,17,17,19.1
2011,11,17,18,1,18.4
2011,11,17,19,0,18.1
2011,11,17,20,0,18.1
2011,11,17,21,0,18.1
2011,11,17,22,0,18.3
2011,11,17,23,0,18.4
2011,11,18,0,0,18.4
2011,11,18,1,0,18.4
2011,11,18,2,0,18.3
2011,11,18,3,0,18.2
2011,11,18,4,0,18.3
2011,11,18,5,91,18.7
2011,11,18,6,276,19.4
2011,11,18,7,379,20.4
2011,11,18,8,471,21.5
2011,11,18,9,634,22.1
2011,11,18,10,865,23.2
2011,11,18,11,888,23.7
2011,11,18,12,835,23.9
2011,11,18,13,799,23.9
2011,11,18,14,734,23.8
2011,11,18,15,603,23.4
2011,11,18,16,389,22.7
2011,11,18,17,172,21.8
2011,11,18,18,12,20.8
2011,11,18,19,0,20
2011,11,18,20,0,19.6
2011,11,18,21,0,19.3
2011,11,18,22,0,19.1
2011,11,18,23,0,19
2011,11,19,0,0,18.9
2011,11,19,1,0,18.7
2011,11,19,2,0,18.6
2011,11,19,3,0,18.4
2011,11,19,4,0,18.5
2011,11,19,5,100,19.3
2011,11,19,6,304,20.7
2011,11,19,7,520,22.4
2011,11,19,8,721,24.2
2011,11,19,9,880,25.2
2011,11,19,10,990,27.4
2011,11,19,11,1036,28.3
2011,11,19,12,848,28.8
2011,11,19,13,681,28.9
2011,11,19,14,464,28.7
2011,11,19,15,179,28.3
2011,11,19,16,84,27.3
2011,11,19,17,57,25.9
2011,11,19,18,6,24.6
2011,11,19,19,0,23.9
2011,11,19,20,0,23.8
2011,11,19,21,0,23.9
2011,11,19,22,0,23.8
2011,11,19,23,0,23.6
2011,11,20,0,0,23.2
2011,11,20,1,0,22.7
2011,11,20,2,0,22.2
2011,11,20,3,0,21.9
2011,11,20,4,0,21.6
2011,11,20,5,20,21.7
2011,11,20,6,65,22
2011,11,20,7,209,22.8
2011,11,20,8,504,24.2
2011,11,20,9,696,25.1
2011,11,20,10,814,27.8
2011,11,20,11,710,29.3
2011,11,20,12,355,30.1
2011,11,20,13,174,29.4
2011,11,20,14,103,27.4
2011,11,20,15,66,25.2
2011,11,20,16,44,23.5
2011,11,20,17,24,22.3
2011,11,20,18,3,21.5
2011,11,20,19,0,21
2011,11,20,20,0,20.3
2011,11,20,21,0,19.5
2011,11,20,22,0,18.8
2011,11,20,23,0,18.2
2011,11,21,0,0,17.7
2011,11,21,1,0,17.4
2011,11,21,2,0,17.2
2011,11,21,3,0,17.2
2011,11,21,4,0,17.3
2011,11,21,5,16,18
2011,11,21,6,39,19
2011,11,21,7,97,19.8
2011,11,21,8,155,20.4
2011,11,21,9,204,20.6
2011,11,21,10,275,21.2
2011,11,21,11,334,21.5
2011,11,21,12,322,21.7
2011,11,21,13,294,21.8
2011,11,21,14,240,21.7
2011,11,21,15,151,21.3
2011,11,21,16,79,20.6
2011,11,21,17,29,19.9
2011,11,21,18,4,19.3
2011,11,21,19,0,19.1
2011,11,21,20,0,19
2011,11,21,21,0,18.9
2011,11,21,22,0,19
2011,11,21,23,0,19
2011,11,22,0,0,19
2011,11,22,1,0,18.9
2011,11,22,2,0,18.9
2011,11,22,3,0,18.9
2011,11,22,4,0,19
2011,11,22,5,8,19.2
2011,11,22,6,27,19.4
2011,11,22,7,70,19.9
2011,11,22,8,96,20.6
2011,11,22,9,117,21
2011,11,22,10,88,21.8
2011,11,22,11,97,21.8
2011,11,22,12,104,21.5
2011,11,22,13,115,21
2011,11,22,14,73,20.2
2011,11,22,15,37,19.3
2011,11,22,16,22,18.4
2011,11,22,17,14,17.6
2011,11,22,18,4,16.9
2011,11,22,19,0,16.4
2011,11,22,20,0,15.9
2011,11,22,21,0,15.7
2011,11,22,22,0,15.6
2011,11,22,23,0,15.7
2011,11,23,0,0,15.8
2011,11,23,1,0,15.7
2011,11,23,2,0,15.6
2011,11,23,3,0,15.6
2011,11,23,4,0,15.5
2011,11,23,5,7,15.5
2011,11,23,6,18,15.6
2011,11,23,7,37,16.1
2011,11,23,8,73,16.7
2011,11,23,9,110,17
2011,11,23,10,129,17.7
2011,11,23,11,137,17.9
2011,11,23,12,132,18.1
2011,11,23,13,100,18.2
2011,11,23,14,73,18.3
2011,11,23,15,56,18.3
2011,11,23,16,33,18.2
2011,11,23,17,12,17.8
2011,11,23,18,3,17.5
2011,11,23,19,0,17.4
2011,11,23,20,0,17.5
2011,11,23,21,0,17.6
2011,11,23,22,0,17.7
2011,11,23,23,0,17.8
2011,11,24,0,0,17.7
2011,11,24,1,0,17.6
2011,11,24,2,0,17.6
2011,11,24,3,0,17.5
2011,11,24,4,0,17.5
2011,11,24,5,8,17.6
2011,11,24,6,30,17.9
2011,11,24,7,88,18.2
2011,11,24,8,132,18.4
2011,11,24,9,155,18.4
2011,11,24,10,230,18.3
2011,11,24,11,250,18.3
2011,11,24,12,211,18.1
2011,11,24,13,169,17.8
2011,11,24,14,115,17.6
2011,11,24,15,102,17.6
2011,11,24,16,85,17.6
2011,11,24,17,31,17.4
2011,11,24,18,5,17.1
2011,11,24,19,0,17
2011,11,24,20,0,16.9
2011,11,24,21,0,16.9
2011,11,24,22,0,17
2011,11,24,23,0,17
2011,11,25,0,0,17
2011,11,25,1,0,17.1
2011,11,25,2,0,17.1
2011,11,25,3,0,17.1
2011,11,25,4,0,17.2
2011,11,25,5,13,17.5
2011,11,25,6,31,17.9
2011,11,25,7,60,18.2
2011,11,25,8,91,18.5
2011,11,25,9,120,18.6
2011,11,25,10,118,19.1
2011,11,25,11,127,19.3
2011,11,25,12,124,19.2
2011,11,25,13,111,19
2011,11,25,14,88,18.8
2011,11,25,15,44,18.7
2011,11,25,16,24,18.6
2011,11,25,17,15,18.5
2011,11,25,18,4,18.5
2011,11,25,19,0,18.6
2011,11,25,20,0,18.8
2011,11,25,21,0,18.9
2011,11,25,22,0,19.2
2011,11,25,23,0,19.4
2011,11,26,0,0,19.6
2011,11,26,1,0,19.7
2011,11,26,2,0,19.9
2011,11,26,3,0,20.1
2011,11,26,4,0,20.2
2011,11,26,5,10,20.5
2011,11,26,6,38,20.9
2011,11,26,7,134,21.4
2011,11,26,8,319,21.9
2011,11,26,9,538,22.3
2011,11,26,10,180,23.2
2011,11,26,11,77,23.7
2011,11,26,12,77,24
2011,11,26,13,73,24.1
2011,11,26,14,65,24.2
2011,11,26,15,50,24.1
2011,11,26,16,30,23.7
2011,11,26,17,24,23
2011,11,26,18,14,22.1
2011,11,26,19,0,21.3
2011,11,26,20,0,20.6
2011,11,26,21,0,20.2
2011,11,26,22,0,19.7
2011,11,26,23,0,19.3
2011,11,27,0,0,19
2011,11,27,1,0,18.6
2011,11,27,2,0,18.4
2011,11,27,3,0,18.2
2011,11,27,4,0,18.3
2011,11,27,5,119,18.8
2011,11,27,6,333,19.7
2011,11,27,7,556,20.7
2011,11,27,8,755,21.8
2011,11,27,9,913,22.3
2011,11,27,10,1019,23.3
2011,11,27,11,1064,23.7
2011,11,27,12,1044,24.1
2011,11,27,13,963,24.4
2011,11,27,14,823,24.5
2011,11,27,15,636,24.2
2011,11,27,16,419,23.4
2011,11,27,17,199,22.2
2011,11,27,18,25,20.8
2011,11,27,19,0,19.9
2011,11,27,20,0,19.3
2011,11,27,21,0,18.8
2011,11,27,22,0,18.5
2011,11,27,23,0,18.2
2011,11,28,0,0,17.9
2011,11,28,1,0,17.7
2011,11,28,2,0,17.6
2011,11,28,3,0,17.5
2011,11,28,4,0,17.8
2011,11,28,5,115,18.7
2011,11,28,6,326,20
2011,11,28,7,516,21.2
2011,11,28,8,694,22.2
2011,11,28,9,843,22.6
2011,11,28,10,854,23.7
2011,11,28,11,838,24.1
2011,11,28,12,806,24.4
2011,11,28,13,751,24.3
2011,11,28,14,670,24
2011,11,28,15,535,23.4
2011,11,28,16,343,22.7
2011,11,28,17,151,21.8
2011,11,28,18,19,20.9
2011,11,28,19,0,20.4
2011,11,28,20,0,20.1
2011,11,28,21,0,19.8
2011,11,28,22,0,19.5
2011,11,28,23,0,19.2
2011,11,29,0,0,19
2011,11,29,1,0,18.9
2011,11,29,2,0,18.9
2011,11,29,3,0,19
2011,11,29,4,0,19.2
2011,11,29,5,83,19.8
2011,11,29,6,278,20.8
2011,11,29,7,519,21.8
2011,11,29,8,606,22.7
2011,11,29,9,689,23.1
2011,11,29,10,529,23.6
2011,11,29,11,546,23.7
2011,11,29,12,483,23.8
2011,11,29,13,350,23.8
2011,11,29,14,288,23.7
2011,11,29,15,193,23.3
2011,11,29,16,74,22.6
2011,11,29,17,26,22
2011,11,29,18,6,21.6
2011,11,29,19,0,21.4
2011,11,29,20,0,21.4
2011,11,29,21,0,21.3
2011,11,29,22,0,21.3
2011,11,29,23,0,21.2
2011,11,30,0,0,21.1
2011,11,30,1,0,21.1
2011,11,30,2,0,21.1
2011,11,30,3,0,21.1
2011,11,30,4,0,21.1
2011,11,30,5,36,21.5
2011,11,30,6,139,22.1
2011,11,30,7,274,23
2011,11,30,8,437,23.9
2011,11,30,9,584,24.3
2011,11,30,10,801,25.4
2011,11,30,11,587,26
2011,11,30,12,314,26.2
2011,11,30,13,197,26.1
2011,11,30,14,142,25.5
2011,11,30,15,82,24.7
2011,11,30,16,40,23.9
2011,11,30,17,16,23.3
2011,11,30,18,4,22.8
2011,11,30,19,0,22.1
2011,11,30,20,0,21.3
2011,11,30,21,0,20.6
2011,11,30,22,0,19.9
2011,11,30,23,0,19.2
2011,12,1,0,0,18.4
2011,12,1,1,0,17.8
2011,12,1,2,0,17.5
2011,12,1,3,0,17.4
2011,12,1,4,0,17.2
2011,12,1,5,23,17.1
2011,12,1,6,78,17.1
2011,12,1,7,188,17.4
2011,12,1,8,359,17.8
2011,12,1,9,491,18
2011,12,1,10,615,18.4
2011,12,1,11,762,18.5
2011,12,1,12,834,18.6
2011,12,1,13,776,18.5
2011,12,1,14,627,18.4
2011,12,1,15,458,18.2
2011,12,1,16,320,18
2011,12,1,17,123,17.5
2011,12,1,18,18,17
2011,12,1,19,0,16.7
2011,12,1,20,0,16.7
2011,12,1,21,0,16.7
2011,12,1,22,0,16.6
2011,12,1,23,0,16.6
2011,12,2,0,0,16.5
2011,12,2,1,0,16.3
2011,12,2,2,0,16.2
2011,12,2,3,0,16.2
2011,12,2,4,0,16.3
2011,12,2,5,14,16.5
2011,12,2,6,35,16.8
2011,12,2,7,61,17.2
2011,12,2,8,91,17.6
2011,12,2,9,112,17.8
2011,12,2,10,106,18.3
2011,12,2,11,132,18.5
2011,12,2,12,125,18.6
2011,12,2,13,96,18.5
2011,12,2,14,77,18.4
2011,12,2,15,64,18.3
2011,12,2,16,44,18
2011,12,2,17,16,17.5
2011,12,2,18,4,16.9
2011,12,2,19,0,16.5
2011,12,2,20,0,16.3
2011,12,2,21,0,16.2
2011,12,2,22,0,16
2011,12,2,23,0,15.8
2011,12,3,0,0,15.5
2011,12,3,1,0,15.2
2011,12,3,2,0,14.9
2011,12,3,3,0,14.7
2011,12,3,4,0,14.8
2011,12,3,5,21,15.6
2011,12,3,6,55,16.6
2011,12,3,7,133,17.4
2011,12,3,8,287,18.2
2011,12,3,9,397,18.6
2011,12,3,10,782,19.7
2011,12,3,11,1014,20.4
2011,12,3,12,1018,20.9
2011,12,3,13,995,21.2
2011,12,3,14,855,21.2
2011,12,3,15,665,21.1
2011,12,3,16,447,20.6
2011,12,3,17,222,19.7
2011,12,3,18,37,18.7
2011,12,3,19,0,17.9
2011,12,3,20,0,17.6
2011,12,3,21,0,17.3
2011,12,3,22,0,17
2011,12,3,23,0,16.8
2011,12,4,0,0,16.5
2011,12,4,1,0,16.1
2011,12,4,2,0,15.8
2011,12,4,3,0,15.4
2011,12,4,4,0,15.3
2011,12,4,5,55,16
2011,12,4,6,102,17.3
2011,12,4,7,172,18.7
2011,12,4,8,121,19.4
2011,12,4,9,90,19.6
2011,12,4,10,78,18.9
2011,12,4,11,79,17.8
2011,12,4,12,79,17
2011,12,4,13,76,16.8
2011,12,4,14,69,16.9
2011,12,4,15,62,16.8
2011,12,4,16,70,16.6
2011,12,4,17,51,16.1
2011,12,4,18,11,15.7
2011,12,4,19,0,15.5
2011,12,4,20,0,15.3
2011,12,4,21,0,15.1
2011,12,4,22,0,14.9
2011,12,4,23,0,14.7
2011,12,5,0,0,14.6
2011,12,5,1,0,14.3
2011,12,5,2,0,14.2
2011,12,5,3,0,14
2011,12,5,4,0,14
2011,12,5,5,14,14.5
2011,12,5,6,44,15.2
2011,12,5,7,106,16
2011,12,5,8,178,16.6
2011,12,5,9,234,16.9
2011,12,5,10,287,17.5
2011,12,5,11,254,17.8
2011,12,5,12,227,17.9
2011,12,5,13,225,17.8
2011,12,5,14,201,17.7
2011,12,5,15,160,17.5
2011,12,5,16,105,17.2
2011,12,5,17,45,16.8
2011,12,5,18,11,16.3
2011,12,5,19,0,15.9
2011,12,5,20,0,15.7
2011,12,5,21,0,15.6
2011,12,5,22,0,15.5
2011,12,5,23,0,15.4
2011,12,6,0,0,15.3
2011,12,6,1,0,15.2
2011,12,6,2,0,15.2
2011,12,6,3,0,15.2
2011,12,6,4,0,15.3
2011,12,6,5,21,15.6
2011,12,6,6,67,16.1
2011,12,6,7,138,16.6
2011,12,6,8,229,17.1
2011,12,6,9,313,17.4
2011,12,6,10,390,18
2011,12,6,11,437,18.3
2011,12,6,12,389,18.6
2011,12,6,13,294,18.6
2011,12,6,14,160,18.5
2011,12,6,15,89,18.2
2011,12,6,16,50,17.9
2011,12,6,17,23,17.3
2011,12,6,18,6,16.6
2011,12,6,19,0,16
2011,12,6,20,0,15.6
2011,12,6,21,0,15.4
2011,12,6,22,0,15.3
2011,12,6,23,0,15.2
2011,12,7,0,0,15.1
2011,12,7,1,0,15
2011,12,7,2,0,14.9
2011,12,7,3,0,14.9
2011,12,7,4,0,15.1
2011,12,7,5,32,15.9
2011,12,7,6,75,16.9
2011,12,7,7,99,17.7
2011,12,7,8,108,18.3
2011,12,7,9,135,18.6
2011,12,7,10,194,18.7
2011,12,7,11,218,18.7
2011,12,7,12,255,18.6
2011,12,7,13,265,18.7
2011,12,7,14,155,18.8
2011,12,7,15,92,18.6
2011,12,7,16,50,18.2
2011,12,7,17,13,17.6
2011,12,7,18,4,17.1
2011,12,7,19,0,17
2011,12,7,20,0,17.1
2011,12,7,21,0,17.3
2011,12,7,22,0,17.4
2011,12,7,23,0,17.5
2011,12,8,0,0,17.6
2011,12,8,1,0,17.7
2011,12,8,2,0,17.6
2011,12,8,3,0,17.4
2011,12,8,4,0,17.4
2011,12,8,5,7,17.4
2011,12,8,6,15,17.7
2011,12,8,7,29,18
2011,12,8,8,50,18.3
2011,12,8,9,72,18.5
2011,12,8,10,92,19.3
2011,12,8,11,101,19.7
2011,12,8,12,99,20
2011,12,8,13,112,20
2011,12,8,14,118,19.8
2011,12,8,15,90,19.5
2011,12,8,16,51,19.1
2011,12,8,17,25,18.7
2011,12,8,18,10,18.2
2011,12,8,19,0,17.9
2011,12,8,20,0,17.8
2011,12,8,21,0,17.8
2011,12,8,22,0,17.8
2011,12,8,23,0,17.8
2011,12,9,0,0,17.6
2011,12,9,1,0,17.2
2011,12,9,2,0,16.9
2011,12,9,3,0,16.8
2011,12,9,4,0,17.2
2011,12,9,5,13,18.1
2011,12,9,6,39,19
2011,12,9,7,66,19.7
2011,12,9,8,83,20.4
2011,12,9,9,98,20.8
2011,12,9,10,141,21.4
2011,12,9,11,137,21.6
2011,12,9,12,168,21.8
2011,12,9,13,176,21.7
2011,12,9,14,153,21.6
2011,12,9,15,114,21.3
2011,12,9,16,51,20.9
2011,12,9,17,24,20.3
2011,12,9,18,12,19.5
2011,12,9,19,0,19
2011,12,9,20,0,18.7
2011,12,9,21,0,18.5
2011,12,9,22,0,18.3
2011,12,9,23,0,18.3
2011,12,10,0,0,18.3
2011,12,10,1,0,18.3
2011,12,10,2,0,18.2
2011,12,10,3,0,18.1
2011,12,10,4,0,18.1
2011,12,10,5,12,18.6
2011,12,10,6,23,19.4
2011,12,10,7,38,20
2011,12,10,8,57,20.5
2011,12,10,9,80,20.7
2011,12,10,10,93,21.1
2011,12,10,11,102,21.3
2011,12,10,12,113,21.4
2011,12,10,13,119,21.3
2011,12,10,14,97,21.2
2011,12,10,15,58,21.1
2011,12,10,16,27,20.9
2011,12,10,17,11,20.5
2011,12,10,18,5,19.9
2011,12,10,19,0,19.3
2011,12,10,20,0,19
2011,12,10,21,0,18.8
2011,12,10,22,0,18.5
2011,12,10,23,0,18.3
2011,12,11,0,0,18.2
2011,12,11,1,0,18
2011,12,11,2,0,18
2011,12,11,3,0,17.9
2011,12,11,4,0,18.1
2011,12,11,5,7,18.8
2011,12,11,6,15,19.9
2011,12,11,7,29,21.3
2011,12,11,8,50,22.6
2011,12,11,9,72,23.1
2011,12,11,10,92,24.2
2011,12,11,11,102,24.3
2011,12,11,12,99,24
2011,12,11,13,90,23.4
2011,12,11,14,67,22.8
2011,12,11,15,42,22.3
2011,12,11,16,36,21.8
2011,12,11,17,26,21.1
2011,12,11,18,9,20.5
2011,12,11,19,0,20.1
2011,12,11,20,0,19.8
2011,12,11,21,0,19.5
2011,12,11,22,0,19.3
2011,12,11,23,0,19.2
2011,12,12,0,0,19.1
2011,12,12,1,0,19
2011,12,12,2,0,18.9
2011,12,12,3,0,18.7
2011,12,12,4,0,18.5
2011,12,12,5,8,18.2
2011,12,12,6,23,18
2011,12,12,7,46,18
2011,12,12,8,65,18.2
2011,12,12,9,86,18.4
2011,12,12,10,94,18.3
2011,12,12,11,102,18.2
2011,12,12,12,107,18.2
2011,12,12,13,110,18.2
2011,12,12,14,109,18.3
2011,12,12,15,91,18.2
2011,12,12,16,55,18.1
2011,12,12,17,27,17.9
2011,12,12,18,9,17.7
2011,12,12,19,0,17.5
2011,12,12,20,0,17.4
2011,12,12,21,0,17.4
2011,12,12,22,0,17.4
2011,12,12,23,0,17.3
2011,12,13,0,0,17.2
2011,12,13,1,0,17
2011,12,13,2,0,16.8
2011,12,13,3,0,16.7
2011,12,13,4,0,16.8
2011,12,13,5,18,16.9
2011,12,13,6,49,17.3
2011,12,13,7,95,17.8
2011,12,13,8,165,18.3
2011,12,13,9,235,18.5
2011,12,13,10,265,19.1
2011,12,13,11,272,19.4
2011,12,13,12,215,19.6
2011,12,13,13,104,19.8
2011,12,13,14,73,19.8
2011,12,13,15,55,19.5
2011,12,13,16,35,19.1
2011,12,13,17,16,18.7
2011,12,13,18,4,18.3
2011,12,13,19,0,18
2011,12,13,20,0,17.7
2011,12,13,21,0,17.4
2011,12,13,22,0,17.1
2011,12,13,23,0,16.8
2011,12,14,0,0,16.6
2011,12,14,1,0,16.3
2011,12,14,2,0,16.1
2011,12,14,3,0,15.9
2011,12,14,4,0,16
2011,12,14,5,11,16.6
2011,12,14,6,38,17.3
2011,12,14,7,73,17.9
2011,12,14,8,95,18.4
2011,12,14,9,116,18.5
2011,12,14,10,160,18.9
2011,12,14,11,165,19
2011,12,14,12,145,19
2011,12,14,13,158,19
2011,12,14,14,219,18.8
2011,12,14,15,192,18.6
2011,12,14,16,106,18.3
2011,12,14,17,39,17.9
2011,12,14,18,7,17.3
2011,12,14,19,0,16.9
2011,12,14,20,0,16.8
2011,12,14,21,0,16.6
2011,12,14,22,0,16.5
2011,12,14,23,0,16.4
2011,12,15,0,0,16.3
2011,12,15,1,0,16.2
2011,12,15,2,0,16.1
2011,12,15,3,0,16
2011,12,15,4,0,16.1
2011,12,15,5,11,16.8
2011,12,15,6,28,17.6
2011,12,15,7,55,18.2
2011,12,15,8,98,18.8
2011,12,15,9,162,19.1
2011,12,15,10,319,19.7
2011,12,15,11,373,20.1
2011,12,15,12,347,20.3
2011,12,15,13,386,20.2
2011,12,15,14,430,20.1
2011,12,15,15,390,19.8
2011,12,15,16,190,19.4
2011,12,15,17,58,18.9
2011,12,15,18,19,18.1
2011,12,15,19,0,17.4
2011,12,15,20,0,17.1
2011,12,15,21,0,16.9
2011,12,15,22,0,16.6
2011,12,15,23,0,16.4
2011,12,16,0,0,16.2
2011,12,16,1,0,16
2011,12,16,2,0,15.9
2011,12,16,3,0,15.9
2011,12,16,4,0,16.2
2011,12,16,5,30,17
2011,12,16,6,46,17.7
2011,12,16,7,58,18.3
2011,12,16,8,90,18.9
2011,12,16,9,131,19.2
2011,12,16,10,202,19.7
2011,12,16,11,334,20
2011,12,16,12,417,20
2011,12,16,13,499,20
2011,12,16,14,476,19.8
2011,12,16,15,309,19.5
2011,12,16,16,143,19.1
2011,12,16,17,37,18.5
2011,12,16,18,7,17.8
2011,12,16,19,0,17.3
2011,12,16,20,0,17
2011,12,16,21,0,16.8
2011,12,16,22,0,16.6
2011,12,16,23,0,16.5
2011,12,17,0,0,16.4
2011,12,17,1,0,16.3
2011,12,17,2,0,16.1
2011,12,17,3,0,16
2011,12,17,4,0,16.1
2011,12,17,5,13,17
2011,12,17,6,41,18.1
2011,12,17,7,87,18.7
2011,12,17,8,168,19.3
2011,12,17,9,260,19.6
2011,12,17,10,528,20.3
2011,12,17,11,760,20.6
2011,12,17,12,900,20.9
2011,12,17,13,1016,20.9
2011,12,17,14,881,20.7
2011,12,17,15,699,20.4
2011,12,17,16,472,20
2011,12,17,17,261,19.4
2011,12,17,18,63,18.5
2011,12,17,19,0,17.9
2011,12,17,20,0,17.7
2011,12,17,21,0,17.5
2011,12,17,22,0,17.4
2011,12,17,23,0,17.3
2011,12,18,0,0,17.3
2011,12,18,1,0,17.2
2011,12,18,2,0,17.2
2011,12,18,3,0,17.1
2011,12,18,4,0,17.2
2011,12,18,5,31,17.7
2011,12,18,6,97,18.4
2011,12,18,7,225,19.3
2011,12,18,8,398,20.3
2011,12,18,9,540,20.8
2011,12,18,10,587,21.6
2011,12,18,11,667,21.8
2011,12,18,12,682,21.9
2011,12,18,13,592,21.9
2011,12,18,14,408,21.7
2011,12,18,15,244,21.4
2011,12,18,16,157,20.9
2011,12,18,17,98,20.4
2011,12,18,18,33,19.9
2011,12,18,19,0,19.5
2011,12,18,20,0,19.4
2011,12,18,21,0,19.4
2011,12,18,22,0,19.4
2011,12,18,23,0,19.4
2011,12,19,0,0,19.3
2011,12,19,1,0,19.4
2011,12,19,2,0,19.5
2011,12,19,3,0,19.5
2011,12,19,4,0,19.5
2011,12,19,5,23,19.7
2011,12,19,6,43,20
2011,12,19,7,56,20.2
2011,12,19,8,75,20.4
2011,12,19,9,106,20.4
2011,12,19,10,135,20.4
2011,12,19,11,217,20.7
2011,12,19,12,240,21.1
2011,12,19,13,130,21.5
2011,12,19,14,70,21.4
2011,12,19,15,45,21
2011,12,19,16,25,20.5
2011,12,19,17,11,20.1
2011,12,19,18,6,19.9
2011,12,19,19,0,19.8
2011,12,19,20,0,19.7
2011,12,19,21,0,19.6
2011,12,19,22,0,19.5
2011,12,19,23,0,19.4
2011,12,20,0,0,19.3
2011,12,20,1,0,19.1
2011,12,20,2,0,19.1
2011,12,20,3,0,19.1
2011,12,20,4,0,18.9
2011,12,20,5,37,18.8
2011,12,20,6,158,19.1
2011,12,20,7,309,19.7
2011,12,20,8,393,20.3
2011,12,20,9,464,20.6
2011,12,20,10,396,21.2
2011,12,20,11,405,21.2
2011,12,20,12,316,21.2
2011,12,20,13,258,21.1
2011,12,20,14,219,21
2011,12,20,15,196,20.8
2011,12,20,16,279,20.4
2011,12,20,17,251,19.9
2011,12,20,18,41,19.2
2011,12,20,19,0,18.7
2011,12,20,20,0,18.4
2011,12,20,21,0,18.3
2011,12,20,22,0,18.2
2011,12,20,23,0,18.1
2011,12,21,0,0,18
2011,12,21,1,0,18
2011,12,21,2,0,17.9
2011,12,21,3,0,17.9
2011,12,21,4,0,18.1
2011,12,21,5,27,18.7
2011,12,21,6,74,19.5
2011,12,21,7,166,20.2
2011,12,21,8,316,20.8
2011,12,21,9,468,21.1
2011,12,21,10,389,21.3
2011,12,21,11,342,21.2
2011,12,21,12,301,21
2011,12,21,13,240,20.8
2011,12,21,14,185,20.6
2011,12,21,15,146,20.4
2011,12,21,16,75,20.2
2011,12,21,17,35,19.9
2011,12,21,18,13,19.3
2011,12,21,19,0,18.8
2011,12,21,20,0,18.6
2011,12,21,21,0,18.4
2011,12,21,22,0,18.3
2011,12,21,23,0,18.2
2011,12,22,0,0,18.2
2011,12,22,1,0,18.3
2011,12,22,2,0,18.3
2011,12,22,3,0,18.3
2011,12,22,4,0,18.6
2011,12,22,5,19,19.2
2011,12,22,6,58,19.8
2011,12,22,7,90,20.1
2011,12,22,8,113,20.3
2011,12,22,9,136,20.4
2011,12,22,10,78,21.1
2011,12,22,11,102,21.7
2011,12,22,12,101,21.9
2011,12,22,13,87,21.8
2011,12,22,14,122,21.4
2011,12,22,15,71,20.8
2011,12,22,16,36,20.4
2011,12,22,17,23,20
2011,12,22,18,9,19.7
2011,12,22,19,0,19.4
2011,12,22,20,0,19.3
2011,12,22,21,0,19.2
2011,12,22,22,0,19.2
2011,12,22,23,0,19.3
2011,12,23,0,0,19.4
2011,12,23,1,0,19.4
2011,12,23,2,0,19.3
2011,12,23,3,0,19.2
2011,12,23,4,0,19.4
2011,12,23,5,6,20
2011,12,23,6,21,20.6
2011,12,23,7,40,21.3
2011,12,23,8,59,22
2011,12,23,9,71,22.4
2011,12,23,10,77,23.2
2011,12,23,11,78,23.5
2011,12,23,12,78,23.7
2011,12,23,13,77,23.7
2011,12,23,14,66,23.5
2011,12,23,15,43,23.2
2011,12,23,16,24,22.7
2011,12,23,17,13,22.1
2011,12,23,18,6,21.4
2011,12,23,19,0,21
2011,12,23,20,0,20.8
2011,12,23,21,0,20.7
2011,12,23,22,0,20.6
2011,12,23,23,0,20.5
2011,12,24,0,0,20.5
2011,12,24,1,0,20.5
2011,12,24,2,0,20.4
2011,12,24,3,0,20.2
2011,12,24,4,0,20.2
2011,12,24,5,23,20.7
2011,12,24,6,69,21.4
2011,12,24,7,151,22.2
2011,12,24,8,213,23
2011,12,24,9,252,23.4
2011,12,24,10,282,24.2
2011,12,24,11,378,24.5
2011,12,24,12,502,24.7
2011,12,24,13,691,24.6
2011,12,24,14,748,24.5
2011,12,24,15,630,24.1
2011,12,24,16,464,23.6
2011,12,24,17,260,22.9
2011,12,24,18,69,22
2011,12,24,19,0,21.3
2011,12,24,20,0,20.9
2011,12,24,21,0,20.6
2011,12,24,22,0,20.3
2011,12,24,23,0,20.1
2011,12,25,0,0,20
2011,12,25,1,0,20
2011,12,25,2,0,19.9
2011,12,25,3,0,19.7
2011,12,25,4,0,19.9
2011,12,25,5,31,20.6
2011,12,25,6,92,21.7
2011,12,25,7,115,22.7
2011,12,25,8,125,23.5
2011,12,25,9,144,23.9
2011,12,25,10,202,24.6
2011,12,25,11,230,24.9
2011,12,25,12,274,25
2011,12,25,13,199,24.9
2011,12,25,14,110,24.6
2011,12,25,15,82,24.3
2011,12,25,16,83,23.7
2011,12,25,17,77,23
2011,12,25,18,16,22.2
2011,12,25,19,0,21.7
2011,12,25,20,0,21.4
2011,12,25,21,0,21.2
2011,12,25,22,0,21
2011,12,25,23,0,20.8
2011,12,26,0,0,20.5
2011,12,26,1,0,20.2
2011,12,26,2,0,20
2011,12,26,3,0,19.9
2011,12,26,4,0,20
2011,12,26,5,89,20.7
2011,12,26,6,283,21.8
2011,12,26,7,490,23
2011,12,26,8,680,24.1
2011,12,26,9,866,24.6
2011,12,26,10,971,26
2011,12,26,11,1025,26.7
2011,12,26,12,513,26.8
2011,12,26,13,466,26.5
2011,12,26,14,380,25.9
2011,12,26,15,569,25.2
2011,12,26,16,180,24.2
2011,12,26,17,118,23.2
2011,12,26,18,31,22.5
2011,12,26,19,0,22
2011,12,26,20,0,21.5
2011,12,26,21,0,21
2011,12,26,22,0,20.6
2011,12,26,23,0,20.2
2011,12,27,0,0,19.9
2011,12,27,1,0,19.6
2011,12,27,2,0,19.4
2011,12,27,3,0,19.3
2011,12,27,4,0,19.2
2011,12,27,5,27,19.4
2011,12,27,6,252,19.6
2011,12,27,7,406,20
2011,12,27,8,590,20.5
2011,12,27,9,777,20.7
2011,12,27,10,423,21.2
2011,12,27,11,735,21.4
2011,12,27,12,740,21.4
2011,12,27,13,461,21.2
2011,12,27,14,651,21
2011,12,27,15,446,20.8
2011,12,27,16,487,20.4
2011,12,27,17,86,19.9
2011,12,27,18,70,19.4
2011,12,27,19,0,19
2011,12,27,20,0,18.8
2011,12,27,21,0,18.6
2011,12,27,22,0,18.5
2011,12,27,23,0,18.4
2011,12,28,0,0,18.2
2011,12,28,1,0,18.1
2011,12,28,2,0,18
2011,12,28,3,0,17.9
2011,12,28,4,0,18.1
2011,12,28,5,89,18.6
2011,12,28,6,289,19.2
2011,12,28,7,508,19.7
2011,12,28,8,289,20.2
2011,12,28,9,886,20.5
2011,12,28,10,1007,21.2
2011,12,28,11,1066,21.5
2011,12,28,12,1063,21.7
2011,12,28,13,1005,21.8
2011,12,28,14,877,21.6
2011,12,28,15,700,21.4
2011,12,28,16,492,21
2011,12,28,17,270,20.4
2011,12,28,18,20,19.8
2011,12,28,19,0,19.4
2011,12,28,20,0,19.2
2011,12,28,21,0,19.1
2011,12,28,22,0,19
2011,12,28,23,0,18.8
2011,12,29,0,0,18.6
2011,12,29,1,0,18.4
2011,12,29,2,0,18.2
2011,12,29,3,0,18
2011,12,29,4,0,18.2
2011,12,29,5,58,18.8
2011,12,29,6,206,19.5
2011,12,29,7,353,20
2011,12,29,8,571,20.6
2011,12,29,9,714,20.9
2011,12,29,10,1030,21.5
2011,12,29,11,1092,21.8
2011,12,29,12,1087,22
2011,12,29,13,1022,22
2011,12,29,14,894,21.8
2011,12,29,15,718,21.4
2011,12,29,16,507,21
2011,12,29,17,282,20.4
2011,12,29,18,78,19.7
2011,12,29,19,0,19.1
2011,12,29,20,0,18.9
2011,12,29,21,0,18.8
2011,12,29,22,0,18.8
2011,12,29,23,0,18.7
2011,12,30,0,0,18.6
2011,12,30,1,0,18.5
2011,12,30,2,0,18.3
2011,12,30,3,0,18.2
2011,12,30,4,0,18.3
2011,12,30,5,95,19
2011,12,30,6,302,19.8
2011,12,30,7,193,20.5
2011,12,30,8,730,21.1
2011,12,30,9,904,21.4
2011,12,30,10,1017,22.2
2011,12,30,11,1080,22.5
2011,12,30,12,1078,22.6
2011,12,30,13,1013,22.6
2011,12,30,14,886,22.4
2011,12,30,15,710,22
2011,12,30,16,501,21.6
2011,12,30,17,278,21
2011,12,30,18,77,20.2
2011,12,30,19,0,19.7
2011,12,30,20,0,19.5
2011,12,30,21,0,19.3
2011,12,30,22,0,19.2
2011,12,30,23,0,19.1
2011,12,31,0,0,19
2011,12,31,1,0,18.9
2011,12,31,2,0,18.7
2011,12,31,3,0,18.6
2011,12,31,4,0,18.8
2011,12,31,5,42,19.4
2011,12,31,6,158,20.2
2011,12,31,7,253,20.7
2011,12,31,8,438,21.3
2011,12,31,9,270,21.6
2011,12,31,10,241,22.5
2011,12,31,11,1084,22.9
2011,12,31,12,1083,23.1
2011,12,31,13,1023,23.1
2011,12,31,14,898,22.9
2011,12,31,15,721,22.5
2011,12,31,16,511,21.9
2011,12,31,17,285,21.2
2011,12,31,18,81,20.3
2011,12,31,19,0,19.5
2011,12,31,20,0,19.1
2011,12,31,21,0,18.8
2011,12,31,22,0,18.5
2011,12,31,23,0,18.2
2012,1,1,0,0,21.4
2012,1,1,1,0,21
2012,1,1,2,0,20.5
2012,1,1,3,0,19.9
2012,1,1,4,0,19.6
2012,1,1,5,82,20
2012,1,1,6,280,21.2
2012,1,1,7,501,23
2012,1,1,8,707,25.1
2012,1,1,9,880,26.2
2012,1,1,10,1039,24.5
2012,1,1,11,1103,25.1
2012,1,1,12,1100,25.4
2012,1,1,13,1032,25.5
2012,1,1,14,904,25.3
2012,1,1,15,726,24.9
2012,1,1,16,515,24.2
2012,1,1,17,289,23.1
2012,1,1,18,83,21.8
2012,1,1,19,0,20.8
2012,1,1,20,0,20.3
2012,1,1,21,0,20
2012,1,1,22,0,19.7
2012,1,1,23,0,19.5
2012,1,2,0,0,19.3
2012,1,2,1,0,19.3
2012,1,2,2,0,19.2
2012,1,2,3,0,19.1
2012,1,2,4,0,19.4
2012,1,2,5,85,20.4
2012,1,2,6,287,21.8
2012,1,2,7,507,22.9
2012,1,2,8,715,23.8
2012,1,2,9,889,24.2
2012,1,2,10,1018,25.2
2012,1,2,11,1078,25.6
2012,1,2,12,1075,25.7
2012,1,2,13,1010,25.6
2012,1,2,14,884,25.4
2012,1,2,15,708,25
2012,1,2,16,497,24.4
2012,1,2,17,277,23.6
2012,1,2,18,77,22.5
2012,1,2,19,0,21.8
2012,1,2,20,0,21.5
2012,1,2,21,0,21.2
2012,1,2,22,0,21.1
2012,1,2,23,0,20.9
2012,1,3,0,0,20.7
2012,1,3,1,0,20.4
2012,1,3,2,0,20.2
2012,1,3,3,0,20
2012,1,3,4,0,20.1
2012,1,3,5,78,20.9
2012,1,3,6,272,22.1
2012,1,3,7,490,23.2
2012,1,3,8,695,24.2
2012,1,3,9,867,24.7
2012,1,3,10,993,26
2012,1,3,11,1056,26.6
2012,1,3,12,1053,26.9
2012,1,3,13,989,27
2012,1,3,14,864,26.8
2012,1,3,15,692,26.3
2012,1,3,16,486,25.6
2012,1,3,17,268,24.5
2012,1,3,18,73,23.2
2012,1,3,19,0,22.5
2012,1,3,20,0,22.2
2012,1,3,21,0,22
2012,1,3,22,0,21.9
2012,1,3,23,0,21.8
2012,1,4,0,0,21.7
2012,1,4,1,0,21.4
2012,1,4,2,0,21.2
2012,1,4,3,0,21
2012,1,4,4,0,21.1
2012,1,4,5,72,21.7
2012,1,4,6,261,22.8
2012,1,4,7,343,24.3
2012,1,4,8,570,26
2012,1,4,9,842,26.9
2012,1,4,10,864,30
2012,1,4,11,828,31.4
2012,1,4,12,909,31.4
2012,1,4,13,441,30.3
2012,1,4,14,234,28.7
2012,1,4,15,361,26.6
2012,1,4,16,391,24.4
2012,1,4,17,170,22.6
2012,1,4,18,42,21.8
2012,1,4,19,0,21.6
2012,1,4,20,0,21.6
2012,1,4,21,0,21.4
2012,1,4,22,0,21.3
2012,1,4,23,0,21.1
2012,1,5,0,0,20.9
2012,1,5,1,0,20.7
2012,1,5,2,0,20.5
2012,1,5,3,0,20.3
2012,1,5,4,0,20.3
2012,1,5,5,12,20.6
2012,1,5,6,44,21.2
2012,1,5,7,480,21.7
2012,1,5,8,686,22.3
2012,1,5,9,859,22.6
2012,1,5,10,975,23.6
2012,1,5,11,1038,24.2
2012,1,5,12,1033,24.6
2012,1,5,13,981,24.7
2012,1,5,14,744,24.3
2012,1,5,15,604,23.5
2012,1,5,16,251,22.4
2012,1,5,17,166,21.5
2012,1,5,18,45,21.1
2012,1,5,19,0,21
2012,1,5,20,0,21
2012,1,5,21,0,21
2012,1,5,22,0,21.1
2012,1,5,23,0,21.1
2012,1,6,0,0,21
2012,1,6,1,0,20.8
2012,1,6,2,0,20.5
2012,1,6,3,0,20.1
2012,1,6,4,0,19.8
2012,1,6,5,5,19.7
2012,1,6,6,19,19.8
2012,1,6,7,93,20.1
2012,1,6,8,388,20.5
2012,1,6,9,417,20.7
2012,1,6,10,395,21.2
2012,1,6,11,733,21.4
2012,1,6,12,1066,21.3
2012,1,6,13,998,21.2
2012,1,6,14,519,21.1
2012,1,6,15,249,20.8
2012,1,6,16,493,20.5
2012,1,6,17,275,20.1
2012,1,6,18,77,19.5
2012,1,6,19,0,19.2
2012,1,6,20,0,19
2012,1,6,21,0,18.9
2012,1,6,22,0,18.9
2012,1,6,23,0,18.9
2012,1,7,0,0,18.9
2012,1,7,1,0,18.9
2012,1,7,2,0,18.9
2012,1,7,3,0,18.9
2012,1,7,4,0,18.9
2012,1,7,5,75,19.4
2012,1,7,6,278,20.3
2012,1,7,7,349,21.3
2012,1,7,8,712,22.2
2012,1,7,9,889,22.6
2012,1,7,10,1012,23.8
2012,1,7,11,1074,24.4
2012,1,7,12,1068,24.8
2012,1,7,13,858,24.9
2012,1,7,14,674,24.5
2012,1,7,15,528,23.7
2012,1,7,16,483,22.7
2012,1,7,17,265,21.7
2012,1,7,18,73,21
2012,1,7,19,0,20.7
2012,1,7,20,0,20.7
2012,1,7,21,0,20.9
2012,1,7,22,0,21
2012,1,7,23,0,21.1
2012,1,8,0,0,21.1
2012,1,8,1,0,21
2012,1,8,2,0,20.8
2012,1,8,3,0,20.7
2012,1,8,4,0,20.8
2012,1,8,5,5,21.2
2012,1,8,6,11,21.7
2012,1,8,7,157,22.2
2012,1,8,8,323,23.2
2012,1,8,9,550,23.9
2012,1,8,10,343,25.8
2012,1,8,11,423,26.7
2012,1,8,12,276,27.3
2012,1,8,13,664,27.6
2012,1,8,14,294,27.3
2012,1,8,15,305,26.4
2012,1,8,16,138,25.3
2012,1,8,17,111,24.4
2012,1,8,18,31,23.7
2012,1,8,19,0,23.5
2012,1,8,20,0,23.5
2012,1,8,21,0,23.3
2012,1,8,22,0,23.1
2012,1,8,23,0,22.9
2012,1,9,0,0,22.8
2012,1,9,1,0,22.7
2012,1,9,2,0,22.3
2012,1,9,3,0,21.9
2012,1,9,4,0,21.8
2012,1,9,5,68,22.2
2012,1,9,6,267,22.8
2012,1,9,7,337,23.5
2012,1,9,8,580,24.2
2012,1,9,9,873,24.6
2012,1,9,10,993,25.4
2012,1,9,11,1057,25.8
2012,1,9,12,1061,26
2012,1,9,13,998,25.7
2012,1,9,14,874,25
2012,1,9,15,701,24
2012,1,9,16,493,23
2012,1,9,17,272,21.9
2012,1,9,18,75,20.9
2012,1,9,19,0,20.4
2012,1,9,20,0,20.2
2012,1,9,21,0,20.1
2012,1,9,22,0,20.1
2012,1,9,23,0,20.1
2012,1,10,0,0,20.1
2012,1,10,1,0,19.9
2012,1,10,2,0,19.7
2012,1,10,3,0,19.3
2012,1,10,4,0,19.1
2012,1,10,5,71,19.2
2012,1,10,6,166,20.1
2012,1,10,7,502,21.9
2012,1,10,8,591,23.4
2012,1,10,9,630,23.9
2012,1,10,10,835,24.9
2012,1,10,11,804,25.4
2012,1,10,12,775,25.6
2012,1,10,13,505,25.7
2012,1,10,14,895,25.8
2012,1,10,15,629,25.9
2012,1,10,16,436,25.6
2012,1,10,17,178,24.8
2012,1,10,18,48,23.7
2012,1,10,19,0,23
2012,1,10,20,0,22.7
2012,1,10,21,0,22.3
2012,1,10,22,0,22
2012,1,10,23,0,21.7
2012,1,11,0,0,21.3
2012,1,11,1,0,20.8
2012,1,11,2,0,20.3
2012,1,11,3,0,19.9
2012,1,11,4,0,19.7
2012,1,11,5,71,20.3
2012,1,11,6,166,21.7
2012,1,11,7,500,22.9
2012,1,11,8,715,23.8
2012,1,11,9,895,24.1
2012,1,11,10,1025,24.9
2012,1,11,11,1096,25.3
2012,1,11,12,1100,25.5
2012,1,11,13,1035,25.5
2012,1,11,14,908,25.2
2012,1,11,15,727,24.7
2012,1,11,16,516,23.9
2012,1,11,17,135,22.7
2012,1,11,18,40,21.4
2012,1,11,19,0,20.4
2012,1,11,20,0,19.8
2012,1,11,21,0,19.2
2012,1,11,22,0,18.7
2012,1,11,23,0,18
2012,1,12,0,0,17.2
2012,1,12,1,0,16.7
2012,1,12,2,0,16.2
2012,1,12,3,0,15.9
2012,1,12,4,0,15.9
2012,1,12,5,66,16.3
2012,1,12,6,268,17.1
2012,1,12,7,495,18
2012,1,12,8,709,18.8
2012,1,12,9,889,19.2
2012,1,12,10,1019,20.1
2012,1,12,11,1088,20.5
2012,1,12,12,1091,20.8
2012,1,12,13,1024,20.8
2012,1,12,14,899,20.5
2012,1,12,15,723,20
2012,1,12,16,512,19.5
2012,1,12,17,287,19
2012,1,12,18,81,18.4
2012,1,12,19,0,18
2012,1,12,20,0,17.9
2012,1,12,21,0,17.9
2012,1,12,22,0,17.9
2012,1,12,23,0,17.9
2012,1,13,0,0,17.9
2012,1,13,1,0,17.8
2012,1,13,2,0,17.7
2012,1,13,3,0,17.4
2012,1,13,4,0,17.3
2012,1,13,5,61,17.9
2012,1,13,6,258,19.1
2012,1,13,7,481,20.4
2012,1,13,8,695,21.5
2012,1,13,9,874,22
2012,1,13,10,1008,23.7
2012,1,13,11,1077,24.6
2012,1,13,12,1009,25
2012,1,13,13,811,25.1
2012,1,13,14,725,24.7
2012,1,13,15,716,23.9
2012,1,13,16,506,22.9
2012,1,13,17,281,21.8
2012,1,13,18,6,20.8
2012,1,13,19,0,20.4
2012,1,13,20,0,20.4
2012,1,13,21,0,20.3
2012,1,13,22,0,20.3
2012,1,13,23,0,20.3
2012,1,14,0,0,20.2
2012,1,14,1,0,20
2012,1,14,2,0,19.6
2012,1,14,3,0,19.2
2012,1,14,4,0,19
2012,1,14,5,4,18.9
2012,1,14,6,17,19.1
2012,1,14,7,447,19.5
2012,1,14,8,78,20.1
2012,1,14,9,831,20.4
2012,1,14,10,960,21.2
2012,1,14,11,1031,21.6
2012,1,14,12,1039,21.8
2012,1,14,13,231,21.8
2012,1,14,14,853,21.6
2012,1,14,15,108,21.3
2012,1,14,16,212,21
2012,1,14,17,141,20.6
2012,1,14,18,25,20.2
2012,1,14,19,0,20
2012,1,14,20,0,19.9
2012,1,14,21,0,19.9
2012,1,14,22,0,19.8
2012,1,14,23,0,19.8
2012,1,15,0,0,19.8
2012,1,15,1,0,19.7
2012,1,15,2,0,19.6
2012,1,15,3,0,19.5
2012,1,15,4,0,19.5
2012,1,15,5,9,19.6
2012,1,15,6,11,19.8
2012,1,15,7,149,20.1
2012,1,15,8,37,20.5
2012,1,15,9,450,20.7
2012,1,15,10,227,21.2
2012,1,15,11,341,21.4
2012,1,15,12,635,21.6
2012,1,15,13,473,21.6
2012,1,15,14,664,21.4
2012,1,15,15,614,21.1
2012,1,15,16,225,20.7
2012,1,15,17,170,20.2
2012,1,15,18,45,19.8
2012,1,15,19,0,19.7
2012,1,15,20,0,19.8
2012,1,15,21,0,19.8
2012,1,15,22,0,19.8
2012,1,15,23,0,19.9
2012,1,16,0,0,19.9
2012,1,16,1,0,19.9
2012,1,16,2,0,20
2012,1,16,3,0,20
2012,1,16,4,0,20.1
2012,1,16,5,4,20.5
2012,1,16,6,245,21
2012,1,16,7,36,21.5
2012,1,16,8,679,22.1
2012,1,16,9,307,22.5
2012,1,16,10,980,23.2
2012,1,16,11,1050,23.4
2012,1,16,12,1055,23.5
2012,1,16,13,992,23.6
2012,1,16,14,874,23.6
2012,1,16,15,704,23.4
2012,1,16,16,499,23
2012,1,16,17,278,22.5
2012,1,16,18,77,21.9
2012,1,16,19,0,21.4
2012,1,16,20,0,21
2012,1,16,21,0,20.7
2012,1,16,22,0,20.5
2012,1,16,23,0,20.4
2012,1,17,0,0,20.4
2012,1,17,1,0,20.4
2012,1,17,2,0,20.4
2012,1,17,3,0,20.4
2012,1,17,4,0,20.6
2012,1,17,5,53,21.2
2012,1,17,6,248,22.1
2012,1,17,7,474,22.9
2012,1,17,8,688,23.5
2012,1,17,9,872,23.8
2012,1,17,10,1003,24.5
2012,1,17,11,1075,24.9
2012,1,17,12,1078,25
2012,1,17,13,1015,25
2012,1,17,14,889,24.7
2012,1,17,15,714,24.3
2012,1,17,16,503,23.8
2012,1,17,17,279,23.1
2012,1,17,18,76,22.4
2012,1,17,19,0,21.9
2012,1,17,20,0,21.6
2012,1,17,21,0,21.4
2012,1,17,22,0,21.2
2012,1,17,23,0,21.1
2012,1,18,0,0,21
2012,1,18,1,0,20.9
2012,1,18,2,0,20.8
2012,1,18,3,0,20.7
2012,1,18,4,0,20.9
2012,1,18,5,48,21.7
2012,1,18,6,239,22.7
2012,1,18,7,461,23.7
2012,1,18,8,673,24.6
2012,1,18,9,854,25
2012,1,18,10,991,26
2012,1,18,11,1062,26.3
2012,1,18,12,1068,26.5
2012,1,18,13,1008,26.5
2012,1,18,14,652,26.3
2012,1,18,15,712,26
2012,1,18,16,502,25.5
2012,1,18,17,280,24.7
2012,1,18,18,77,23.7
2012,1,18,19,0,23
2012,1,18,20,0,22.5
2012,1,18,21,0,22.1
2012,1,18,22,0,21.9
2012,1,18,23,0,21.8
2012,1,19,0,0,21.7
2012,1,19,1,0,21.4
2012,1,19,2,0,21
2012,1,19,3,0,20.7
2012,1,19,4,0,20.8
2012,1,19,5,45,21.7
2012,1,19,6,230,23
2012,1,19,7,447,24
2012,1,19,8,655,24.6
2012,1,19,9,828,24.8
2012,1,19,10,961,25
2012,1,19,11,1031,24.8
2012,1,19,12,1036,24.6
2012,1,19,13,728,24.4
2012,1,19,14,795,24
2012,1,19,15,532,23.6
2012,1,19,16,351,23.1
2012,1,19,17,269,22.6
2012,1,19,18,72,21.9
2012,1,19,19,0,21.4
2012,1,19,20,0,21.1
2012,1,19,21,0,20.9
2012,1,19,22,0,20.7
2012,1,19,23,0,20.6
2012,1,20,0,0,20.5
2012,1,20,1,0,20.4
2012,1,20,2,0,20.2
2012,1,20,3,0,20.2
2012,1,20,4,0,20.3
2012,1,20,5,42,21.1
2012,1,20,6,227,22.1
2012,1,20,7,447,22.9
2012,1,20,8,657,23.7
2012,1,20,9,837,24.1
2012,1,20,10,961,24.8
2012,1,20,11,1030,25
2012,1,20,12,1037,25
2012,1,20,13,995,24.9
2012,1,20,14,872,24.6
2012,1,20,15,701,24.1
2012,1,20,16,415,23.5
2012,1,20,17,252,22.8
2012,1,20,18,69,22.3
2012,1,20,19,0,22
2012,1,20,20,0,21.9
2012,1,20,21,0,21.8
2012,1,20,22,0,21.7
2012,1,20,23,0,21.6
2012,1,21,0,0,21.6
2012,1,21,1,0,21.5
2012,1,21,2,0,21.4
2012,1,21,3,0,21.2
2012,1,21,4,0,21.4
2012,1,21,5,4,22
2012,1,21,6,11,22.7
2012,1,21,7,18,23.2
2012,1,21,8,42,23.6
2012,1,21,9,63,23.8
2012,1,21,10,67,24.2
2012,1,21,11,139,24
2012,1,21,12,464,23.9
2012,1,21,13,508,23.7
2012,1,21,14,585,23.3
2012,1,21,15,677,22.8
2012,1,21,16,415,22.4
2012,1,21,17,256,22.1
2012,1,21,18,65,21.8
2012,1,21,19,0,21.7
2012,1,21,20,0,21.6
2012,1,21,21,0,21.4
2012,1,21,22,0,21.3
2012,1,21,23,0,21.2
2012,1,22,0,0,21.1
2012,1,22,1,0,21
2012,1,22,2,0,20.9
2012,1,22,3,0,20.8
2012,1,22,4,0,20.8
2012,1,22,5,3,21.1
2012,1,22,6,15,21.7
2012,1,22,7,206,22.2
2012,1,22,8,660,22.7
2012,1,22,9,840,22.9
2012,1,22,10,968,23.3
2012,1,22,11,1040,23.5
2012,1,22,12,1046,23.6
2012,1,22,13,990,23.5
2012,1,22,14,870,23.3
2012,1,22,15,698,23
2012,1,22,16,490,22.7
2012,1,22,17,269,22.2
2012,1,22,18,70,21.7
2012,1,22,19,0,21.4
2012,1,22,20,0,21.2
2012,1,22,21,0,21.2
2012,1,22,22,0,21
2012,1,22,23,0,20.7
2012,1,23,0,0,20.5
2012,1,23,1,0,20.5
2012,1,23,2,0,20.6
2012,1,23,3,0,20.7
2012,1,23,4,0,20.8
2012,1,23,5,38,21.2
2012,1,23,6,222,21.6
2012,1,23,7,442,21.9
2012,1,23,8,654,22.3
2012,1,23,9,833,22.5
2012,1,23,10,967,22.8
2012,1,23,11,573,22.9
2012,1,23,12,1047,22.9
2012,1,23,13,977,22.8
2012,1,23,14,858,22.7
2012,1,23,15,277,22.5
2012,1,23,16,289,22.2
2012,1,23,17,161,21.8
2012,1,23,18,37,21.4
2012,1,23,19,0,21.2
2012,1,23,20,0,21.1
2012,1,23,21,0,21
2012,1,23,22,0,20.9
2012,1,23,23,0,20.8
2012,1,24,0,0,20.8
2012,1,24,1,0,20.7
2012,1,24,2,0,20.7
2012,1,24,3,0,20.7
2012,1,24,4,0,20.9
2012,1,24,5,17,21.6
2012,1,24,6,90,22.3
2012,1,24,7,140,22.8
2012,1,24,8,201,23.1
2012,1,24,9,304,23.2
2012,1,24,10,403,23.1
2012,1,24,11,579,23.1
2012,1,24,12,369,23.1
2012,1,24,13,261,23.2
2012,1,24,14,312,23.2
2012,1,24,15,303,23.1
2012,1,24,16,308,23
2012,1,24,17,150,22.7
2012,1,24,18,37,22.4
2012,1,24,19,0,22.2
2012,1,24,20,0,22.2
2012,1,24,21,0,22.1
2012,1,24,22,0,22.1
2012,1,24,23,0,21.9
2012,1,25,0,0,21.8
2012,1,25,1,0,21.7
2012,1,25,2,0,21.7
2012,1,25,3,0,21.6
2012,1,25,4,0,21.6
2012,1,25,5,4,21.8
2012,1,25,6,9,22.2
2012,1,25,7,133,22.4
2012,1,25,8,242,22.5
2012,1,25,9,126,22.5
2012,1,25,10,343,22.6
2012,1,25,11,243,22.7
2012,1,25,12,235,22.7
2012,1,25,13,196,22.6
2012,1,25,14,154,22.5
2012,1,25,15,88,22.4
2012,1,25,16,134,22
2012,1,25,17,40,21.6
2012,1,25,18,13,21.3
2012,1,25,19,0,21.2
2012,1,25,20,0,21.3
2012,1,25,21,0,21.3
2012,1,25,22,0,21.3
2012,1,25,23,0,21.4
2012,1,26,0,0,21.5
2012,1,26,1,0,21.5
2012,1,26,2,0,21.5
2012,1,26,3,0,21.5
2012,1,26,4,0,21.6
2012,1,26,5,23,22
2012,1,26,6,156,22.5
2012,1,26,7,200,22.7
2012,1,26,8,357,23.1
2012,1,26,9,415,23.4
2012,1,26,10,501,24.4
2012,1,26,11,670,24.7
2012,1,26,12,1016,24.8
2012,1,26,13,752,24.8
2012,1,26,14,341,24.7
2012,1,26,15,456,24.5
2012,1,26,16,426,24.2
2012,1,26,17,124,23.6
2012,1,26,18,27,23.1
2012,1,26,19,0,22.7
2012,1,26,20,0,22.5
2012,1,26,21,0,22.3
2012,1,26,22,0,22.1
2012,1,26,23,0,22
2012,1,27,0,0,21.8
2012,1,27,1,0,21.7
2012,1,27,2,0,21.6
2012,1,27,3,0,21.5
2012,1,27,4,0,21.6
2012,1,27,5,30,21.9
2012,1,27,6,210,22.3
2012,1,27,7,429,22.7
2012,1,27,8,381,23.1
2012,1,27,9,820,23.4
2012,1,27,10,950,23.7
2012,1,27,11,1023,23.8
2012,1,27,12,1032,23.7
2012,1,27,13,532,23.7
2012,1,27,14,396,23.5
2012,1,27,15,683,23.2
2012,1,27,16,477,22.8
2012,1,27,17,160,22.3
2012,1,27,18,62,21.7
2012,1,27,19,0,21.4
2012,1,27,20,0,21.2
2012,1,27,21,0,21
2012,1,27,22,0,20.9
2012,1,27,23,0,20.8
2012,1,28,0,0,20.8
2012,1,28,1,0,20.7
2012,1,28,2,0,20.8
2012,1,28,3,0,20.8
2012,1,28,4,0,21
2012,1,28,5,17,21.6
2012,1,28,6,118,22.2
2012,1,28,7,348,22.8
2012,1,28,8,465,23.5
2012,1,28,9,662,23.8
2012,1,28,10,635,24.7
2012,1,28,11,1017,25
2012,1,28,12,1024,25.2
2012,1,28,13,728,25.1
2012,1,28,14,497,24.9
2012,1,28,15,483,24.6
2012,1,28,16,263,24
2012,1,28,17,253,23.4
2012,1,28,18,30,23
2012,1,28,19,0,22.7
2012,1,28,20,0,22.6
2012,1,28,21,0,22.4
2012,1,28,22,0,22.3
2012,1,28,23,0,22.1
2012,1,29,0,0,21.9
2012,1,29,1,0,21.8
2012,1,29,2,0,21.7
2012,1,29,3,0,21.6
2012,1,29,4,0,21.7
2012,1,29,5,9,22.3
2012,1,29,6,81,23.1
2012,1,29,7,276,23.9
2012,1,29,8,328,24.6
2012,1,29,9,617,24.9
2012,1,29,10,635,25.6
2012,1,29,11,831,25.8
2012,1,29,12,719,25.8
2012,1,29,13,954,25.6
2012,1,29,14,644,25.3
2012,1,29,15,534,24.9
2012,1,29,16,402,24.5
2012,1,29,17,91,24.1
2012,1,29,18,56,23.7
2012,1,29,19,0,23.6
2012,1,29,20,0,23.5
2012,1,29,21,0,23.4
2012,1,29,22,0,23.3
2012,1,29,23,0,23.1
2012,1,30,0,0,22.9
2012,1,30,1,0,22.7
2012,1,30,2,0,22.4
2012,1,30,3,0,22.3
2012,1,30,4,0,22.4
2012,1,30,5,7,22.7
2012,1,30,6,66,23.1
2012,1,30,7,406,23.7
2012,1,30,8,615,24.9
2012,1,30,9,796,25.6
2012,1,30,10,930,27.9
2012,1,30,11,1003,28.9
2012,1,30,12,1010,29.6
2012,1,30,13,600,29.9
2012,1,30,14,622,29.8
2012,1,30,15,430,29.5
2012,1,30,16,451,29
2012,1,30,17,175,28.3
2012,1,30,18,40,27.7
2012,1,30,19,0,27.3
2012,1,30,20,0,26.9
2012,1,30,21,0,26.5
2012,1,30,22,0,26.1
2012,1,30,23,0,25.7
2012,1,31,0,0,25.4
2012,1,31,1,0,25.1
2012,1,31,2,0,24.9
2012,1,31,3,0,24.8
2012,1,31,4,0,24.9
2012,1,31,5,12,25.1
2012,1,31,6,97,25.5
2012,1,31,7,230,25.8
2012,1,31,8,404,26.2
2012,1,31,9,345,26.4
2012,1,31,10,699,26.3
2012,1,31,11,304,25.8
2012,1,31,12,276,25
2012,1,31,13,483,24.1
2012,1,31,14,242,23.1
2012,1,31,15,279,22.3
2012,1,31,16,141,21.6
2012,1,31,17,159,21.1
2012,1,31,18,36,20.8
2012,1,31,19,0,20.6
2012,1,31,20,0,20.5
2012,1,31,21,0,20.4
2012,1,31,22,0,20.4
2012,1,31,23,0,20.3
2012,2,1,0,0,20.2
2012,2,1,1,0,20
2012,2,1,2,0,19.9
2012,2,1,3,0,19.7
2012,2,1,4,0,19.6
2012,2,1,5,6,19.6
2012,2,1,6,31,19.7
2012,2,1,7,75,19.8
2012,2,1,8,31,20.1
2012,2,1,9,90,20.3
2012,2,1,10,254,20.6
2012,2,1,11,385,20.7
2012,2,1,12,219,20.7
2012,2,1,13,418,20.7
2012,2,1,14,233,20.6
2012,2,1,15,356,20.5
2012,2,1,16,20,20.4
2012,2,1,17,120,20.3
2012,2,1,18,27,20.2
2012,2,1,19,0,20.2
2012,2,1,20,0,20.2
2012,2,1,21,0,20.1
2012,2,1,22,0,20
2012,2,1,23,0,19.9
2012,2,2,0,0,19.8
2012,2,2,1,0,19.8
2012,2,2,2,0,19.7
2012,2,2,3,0,19.6
2012,2,2,4,0,19.5
2012,2,2,5,3,19.5
2012,2,2,6,28,19.6
2012,2,2,7,17,19.6
2012,2,2,8,37,19.7
2012,2,2,9,61,19.8
2012,2,2,10,100,20.1
2012,2,2,11,232,20.2
2012,2,2,12,241,20.2
2012,2,2,13,214,20
2012,2,2,14,86,19.8
2012,2,2,15,59,19.5
2012,2,2,16,168,19.3
2012,2,2,17,122,19.1
2012,2,2,18,27,19
2012,2,2,19,0,19.1
2012,2,2,20,0,19.2
2012,2,2,21,0,19.3
2012,2,2,22,0,19.4
2012,2,2,23,0,19.6
2012,2,3,0,0,19.8
2012,2,3,1,0,19.8
2012,2,3,2,0,19.8
2012,2,3,3,0,19.9
2012,2,3,4,0,19.9
2012,2,3,5,5,20.1
2012,2,3,6,36,20.2
2012,2,3,7,89,20.4
2012,2,3,8,89,20.7
2012,2,3,9,89,20.8
2012,2,3,10,301,21.4
2012,2,3,11,222,21.7
2012,2,3,12,428,21.8
2012,2,3,13,463,21.7
2012,2,3,14,265,21.6
2012,2,3,15,134,21.4
2012,2,3,16,294,21
2012,2,3,17,10,20.6
2012,2,3,18,4,20.3
2012,2,3,19,0,20.1
2012,2,3,20,0,20.1
2012,2,3,21,0,20
2012,2,3,22,0,20.1
2012,2,3,23,0,20.2
2012,2,4,0,0,20.2
2012,2,4,1,0,20.2
2012,2,4,2,0,20.2
2012,2,4,3,0,20.2
2012,2,4,4,0,20.1
2012,2,4,5,8,20.2
2012,2,4,6,127,20.3
2012,2,4,7,299,20.7
2012,2,4,8,323,21.3
2012,2,4,9,180,21.6
2012,2,4,10,521,22.8
2012,2,4,11,984,23.3
2012,2,4,12,998,23.5
2012,2,4,13,964,23.6
2012,2,4,14,846,23.6
2012,2,4,15,675,23.3
2012,2,4,16,467,23
2012,2,4,17,247,22.4
2012,2,4,18,53,21.7
2012,2,4,19,0,21.3
2012,2,4,20,0,21.2
2012,2,4,21,0,21.1
2012,2,4,22,0,21.1
2012,2,4,23,0,21.2
2012,2,5,0,0,21.2
2012,2,5,1,0,21.2
2012,2,5,2,0,21.2
2012,2,5,3,0,21.2
2012,2,5,4,0,21.2
2012,2,5,5,16,21.6
2012,2,5,6,188,22.3
2012,2,5,7,412,23.1
2012,2,5,8,629,23.8
2012,2,5,9,814,24.2
2012,2,5,10,950,25
2012,2,5,11,1027,25.4
2012,2,5,12,1038,25.5
2012,2,5,13,980,25.6
2012,2,5,14,857,25.4
2012,2,5,15,680,25.1
2012,2,5,16,466,24.5
2012,2,5,17,240,23.7
2012,2,5,18,47,23
2012,2,5,19,0,22.5
2012,2,5,20,0,22.3
2012,2,5,21,0,22.1
2012,2,5,22,0,21.9
2012,2,5,23,0,21.7
2012,2,6,0,0,21.5
2012,2,6,1,0,21.3
2012,2,6,2,0,21.1
2012,2,6,3,0,21
2012,2,6,4,0,20.9
2012,2,6,5,12,21.3
2012,2,6,6,174,22.1
2012,2,6,7,390,22.9
2012,2,6,8,599,23.4
2012,2,6,9,649,23.6
2012,2,6,10,758,23.8
2012,2,6,11,970,23.5
2012,2,6,12,975,23
2012,2,6,13,642,22.6
2012,2,6,14,805,22.1
2012,2,6,15,633,21.7
2012,2,6,16,162,21.2
2012,2,6,17,50,20.8
2012,2,6,18,10,20.4
2012,2,6,19,0,20.2
2012,2,6,20,0,20.2
2012,2,6,21,0,20.2
2012,2,6,22,0,20.1
2012,2,6,23,0,20
2012,2,7,0,0,19.9
2012,2,7,1,0,19.9
2012,2,7,2,0,19.8
2012,2,7,3,0,19.8
2012,2,7,4,0,19.9
2012,2,7,5,1,20.1
2012,2,7,6,11,20.5
2012,2,7,7,29,20.9
2012,2,7,8,48,21.3
2012,2,7,9,64,21.5
2012,2,7,10,73,21.8
2012,2,7,11,522,22
2012,2,7,12,253,22
2012,2,7,13,309,22
2012,2,7,14,270,21.9
2012,2,7,15,446,21.7
2012,2,7,16,102,21.4
2012,2,7,17,148,21
2012,2,7,18,25,20.6
2012,2,7,19,0,20.4
2012,2,7,20,0,20.3
2012,2,7,21,0,20.4
2012,2,7,22,0,20.4
2012,2,7,23,0,20.3
2012,2,8,0,0,20.1
2012,2,8,1,0,19.9
2012,2,8,2,0,19.7
2012,2,8,3,0,19.5
2012,2,8,4,0,19.5
2012,2,8,5,0,19.7
2012,2,8,6,72,20.1
2012,2,8,7,190,20.4
2012,2,8,8,84,20.7
2012,2,8,9,107,20.9
2012,2,8,10,228,21.7
2012,2,8,11,217,22.3
2012,2,8,12,332,22.6
2012,2,8,13,259,22.6
2012,2,8,14,151,22.5
2012,2,8,15,215,22.2
2012,2,8,16,239,21.9
2012,2,8,17,46,21.3
2012,2,8,18,9,20.8
2012,2,8,19,0,20.7
2012,2,8,20,0,20.9
2012,2,8,21,0,21
2012,2,8,22,0,21
2012,2,8,23,0,21.1
2012,2,9,0,0,21.1
2012,2,9,1,0,21
2012,2,9,2,0,20.9
2012,2,9,3,0,20.8
2012,2,9,4,0,20.7
2012,2,9,5,0,21.1
2012,2,9,6,93,21.8
2012,2,9,7,241,22.3
2012,2,9,8,600,22.8
2012,2,9,9,783,23
2012,2,9,10,918,23.4
2012,2,9,11,548,23.4
2012,2,9,12,770,23.4
2012,2,9,13,939,23.2
2012,2,9,14,674,23
2012,2,9,15,356,22.8
2012,2,9,16,187,22.4
2012,2,9,17,145,21.9
2012,2,9,18,26,21.5
2012,2,9,19,0,21.3
2012,2,9,20,0,21.2
2012,2,9,21,0,21.2
2012,2,9,22,0,21
2012,2,9,23,0,21
2012,2,10,0,0,20.9
2012,2,10,1,0,20.9
2012,2,10,2,0,20.7
2012,2,10,3,0,20.6
2012,2,10,4,0,20.5
2012,2,10,5,0,20.6
2012,2,10,6,11,21
2012,2,10,7,28,21.4
2012,2,10,8,163,22
2012,2,10,9,773,22.3
2012,2,10,10,897,23.1
2012,2,10,11,969,23.4
2012,2,10,12,974,23.4
2012,2,10,13,206,23.2
2012,2,10,14,197,22.9
2012,2,10,15,271,22.5
2012,2,10,16,259,22.2
2012,2,10,17,206,21.8
2012,2,10,18,35,21.3
2012,2,10,19,0,21
2012,2,10,20,0,20.7
2012,2,10,21,0,20.5
2012,2,10,22,0,20.3
2012,2,10,23,0,20.2
2012,2,11,0,0,20.2
2012,2,11,1,0,20.1
2012,2,11,2,0,20.1
2012,2,11,3,0,20
2012,2,11,4,0,19.9
2012,2,11,5,0,20.1
2012,2,11,6,42,20.3
2012,2,11,7,109,20.7
2012,2,11,8,452,21.4
2012,2,11,9,761,21.8
2012,2,11,10,916,22.6
2012,2,11,11,993,22.8
2012,2,11,12,422,22.8
2012,2,11,13,129,22.6
2012,2,11,14,823,22.4
2012,2,11,15,649,22.2
2012,2,11,16,447,21.8
2012,2,11,17,229,21.1
2012,2,11,18,39,20.4
2012,2,11,19,0,20.2
2012,2,11,20,0,20.2
2012,2,11,21,0,20.1
2012,2,11,22,0,19.9
2012,2,11,23,0,19.5
2012,2,12,0,0,19.1
2012,2,12,1,0,18.8
2012,2,12,2,0,18.6
2012,2,12,3,0,18.5
2012,2,12,4,0,18.5
2012,2,12,5,0,19
2012,2,12,6,163,20
2012,2,12,7,383,20.8
2012,2,12,8,600,21.5
2012,2,12,9,787,21.9
2012,2,12,10,930,22.9
2012,2,12,11,1007,23.4
2012,2,12,12,1014,23.7
2012,2,12,13,957,23.6
2012,2,12,14,68,23.3
2012,2,12,15,122,22.8
2012,2,12,16,337,22.2
2012,2,12,17,161,21.4
2012,2,12,18,23,20.8
2012,2,12,19,0,20.5
2012,2,12,20,0,20.4
2012,2,12,21,0,20.3
2012,2,12,22,0,20.3
2012,2,12,23,0,20.4
2012,2,13,0,0,20.4
2012,2,13,1,0,20.3
2012,2,13,2,0,20.2
2012,2,13,3,0,20
2012,2,13,4,0,19.8
2012,2,13,5,0,20
2012,2,13,6,87,20.6
2012,2,13,7,376,21.2
2012,2,13,8,590,21.9
2012,2,13,9,776,22.2
2012,2,13,10,911,23
2012,2,13,11,721,23.2
2012,2,13,12,591,23.3
2012,2,13,13,352,23.2
2012,2,13,14,115,22.8
2012,2,13,15,177,22.4
2012,2,13,16,88,22
2012,2,13,17,78,21.4
2012,2,13,18,14,21
2012,2,13,19,0,20.9
2012,2,13,20,0,20.8
2012,2,13,21,0,20.7
2012,2,13,22,0,20.7
2012,2,13,23,0,20.7
2012,2,14,0,0,20.6
2012,2,14,1,0,20.4
2012,2,14,2,0,20.3
2012,2,14,3,0,20.1
2012,2,14,4,0,20.1
2012,2,14,5,0,20.4
2012,2,14,6,148,20.9
2012,2,14,7,358,21.2
2012,2,14,8,270,21.7
2012,2,14,9,198,21.9
2012,2,14,10,103,22.4
2012,2,14,11,491,22.6
2012,2,14,12,991,22.8
2012,2,14,13,942,22.8
2012,2,14,14,825,22.7
2012,2,14,15,654,22.4
2012,2,14,16,446,22.1
2012,2,14,17,223,21.5
2012,2,14,18,33,20.9
2012,2,14,19,0,20.7
2012,2,14,20,0,20.6
2012,2,14,21,0,20.5
2012,2,14,22,0,20.4
2012,2,14,23,0,20.4
2012,2,15,0,0,20.3
2012,2,15,1,0,20.3
2012,2,15,2,0,20.2
2012,2,15,3,0,20.2
2012,2,15,4,0,20.3
2012,2,15,5,0,20.8
2012,2,15,6,49,21.6
2012,2,15,7,376,22.2
2012,2,15,8,594,22.7
2012,2,15,9,781,22.9
2012,2,15,10,921,23.4
2012,2,15,11,997,23.6
2012,2,15,12,1007,23.7
2012,2,15,13,954,23.7
2012,2,15,14,834,23.5
2012,2,15,15,661,23.2
2012,2,15,16,451,22.8
2012,2,15,17,226,22.1
2012,2,15,18,33,21.4
2012,2,15,19,0,21
2012,2,15,20,0,20.8
2012,2,15,21,0,20.7
2012,2,15,22,0,20.5
2012,2,15,23,0,20.3
2012,2,16,0,0,20.2
2012,2,16,1,0,20.1
2012,2,16,2,0,19.9
2012,2,16,3,0,19.8
2012,2,16,4,0,19.7
2012,2,16,5,0,20.1
2012,2,16,6,156,21
2012,2,16,7,380,22
2012,2,16,8,599,22.8
2012,2,16,9,788,23.2
2012,2,16,10,930,24.2
2012,2,16,11,1009,24.6
2012,2,16,12,1019,24.9
2012,2,16,13,960,24.9
2012,2,16,14,838,24.7
2012,2,16,15,662,24.3
2012,2,16,16,445,23.6
2012,2,16,17,219,22.7
2012,2,16,18,29,21.9
2012,2,16,19,0,21.5
2012,2,16,20,0,21.2
2012,2,16,21,0,21
2012,2,16,22,0,20.8
2012,2,16,23,0,20.5
2012,2,17,0,0,20.3
2012,2,17,1,0,20.1
2012,2,17,2,0,19.9
2012,2,17,3,0,19.7
2012,2,17,4,0,19.7
2012,2,17,5,0,20.2
2012,2,17,6,145,21.2
2012,2,17,7,361,22.3
2012,2,17,8,574,23.4
2012,2,17,9,757,23.9
2012,2,17,10,895,25.1
2012,2,17,11,970,25.5
2012,2,17,12,782,25.6
2012,2,17,13,69,25.5
2012,2,17,14,75,25.2
2012,2,17,15,29,24.6
2012,2,17,16,269,23.8
2012,2,17,17,118,22.9
2012,2,17,18,15,22.2
2012,2,17,19,0,21.9
2012,2,17,20,0,21.8
2012,2,17,21,0,21.7
2012,2,17,22,0,21.5
2012,2,17,23,0,21.3
2012,2,18,0,0,21.2
2012,2,18,1,0,21.1
2012,2,18,2,0,21
2012,2,18,3,0,20.9
2012,2,18,4,0,20.7
2012,2,18,5,0,20.8
2012,2,18,6,134,21.2
2012,2,18,7,346,22.1
2012,2,18,8,557,23.1
2012,2,18,9,739,23.6
2012,2,18,10,872,24.3
2012,2,18,11,945,24.4
2012,2,18,12,949,24.3
2012,2,18,13,820,24
2012,2,18,14,507,23.7
2012,2,18,15,365,23.1
2012,2,18,16,143,22.5
2012,2,18,17,60,21.9
2012,2,18,18,9,21.5
2012,2,18,19,0,21.4
2012,2,18,20,0,21.3
2012,2,18,21,0,21.1
2012,2,18,22,0,21
2012,2,18,23,0,20.8
2012,2,19,0,0,20.7
2012,2,19,1,0,20.6
2012,2,19,2,0,20.5
2012,2,19,3,0,20.4
2012,2,19,4,0,20.5
2012,2,19,5,0,20.9
2012,2,19,6,129,21.6
2012,2,19,7,337,22.5
2012,2,19,8,546,23.4
2012,2,19,9,727,23.9
2012,2,19,10,879,25
2012,2,19,11,953,25.4
2012,2,19,12,796,25.6
2012,2,19,13,905,25.7
2012,2,19,14,687,25.5
2012,2,19,15,505,24.9
2012,2,19,16,368,24
2012,2,19,17,167,23.2
2012,2,19,18,15,22.7
2012,2,19,19,0,22.5
2012,2,19,20,0,22.2
2012,2,19,21,0,22.1
2012,2,19,22,0,21.9
2012,2,19,23,0,21.7
2012,2,20,0,0,21.6
2012,2,20,1,0,21.6
2012,2,20,2,0,21.5
2012,2,20,3,0,21.5
2012,2,20,4,0,21.4
2012,2,20,5,0,21.6
2012,2,20,6,113,22
2012,2,20,7,315,22.3
2012,2,20,8,523,22.6
2012,2,20,9,705,22.8
2012,2,20,10,859,23.4
2012,2,20,11,934,23.7
2012,2,20,12,943,23.8
2012,2,20,13,736,23.7
2012,2,20,14,371,23.2
2012,2,20,15,361,22.8
2012,2,20,16,270,22.3
2012,2,20,17,116,21.9
2012,2,20,18,12,21.5
2012,2,20,19,0,21.3
2012,2,20,20,0,21.2
2012,2,20,21,0,21.1
2012,2,20,22,0,20.9
2012,2,20,23,0,20.8
2012,2,21,0,0,20.7
2012,2,21,1,0,20.6
2012,2,21,2,0,20.4
2012,2,21,3,0,20.2
2012,2,21,4,0,20.1
2012,2,21,5,0,20.2
2012,2,21,6,60,20.6
2012,2,21,7,173,21
2012,2,21,8,437,21.5
2012,2,21,9,464,21.8
2012,2,21,10,523,22.7
2012,2,21,11,969,23.1
2012,2,21,12,984,23.3
2012,2,21,13,931,23.2
2012,2,21,14,809,23
2012,2,21,15,453,22.7
2012,2,21,16,416,22.2
2012,2,21,17,191,21.7
2012,2,21,18,17,21.3
2012,2,21,19,0,21.1
2012,2,21,20,0,21
2012,2,21,21,0,20.8
2012,2,21,22,0,20.6
2012,2,21,23,0,20.4
2012,2,22,0,0,20.2
2012,2,22,1,0,20.1
2012,2,22,2,0,20
2012,2,22,3,0,19.9
2012,2,22,4,0,19.8
2012,2,22,5,0,20
2012,2,22,6,105,20.4
2012,2,22,7,287,20.9
2012,2,22,8,347,21.4
2012,2,22,9,524,21.7
2012,2,22,10,727,22.4
2012,2,22,11,796,22.7
2012,2,22,12,775,22.8
2012,2,22,13,750,22.7
2012,2,22,14,598,22.5
2012,2,22,15,453,22.2
2012,2,22,16,364,21.9
2012,2,22,17,185,21.4
2012,2,22,18,16,20.9
2012,2,22,19,0,20.7
2012,2,22,20,0,20.6
2012,2,22,21,0,20.6
2012,2,22,22,0,20.7
2012,2,22,23,0,20.8
2012,2,23,0,0,20.8
2012,2,23,1,0,20.6
2012,2,23,2,0,20.3
2012,2,23,3,0,19.9
2012,2,23,4,0,19.6
2012,2,23,5,0,19.8
2012,2,23,6,130,20.6
2012,2,23,7,348,21.6
2012,2,23,8,565,22.6
2012,2,23,9,751,23.1
2012,2,23,10,893,24.4
2012,2,23,11,969,25.1
2012,2,23,12,976,25.5
2012,2,23,13,917,25.7
2012,2,23,14,793,25.7
2012,2,23,15,617,25.3
2012,2,23,16,408,24.6
2012,2,23,17,186,23.5
2012,2,23,18,15,22.6
2012,2,23,19,0,22.2
2012,2,23,20,0,21.9
2012,2,23,21,0,21.6
2012,2,23,22,0,21.3
2012,2,23,23,0,21.2
2012,2,24,0,0,21
2012,2,24,1,0,20.8
2012,2,24,2,0,20.5
2012,2,24,3,0,20.2
2012,2,24,4,0,20.1
2012,2,24,5,0,20.4
2012,2,24,6,135,21.5
2012,2,24,7,358,22.8
2012,2,24,8,577,23.9
2012,2,24,9,766,24.3
2012,2,24,10,906,25.1
2012,2,24,11,983,25.4
2012,2,24,12,993,25.5
2012,2,24,13,936,25.6
2012,2,24,14,813,25.5
2012,2,24,15,636,25.2
2012,2,24,16,422,24.7
2012,2,24,17,195,23.7
2012,2,24,18,15,22.7
2012,2,24,19,0,22.1
2012,2,24,20,0,21.8
2012,2,24,21,0,21.4
2012,2,24,22,0,21.1
2012,2,24,23,0,20.8
2012,2,25,0,0,20.4
2012,2,25,1,0,20.2
2012,2,25,2,0,19.9
2012,2,25,3,0,19.8
2012,2,25,4,0,19.7
2012,2,25,5,0,20.1
2012,2,25,6,131,21.2
2012,2,25,7,353,22.3
2012,2,25,8,572,23.2
2012,2,25,9,763,23.6
2012,2,25,10,904,24.6
2012,2,25,11,981,24.9
2012,2,25,12,990,25
2012,2,25,13,929,25
2012,2,25,14,804,24.7
2012,2,25,15,624,24.3
2012,2,25,16,412,23.6
2012,2,25,17,36,22.9
2012,2,25,18,2,22.3
2012,2,25,19,0,22
2012,2,25,20,0,21.8
2012,2,25,21,0,21.6
2012,2,25,22,0,21.5
2012,2,25,23,0,21.3
2012,2,26,0,0,21.2
2012,2,26,1,0,21.2
2012,2,26,2,0,21.1
2012,2,26,3,0,21.1
2012,2,26,4,0,21.1
2012,2,26,5,0,21.3
2012,2,26,6,25,21.7
2012,2,26,7,71,22.3
2012,2,26,8,272,22.9
2012,2,26,9,420,23.2
2012,2,26,10,510,23.9
2012,2,26,11,760,24.4
2012,2,26,12,309,24.9
2012,2,26,13,324,25.2
2012,2,26,14,183,25.3
2012,2,26,15,358,25.1
2012,2,26,16,168,24.6
2012,2,26,17,65,23.8
2012,2,26,18,0,23.2
2012,2,26,19,0,22.9
2012,2,26,20,0,22.7
2012,2,26,21,0,22.6
2012,2,26,22,0,22.6
2012,2,26,23,0,22.5
2012,2,27,0,0,22.3
2012,2,27,1,0,22
2012,2,27,2,0,21.8
2012,2,27,3,0,21.6
2012,2,27,4,0,21.5
2012,2,27,5,0,21.7
2012,2,27,6,55,22.2
2012,2,27,7,180,23
2012,2,27,8,535,23.8
2012,2,27,9,128,24.2
2012,2,27,10,849,25
2012,2,27,11,923,25.5
2012,2,27,12,932,25.9
2012,2,27,13,580,26
2012,2,27,14,616,25.9
2012,2,27,15,352,25.6
2012,2,27,16,186,25
2012,2,27,17,72,24.3
2012,2,27,18,0,23.8
2012,2,27,19,0,23.6
2012,2,27,20,0,23.4
2012,2,27,21,0,23.2
2012,2,27,22,0,23.1
2012,2,27,23,0,22.9
2012,2,28,0,0,22.7
2012,2,28,1,0,22.5
2012,2,28,2,0,22.4
2012,2,28,3,0,22.4
2012,2,28,4,0,22.3
2012,2,28,5,0,22.5
2012,2,28,6,93,22.9
2012,2,28,7,266,23.6
2012,2,28,8,490,24.6
2012,2,28,9,712,25.2
2012,2,28,10,702,26.1
2012,2,28,11,733,26.5
2012,2,28,12,644,26.8
2012,2,28,13,441,27.1
2012,2,28,14,256,27.6
2012,2,28,15,169,27.8
2012,2,28,16,118,27.6
2012,2,28,17,45,26.6
2012,2,28,18,0,25.4
2012,2,28,19,0,24.4
2012,2,28,20,0,23.4
2012,2,28,21,0,22.6
2012,2,28,22,0,21.8
2012,2,28,23,0,21.2
2012,3,1,0,0,21.3
2012,3,1,1,0,21.4
2012,3,1,2,0,21.4
2012,3,1,3,0,21.4
2012,3,1,4,0,21.5
2012,3,1,5,0,21.8
2012,3,1,6,64,22.1
2012,3,1,7,196,22.5
2012,3,1,8,382,23
2012,3,1,9,174,23.3
2012,3,1,10,406,24.8
2012,3,1,11,518,25.9
2012,3,1,12,534,26.8
2012,3,1,13,428,27
2012,3,1,14,397,26.7
2012,3,1,15,132,26.2
2012,3,1,16,101,25.4
2012,3,1,17,38,24.7
2012,3,1,18,0,24.1
2012,3,1,19,0,23.5
2012,3,1,20,0,22.4
2012,3,1,21,0,21.1
2012,3,1,22,0,20.2
2012,3,1,23,0,19.9
2012,3,2,0,0,19.7
2012,3,2,1,0,19.6
2012,3,2,2,0,19.4
2012,3,2,3,0,19.5
2012,3,2,4,0,19.8
2012,3,2,5,0,20
2012,3,2,6,6,20.3
2012,3,2,7,13,20.5
2012,3,2,8,101,20.7
2012,3,2,9,73,20.7
2012,3,2,10,142,20.3
2012,3,2,11,194,19.9
2012,3,2,12,193,19.6
2012,3,2,13,237,19.5
2012,3,2,14,189,19.5
2012,3,2,15,228,19.5
2012,3,2,16,102,19.6
2012,3,2,17,38,19.7
2012,3,2,18,0,19.6
2012,3,2,19,0,19.6
2012,3,2,20,0,19.5
2012,3,2,21,0,19.4
2012,3,2,22,0,19.3
2012,3,2,23,0,19.2
2012,3,3,0,0,19.3
2012,3,3,1,0,19.4
2012,3,3,2,0,19.4
2012,3,3,3,0,19.5
2012,3,3,4,0,19.6
2012,3,3,5,0,19.8
2012,3,3,6,26,20.3
2012,3,3,7,78,20.7
2012,3,3,8,108,21.1
2012,3,3,9,96,21.3
2012,3,3,10,137,21.3
2012,3,3,11,147,21.1
2012,3,3,12,149,21
2012,3,3,13,143,20.7
2012,3,3,14,138,20.4
2012,3,3,15,159,20
2012,3,3,16,26,19.7
2012,3,3,17,16,19.5
2012,3,3,18,0,19.6
2012,3,3,19,0,19.8
2012,3,3,20,0,20
2012,3,3,21,0,20.1
2012,3,3,22,0,20.1
2012,3,3,23,0,20.1
2012,3,4,0,0,20.1
2012,3,4,1,0,20.2
2012,3,4,2,0,20.3
2012,3,4,3,0,20.3
2012,3,4,4,0,20.3
2012,3,4,5,0,20.4
2012,3,4,6,92,20.9
2012,3,4,7,298,21.5
2012,3,4,8,511,22.4
2012,3,4,9,696,22.8
2012,3,4,10,831,24.1
2012,3,4,11,731,24.7
2012,3,4,12,736,25
2012,3,4,13,845,24.9
2012,3,4,14,618,24.6
2012,3,4,15,225,24.1
2012,3,4,16,234,23.6
2012,3,4,17,87,23.2
2012,3,4,18,0,22.9
2012,3,4,19,0,22.8
2012,3,4,20,0,22.8
2012,3,4,21,0,22.7
2012,3,4,22,0,22.6
2012,3,4,23,0,22.5
2012,3,5,0,0,22.4
2012,3,5,1,0,22.2
2012,3,5,2,0,21.8
2012,3,5,3,0,21.3
2012,3,5,4,0,20.8
2012,3,5,5,0,20.7
2012,3,5,6,109,21
2012,3,5,7,331,21.7
2012,3,5,8,554,22.4
2012,3,5,9,744,22.8
2012,3,5,10,883,23.3
2012,3,5,11,954,23.4
2012,3,5,12,957,23.2
2012,3,5,13,889,22.9
2012,3,5,14,761,22.4
2012,3,5,15,579,22
2012,3,5,16,366,21.4
2012,3,5,17,146,20.8
2012,3,5,18,0,20.3
2012,3,5,19,0,20
2012,3,5,20,0,19.9
2012,3,5,21,0,19.8
2012,3,5,22,0,19.7
2012,3,5,23,0,19.6
2012,3,6,0,0,19.5
2012,3,6,1,0,19.3
2012,3,6,2,0,19.3
2012,3,6,3,0,19.2
2012,3,6,4,0,19.2
2012,3,6,5,0,19.5
2012,3,6,6,47,20
2012,3,6,7,310,20.5
2012,3,6,8,527,20.9
2012,3,6,9,475,21
2012,3,6,10,388,21.4
2012,3,6,11,607,21.6
2012,3,6,12,612,21.6
2012,3,6,13,871,21.4
2012,3,6,14,601,21.1
2012,3,6,15,394,20.8
2012,3,6,16,272,20.5
2012,3,6,17,98,19.9
2012,3,6,18,0,19.5
2012,3,6,19,0,19.5
2012,3,6,20,0,19.4
2012,3,6,21,0,19.3
2012,3,6,22,0,19
2012,3,6,23,0,18.6
2012,3,7,0,0,18.2
2012,3,7,1,0,17.8
2012,3,7,2,0,17.6
2012,3,7,3,0,17.4
2012,3,7,4,0,17.3
2012,3,7,5,0,17.5
2012,3,7,6,96,18
2012,3,7,7,308,18.5
2012,3,7,8,381,19.1
2012,3,7,9,410,19.3
2012,3,7,10,838,19.3
2012,3,7,11,911,19.2
2012,3,7,12,919,19.2
2012,3,7,13,859,19.1
2012,3,7,14,391,19
2012,3,7,15,205,18.9
2012,3,7,16,117,18.6
2012,3,7,17,41,18.5
2012,3,7,18,0,18.6
2012,3,7,19,0,18.7
2012,3,7,20,0,18.6
2012,3,7,21,0,18.6
2012,3,7,22,0,18.5
2012,3,7,23,0,18.5
2012,3,8,0,0,18.5
2012,3,8,1,0,18.5
2012,3,8,2,0,18.5
2012,3,8,3,0,18.4
2012,3,8,4,0,18.3
2012,3,8,5,0,18.2
2012,3,8,6,5,18.2
2012,3,8,7,11,18.2
2012,3,8,8,21,18.5
2012,3,8,9,35,18.6
2012,3,8,10,252,19.2
2012,3,8,11,352,19.6
2012,3,8,12,532,19.8
2012,3,8,13,826,20.1
2012,3,8,14,338,20.4
2012,3,8,15,539,20.4
2012,3,8,16,238,20.3
2012,3,8,17,126,19.8
2012,3,8,18,0,19.3
2012,3,8,19,0,18.9
2012,3,8,20,0,18.4
2012,3,8,21,0,18
2012,3,8,22,0,17.6
2012,3,8,23,0,17.4
2012,3,9,0,0,17.2
2012,3,9,1,0,17.2
2012,3,9,2,0,17.2
2012,3,9,3,0,17.1
2012,3,9,4,0,17
2012,3,9,5,0,17.1
2012,3,9,6,99,17.8
2012,3,9,7,315,18.9
2012,3,9,8,531,20.3
2012,3,9,9,714,21
2012,3,9,10,846,22.5
2012,3,9,11,916,23.3
2012,3,9,12,918,23.7
2012,3,9,13,855,23.9
2012,3,9,14,479,23.9
2012,3,9,15,550,23.6
2012,3,9,16,253,23.1
2012,3,9,17,125,22.2
2012,3,9,18,0,21.5
2012,3,9,19,0,21.1
2012,3,9,20,0,20.7
2012,3,9,21,0,20.3
2012,3,9,22,0,19.8
2012,3,9,23,0,19.2
2012,3,10,0,0,18.7
2012,3,10,1,0,18.3
2012,3,10,2,0,18
2012,3,10,3,0,17.8
2012,3,10,4,0,17.7
2012,3,10,5,0,17.8
2012,3,10,6,91,18.6
2012,3,10,7,304,19.8
2012,3,10,8,521,21
2012,3,10,9,704,21.6
2012,3,10,10,838,22.3
2012,3,10,11,908,22.3
2012,3,10,12,913,22.2
2012,3,10,13,847,21.8
2012,3,10,14,717,21.3
2012,3,10,15,537,20.8
2012,3,10,16,324,20.3
2012,3,10,17,112,19.8
2012,3,10,18,0,19.5
2012,3,10,19,0,19.4
2012,3,10,20,0,19.3
2012,3,10,21,0,19.3
2012,3,10,22,0,19.2
2012,3,10,23,0,19.2
2012,3,11,0,0,19.1
2012,3,11,1,0,19
2012,3,11,2,0,18.9
2012,3,11,3,0,18.7
2012,3,11,4,0,18.6
2012,3,11,5,0,18.8
2012,3,11,6,87,19.4
2012,3,11,7,300,20.1
2012,3,11,8,516,20.8
2012,3,11,9,701,21.2
2012,3,11,10,833,22.1
2012,3,11,11,905,22.6
2012,3,11,12,909,22.9
2012,3,11,13,847,22.9
2012,3,11,14,718,22.7
2012,3,11,15,539,22.3
2012,3,11,16,331,21.6
2012,3,11,17,116,20.8
2012,3,11,18,0,20.2
2012,3,11,19,0,20
2012,3,11,20,0,20
2012,3,11,21,0,19.9
2012,3,11,22,0,20
2012,3,11,23,0,20
2012,3,12,0,0,19.9
2012,3,12,1,0,19.9
2012,3,12,2,0,19.8
2012,3,12,3,0,19.7
2012,3,12,4,0,19.8
2012,3,12,5,0,20.1
2012,3,12,6,21,20.8
2012,3,12,7,142,21.7
2012,3,12,8,220,22.3
2012,3,12,9,254,22.5
2012,3,12,10,358,22.7
2012,3,12,11,307,22.7
2012,3,12,12,626,22.7
2012,3,12,13,174,22.7
2012,3,12,14,160,22.5
2012,3,12,15,410,22.3
2012,3,12,16,302,21.8
2012,3,12,17,101,21.3
2012,3,12,18,0,20.8
2012,3,12,19,0,20.5
2012,3,12,20,0,20.3
2012,3,12,21,0,20.1
2012,3,12,22,0,19.9
2012,3,12,23,0,19.7
2012,3,13,0,0,19.4
2012,3,13,1,0,19.2
2012,3,13,2,0,19
2012,3,13,3,0,18.8
2012,3,13,4,0,18.8
2012,3,13,5,0,19
2012,3,13,6,80,19.8
2012,3,13,7,287,21
2012,3,13,8,499,21.9
2012,3,13,9,682,22.3
2012,3,13,10,813,22.8
2012,3,13,11,887,23.1
2012,3,13,12,893,23.2
2012,3,13,13,837,23.2
2012,3,13,14,711,23
2012,3,13,15,534,22.7
2012,3,13,16,323,22.2
2012,3,13,17,110,21.5
2012,3,13,18,0,20.9
2012,3,13,19,0,20.7
2012,3,13,20,0,20.5
2012,3,13,21,0,20.4
2012,3,13,22,0,20.2
2012,3,13,23,0,20
2012,3,14,0,0,19.9
2012,3,14,1,0,19.8
2012,3,14,2,0,19.7
2012,3,14,3,0,19.7
2012,3,14,4,0,19.6
2012,3,14,5,0,19.8
2012,3,14,6,77,20.5
2012,3,14,7,172,21.3
2012,3,14,8,495,22.1
2012,3,14,9,678,22.4
2012,3,14,10,665,23
2012,3,14,11,682,23.2
2012,3,14,12,638,23.3
2012,3,14,13,570,23.3
2012,3,14,14,685,23.2
2012,3,14,15,505,22.8
2012,3,14,16,302,22.3
2012,3,14,17,95,21.8
2012,3,14,18,0,21.5
2012,3,14,19,0,21.4
2012,3,14,20,0,21.5
2012,3,14,21,0,21.5
2012,3,14,22,0,21.5
2012,3,14,23,0,21.4
2012,3,15,0,0,21.3
2012,3,15,1,0,21.2
2012,3,15,2,0,21
2012,3,15,3,0,20.8
2012,3,15,4,0,20.7
2012,3,15,5,0,20.7
2012,3,15,6,50,21.1
2012,3,15,7,193,21.6
2012,3,15,8,352,22.1
2012,3,15,9,447,22.4
2012,3,15,10,634,23.2
2012,3,15,11,862,23.6
2012,3,15,12,867,23.9
2012,3,15,13,806,23.9
2012,3,15,14,682,23.8
2012,3,15,15,506,23.5
2012,3,15,16,174,22.9
2012,3,15,17,93,22.2
2012,3,15,18,0,21.8
2012,3,15,19,0,21.6
2012,3,15,20,0,21.5
2012,3,15,21,0,21.4
2012,3,15,22,0,21.4
2012,3,15,23,0,21.3
2012,3,16,0,0,21.1
2012,3,16,1,0,20.9
2012,3,16,2,0,20.7
2012,3,16,3,0,20.6
2012,3,16,4,0,20.5
2012,3,16,5,0,20.8
2012,3,16,6,70,21.5
2012,3,16,7,270,22.3
2012,3,16,8,478,23.1
2012,3,16,9,658,23.4
2012,3,16,10,792,24.3
2012,3,16,11,862,24.7
2012,3,16,12,865,25
2012,3,16,13,802,25
2012,3,16,14,676,24.8
2012,3,16,15,501,24.4
2012,3,16,16,276,23.8
2012,3,16,17,9,23.1
2012,3,16,18,0,22.7
2012,3,16,19,0,22.5
2012,3,16,20,0,22.3
2012,3,16,21,0,22.1
2012,3,16,22,0,22
2012,3,16,23,0,21.8
2012,3,17,0,0,21.6
2012,3,17,1,0,21.5
2012,3,17,2,0,21.4
2012,3,17,3,0,21.3
2012,3,17,4,0,21.1
2012,3,17,5,0,20.9
2012,3,17,6,4,20.6
2012,3,17,7,10,20.1
2012,3,17,8,20,20
2012,3,17,9,82,20
2012,3,17,10,190,20.5
2012,3,17,11,110,20.8
2012,3,17,12,141,20.9
2012,3,17,13,212,20.8
2012,3,17,14,209,20.7
2012,3,17,15,132,20.6
2012,3,17,16,205,20.3
2012,3,17,17,86,19.9
2012,3,17,18,0,19.6
2012,3,17,19,0,19.5
2012,3,17,20,0,19.4
2012,3,17,21,0,19.4
2012,3,17,22,0,19.4
2012,3,17,23,0,19.4
2012,3,18,0,0,19.2
2012,3,18,1,0,19.1
2012,3,18,2,0,18.9
2012,3,18,3,0,18.7
2012,3,18,4,0,18.6
2012,3,18,5,0,18.6
2012,3,18,6,71,18.8
2012,3,18,7,275,19.3
2012,3,18,8,484,19.8
2012,3,18,9,663,20.1
2012,3,18,10,507,20.8
2012,3,18,11,860,21.1
2012,3,18,12,863,21.3
2012,3,18,13,800,21.2
2012,3,18,14,674,21
2012,3,18,15,500,20.6
2012,3,18,16,223,20.1
2012,3,18,17,61,19.6
2012,3,18,18,0,19.3
2012,3,18,19,0,19.4
2012,3,18,20,0,19.5
2012,3,18,21,0,19.5
2012,3,18,22,0,19.6
2012,3,18,23,0,19.6
2012,3,19,0,0,19.5
2012,3,19,1,0,19.4
2012,3,19,2,0,19.4
2012,3,19,3,0,19.5
2012,3,19,4,0,19.5
2012,3,19,5,0,19.7
2012,3,19,6,67,20.1
2012,3,19,7,271,20.5
2012,3,19,8,480,21
2012,3,19,9,161,21.2
2012,3,19,10,443,21.6
2012,3,19,11,598,21.8
2012,3,19,12,670,21.9
2012,3,19,13,411,21.9
2012,3,19,14,350,21.6
2012,3,19,15,495,21.3
2012,3,19,16,164,20.8
2012,3,19,17,40,20.2
2012,3,19,18,0,19.9
2012,3,19,19,0,19.9
2012,3,19,20,0,19.9
2012,3,19,21,0,19.9
2012,3,19,22,0,19.8
2012,3,19,23,0,19.7
2012,3,20,0,0,19.6
2012,3,20,1,0,19.5
2012,3,20,2,0,19.4
2012,3,20,3,0,19.4
2012,3,20,4,0,19.3
2012,3,20,5,0,19.5
2012,3,20,6,22,20.3
2012,3,20,7,275,21
2012,3,20,8,217,21.5
2012,3,20,9,668,21.7
2012,3,20,10,302,22.3
2012,3,20,11,864,22.5
2012,3,20,12,865,22.5
2012,3,20,13,801,22.4
2012,3,20,14,673,22.3
2012,3,20,15,496,22
2012,3,20,16,287,21.6
2012,3,20,17,81,20.9
2012,3,20,18,0,20.4
2012,3,20,19,0,20.1
2012,3,20,20,0,19.9
2012,3,20,21,0,19.8
2012,3,20,22,0,19.6
2012,3,20,23,0,19.5
2012,3,21,0,0,19.4
2012,3,21,1,0,19.3
2012,3,21,2,0,19.3
2012,3,21,3,0,19.2
2012,3,21,4,0,19.2
2012,3,21,5,0,19.4
2012,3,21,6,65,20
2012,3,21,7,268,20.8
2012,3,21,8,478,21.7
2012,3,21,9,657,22.1
2012,3,21,10,789,23.2
2012,3,21,11,856,23.8
2012,3,21,12,603,24.2
2012,3,21,13,667,24.3
2012,3,21,14,397,24.3
2012,3,21,15,362,23.9
2012,3,21,16,274,23.2
2012,3,21,17,72,22.4
2012,3,21,18,0,22
2012,3,21,19,0,22
2012,3,21,20,0,22
2012,3,21,21,0,22
2012,3,21,22,0,22
2012,3,21,23,0,22
2012,3,22,0,0,21.7
2012,3,22,1,0,20.9
2012,3,22,2,0,19.8
2012,3,22,3,0,19
2012,3,22,4,0,18.7
2012,3,22,5,0,18.7
2012,3,22,6,4,18.9
2012,3,22,7,17,19.3
2012,3,22,8,35,19.8
2012,3,22,9,52,20.1
2012,3,22,10,141,20.7
2012,3,22,11,79,21
2012,3,22,12,197,21.1
2012,3,22,13,160,20.9
2012,3,22,14,114,20.7
2012,3,22,15,175,20.4
2012,3,22,16,106,19.9
2012,3,22,17,23,19.3
2012,3,22,18,0,18.9
2012,3,22,19,0,18.8
2012,3,22,20,0,18.8
2012,3,22,21,0,18.8
2012,3,22,22,0,18.8
2012,3,22,23,0,18.7
2012,3,23,0,0,18.7
2012,3,23,1,0,18.7
2012,3,23,2,0,18.7
2012,3,23,3,0,18.6
2012,3,23,4,0,18.4
2012,3,23,5,0,18.2
2012,3,23,6,60,18.4
2012,3,23,7,266,18.8
2012,3,23,8,486,19.5
2012,3,23,9,675,19.8
2012,3,23,10,811,21
2012,3,23,11,880,21.8
2012,3,23,12,882,22.4
2012,3,23,13,816,22.7
2012,3,23,14,683,22.7
2012,3,23,15,501,22.3
2012,3,23,16,284,21.3
2012,3,23,17,72,20.1
2012,3,23,18,0,19.1
2012,3,23,19,0,18.4
2012,3,23,20,0,17.8
2012,3,23,21,0,17.1
2012,3,23,22,0,16.6
2012,3,23,23,0,16.1
2012,3,24,0,0,15.7
2012,3,24,1,0,15.4
2012,3,24,2,0,15.1
2012,3,24,3,0,14.9
2012,3,24,4,0,14.7
2012,3,24,5,0,14.8
2012,3,24,6,64,15.5
2012,3,24,7,275,16.5
2012,3,24,8,491,17.4
2012,3,24,9,676,17.9
2012,3,24,10,808,19
2012,3,24,11,876,19.8
2012,3,24,12,876,20.4
2012,3,24,13,807,20.8
2012,3,24,14,674,21
2012,3,24,15,490,20.9
2012,3,24,16,277,20.4
2012,3,24,17,69,19.6
2012,3,24,18,0,19
2012,3,24,19,0,18.7
2012,3,24,20,0,18.4
2012,3,24,21,0,18
2012,3,24,22,0,17.7
2012,3,24,23,0,17.5
2012,3,25,0,0,17.4
2012,3,25,1,0,17.3
2012,3,25,2,0,17.2
2012,3,25,3,0,17.3
2012,3,25,4,0,17.5
2012,3,25,5,0,17.7
2012,3,25,6,19,18.3
2012,3,25,7,103,18.9
2012,3,25,8,190,19.4
2012,3,25,9,244,19.6
2012,3,25,10,253,20
2012,3,25,11,180,20.1
2012,3,25,12,490,20.1
2012,3,25,13,770,20.1
2012,3,25,14,478,20
2012,3,25,15,340,19.8
2012,3,25,16,186,19.4
2012,3,25,17,58,19
2012,3,25,18,0,18.7
2012,3,25,19,0,18.7
2012,3,25,20,0,18.7
2012,3,25,21,0,18.7
2012,3,25,22,0,18.7
2012,3,25,23,0,18.7
2012,3,26,0,0,18.6
2012,3,26,1,0,18.5
2012,3,26,2,0,18.3
2012,3,26,3,0,18.3
2012,3,26,4,0,18.3
2012,3,26,5,0,18.4
2012,3,26,6,4,19
2012,3,26,7,16,19.9
2012,3,26,8,282,20.6
2012,3,26,9,639,20.8
2012,3,26,10,760,21.4
2012,3,26,11,827,21.7
2012,3,26,12,826,21.9
2012,3,26,13,762,22
2012,3,26,14,633,22
2012,3,26,15,454,21.7
2012,3,26,16,249,21.3
2012,3,26,17,54,20.6
2012,3,26,18,0,20.2
2012,3,26,19,0,20.1
2012,3,26,20,0,20
2012,3,26,21,0,19.9
2012,3,26,22,0,19.7
2012,3,26,23,0,19.5
2012,3,27,0,0,19.3
2012,3,27,1,0,19
2012,3,27,2,0,18.9
2012,3,27,3,0,18.8
2012,3,27,4,0,18.8
2012,3,27,5,0,18.9
2012,3,27,6,27,19.5
2012,3,27,7,146,20.7
2012,3,27,8,273,21.7
2012,3,27,9,541,22
2012,3,27,10,753,22.9
2012,3,27,11,819,23.4
2012,3,27,12,819,23.6
2012,3,27,13,750,23.6
2012,3,27,14,490,23.2
2012,3,27,15,312,22.7
2012,3,27,16,189,22.1
2012,3,27,17,32,21.5
2012,3,27,18,0,21.3
2012,3,27,19,0,21.2
2012,3,27,20,0,21.2
2012,3,27,21,0,21.2
2012,3,27,22,0,21
2012,3,27,23,0,20.9
2012,3,28,0,0,20.8
2012,3,28,1,0,20.6
2012,3,28,2,0,20.4
2012,3,28,3,0,20.1
2012,3,28,4,0,20
2012,3,28,5,0,20.1
2012,3,28,6,4,20.5
2012,3,28,7,9,21
2012,3,28,8,295,21.5
2012,3,28,9,504,21.8
2012,3,28,10,450,21.7
2012,3,28,11,385,21.7
2012,3,28,12,83,21.7
2012,3,28,13,395,21.8
2012,3,28,14,344,22
2012,3,28,15,278,22
2012,3,28,16,119,21.6
2012,3,28,17,20,21.1
2012,3,28,18,0,20.8
2012,3,28,19,0,20.8
2012,3,28,20,0,20.7
2012,3,28,21,0,20.5
2012,3,28,22,0,20.3
2012,3,28,23,0,20.2
2012,3,29,0,0,20.1
2012,3,29,1,0,19.8
2012,3,29,2,0,19.6
2012,3,29,3,0,19.3
2012,3,29,4,0,19
2012,3,29,5,0,18.9
2012,3,29,6,44,19.3
2012,3,29,7,232,20.1
2012,3,29,8,435,21.1
2012,3,29,9,610,21.8
2012,3,29,10,744,23.1
2012,3,29,11,809,23.6
2012,3,29,12,808,23.7
2012,3,29,13,744,23.6
2012,3,29,14,615,23.2
2012,3,29,15,438,22.6
2012,3,29,16,234,21.8
2012,3,29,17,21,20.8
2012,3,29,18,0,20.2
2012,3,29,19,0,19.9
2012,3,29,20,0,19.6
2012,3,29,21,0,19.4
2012,3,29,22,0,19.2
2012,3,29,23,0,18.9
2012,3,30,0,0,18.7
2012,3,30,1,0,18.5
2012,3,30,2,0,18.4
2012,3,30,3,0,18.4
2012,3,30,4,0,18.3
2012,3,30,5,0,18.4
2012,3,30,6,21,18.9
2012,3,30,7,177,19.6
2012,3,30,8,270,20.4
2012,3,30,9,609,20.8
2012,3,30,10,611,21.7
2012,3,30,11,803,22.2
2012,3,30,12,802,22.4
2012,3,30,13,732,22.5
2012,3,30,14,606,22.4
2012,3,30,15,431,22.1
2012,3,30,16,166,21.5
2012,3,30,17,42,20.7
2012,3,30,18,0,20.2
2012,3,30,19,0,20.1
2012,3,30,20,0,20
2012,3,30,21,0,20
2012,3,30,22,0,20.1
2012,3,30,23,0,20.1
2012,3,31,0,0,20
2012,3,31,1,0,19.7
2012,3,31,2,0,19.2
2012,3,31,3,0,18.8
2012,3,31,4,0,18.6
2012,3,31,5,0,18.6
2012,3,31,6,44,19
2012,3,31,7,236,20
2012,3,31,8,293,21
2012,3,31,9,619,21.6
2012,3,31,10,748,22.9
2012,3,31,11,657,23.6
2012,3,31,12,534,24.2
2012,3,31,13,597,24.5
2012,3,31,14,621,24.5
2012,3,31,15,442,24.1
2012,3,31,16,234,23.1
2012,3,31,17,41,22
2012,3,31,18,0,21.2
2012,3,31,19,0,20.8
2012,3,31,20,0,20.5
2012,3,31,21,0,20.2
2012,3,31,22,0,19.8
2012,3,31,23,0,19.5
2012,4,1,0,0,19.2
2012,4,1,1,0,18.9
2012,4,1,2,0,18.7
2012,4,1,3,0,18.5
2012,4,1,4,0,18.2
2012,4,1,5,0,18.1
2012,4,1,6,41,18.5
2012,4,1,7,231,19.5
2012,4,1,8,433,20.8
2012,4,1,9,607,21.6
2012,4,1,10,734,23.6
2012,4,1,11,798,24.3
2012,4,1,12,794,24.6
2012,4,1,13,726,24.5
2012,4,1,14,439,24.2
2012,4,1,15,161,23.8
2012,4,1,16,43,23.1
2012,4,1,17,9,22.5
2012,4,1,18,0,22.1
2012,4,1,19,0,21.9
2012,4,1,20,0,21.6
2012,4,1,21,0,21.1
2012,4,1,22,0,20.7
2012,4,1,23,0,20.4
2012,4,2,0,0,20.2
2012,4,2,1,0,20.2
2012,4,2,2,0,20.1
2012,4,2,3,0,20.1
2012,4,2,4,0,20
2012,4,2,5,0,20
2012,4,2,6,36,20.2
2012,4,2,7,217,20.7
2012,4,2,8,417,21.2
2012,4,2,9,590,21.6
2012,4,2,10,723,22.5
2012,4,2,11,787,23
2012,4,2,12,784,23.4
2012,4,2,13,724,23.5
2012,4,2,14,595,23.4
2012,4,2,15,417,23
2012,4,2,16,213,22.2
2012,4,2,17,31,21.4
2012,4,2,18,0,20.9
2012,4,2,19,0,20.7
2012,4,2,20,0,20.7
2012,4,2,21,0,20.7
2012,4,2,22,0,20.6
2012,4,2,23,0,20.3
2012,4,3,0,0,20
2012,4,3,1,0,19.6
2012,4,3,2,0,19.2
2012,4,3,3,0,18.9
2012,4,3,4,0,18.7
2012,4,3,5,0,18.5
2012,4,3,6,17,18.9
2012,4,3,7,90,19.9
2012,4,3,8,223,21.2
2012,4,3,9,455,22
2012,4,3,10,514,23.8
2012,4,3,11,543,24.5
2012,4,3,12,695,25.1
2012,4,3,13,718,25.3
2012,4,3,14,587,25.2
2012,4,3,15,409,24.8
2012,4,3,16,162,23.9
2012,4,3,17,22,22.8
2012,4,3,18,0,22.2
2012,4,3,19,0,21.8
2012,4,3,20,0,21.5
2012,4,3,21,0,21.3
2012,4,3,22,0,21
2012,4,3,23,0,20.8
2012,4,4,0,0,20.6
2012,4,4,1,0,20.3
2012,4,4,2,0,20
2012,4,4,3,0,19.8
2012,4,4,4,0,19.7
2012,4,4,5,0,19.8
2012,4,4,6,32,20.4
2012,4,4,7,208,21.5
2012,4,4,8,404,22.6
2012,4,4,9,574,23
2012,4,4,10,701,24
2012,4,4,11,765,24.4
2012,4,4,12,761,24.5
2012,4,4,13,695,24.4
2012,4,4,14,570,24.1
2012,4,4,15,399,23.7
2012,4,4,16,202,22.9
2012,4,4,17,26,22.1
2012,4,4,18,0,21.6
2012,4,4,19,0,21.4
2012,4,4,20,0,21.2
2012,4,4,21,0,21.1
2012,4,4,22,0,20.9
2012,4,4,23,0,20.8
2012,4,5,0,0,20.6
2012,4,5,1,0,20.5
2012,4,5,2,0,20.3
2012,4,5,3,0,20.1
2012,4,5,4,0,20
2012,4,5,5,0,20
2012,4,5,6,33,20.6
2012,4,5,7,214,21.8
2012,4,5,8,414,22.6
2012,4,5,9,586,22.9
2012,4,5,10,705,23.7
2012,4,5,11,769,24
2012,4,5,12,766,24.2
2012,4,5,13,704,24.1
2012,4,5,14,576,23.8
2012,4,5,15,401,23.4
2012,4,5,16,200,22.6
2012,4,5,17,24,21.7
2012,4,5,18,0,21.2
2012,4,5,19,0,20.9
2012,4,5,20,0,20.7
2012,4,5,21,0,20.6
2012,4,5,22,0,20.4
2012,4,5,23,0,20.3
2012,4,6,0,0,20.2
2012,4,6,1,0,20
2012,4,6,2,0,19.8
2012,4,6,3,0,19.7
2012,4,6,4,0,19.6
2012,4,6,5,0,19.7
2012,4,6,6,34,20.3
2012,4,6,7,220,21.3
2012,4,6,8,423,22.2
2012,4,6,9,596,22.5
2012,4,6,10,720,23.2
2012,4,6,11,784,23.5
2012,4,6,12,781,23.8
2012,4,6,13,713,23.9
2012,4,6,14,582,23.8
2012,4,6,15,404,23.4
2012,4,6,16,202,22.6
2012,4,6,17,23,21.6
2012,4,6,18,0,21
2012,4,6,19,0,20.7
2012,4,6,20,0,20.6
2012,4,6,21,0,20.5
2012,4,6,22,0,20.5
2012,4,6,23,0,20.3
2012,4,7,0,0,20
2012,4,7,1,0,19.7
2012,4,7,2,0,19.4
2012,4,7,3,0,19.2
2012,4,7,4,0,19
2012,4,7,5,0,19
2012,4,7,6,9,19.2
2012,4,7,7,197,19.9
2012,4,7,8,402,21.2
2012,4,7,9,585,22.2
2012,4,7,10,730,23.8
2012,4,7,11,799,24.2
2012,4,7,12,793,24.1
2012,4,7,13,719,23.7
2012,4,7,14,579,23.1
2012,4,7,15,395,22.2
2012,4,7,16,191,21.1
2012,4,7,17,18,20
2012,4,7,18,0,19.5
2012,4,7,19,0,19.3
2012,4,7,20,0,19.2
2012,4,7,21,0,19.1
2012,4,7,22,0,19
2012,4,7,23,0,19
2012,4,8,0,0,19
2012,4,8,1,0,19
2012,4,8,2,0,19
2012,4,8,3,0,19.1
2012,4,8,4,0,19.1
2012,4,8,5,0,19.3
2012,4,8,6,11,20
2012,4,8,7,95,21
2012,4,8,8,106,21.7
2012,4,8,9,45,22.1
2012,4,8,10,205,22.6
2012,4,8,11,272,22.8
2012,4,8,12,234,23
2012,4,8,13,499,23.2
2012,4,8,14,438,23.2
2012,4,8,15,244,23
2012,4,8,16,107,22.5
2012,4,8,17,9,22
2012,4,8,18,0,21.6
2012,4,8,19,0,21.3
2012,4,8,20,0,20.9
2012,4,8,21,0,20.5
2012,4,8,22,0,20
2012,4,8,23,0,19.5
2012,4,9,0,0,18.7
2012,4,9,1,0,17.8
2012,4,9,2,0,16.9
2012,4,9,3,0,16.3
2012,4,9,4,0,15.8
2012,4,9,5,0,15.4
2012,4,9,6,32,15.8
2012,4,9,7,224,16.8
2012,4,9,8,430,17.9
2012,4,9,9,604,18.5
2012,4,9,10,725,19.9
2012,4,9,11,789,20.5
2012,4,9,12,782,21.1
2012,4,9,13,714,21.6
2012,4,9,14,581,21.9
2012,4,9,15,402,22
2012,4,9,16,196,21.2
2012,4,9,17,17,20.1
2012,4,9,18,0,19.3
2012,4,9,19,0,18.4
2012,4,9,20,0,17.6
2012,4,9,21,0,17
2012,4,9,22,0,16.2
2012,4,9,23,0,15.3
2012,4,10,0,0,14.5
2012,4,10,1,0,14.1
2012,4,10,2,0,13.7
2012,4,10,3,0,13.3
2012,4,10,4,0,13.1
2012,4,10,5,0,13.1
2012,4,10,6,15,13.6
2012,4,10,7,141,14.4
2012,4,10,8,402,15.2
2012,4,10,9,579,15.6
2012,4,10,10,708,16.4
2012,4,10,11,770,16.8
2012,4,10,12,766,17
2012,4,10,13,553,17.1
2012,4,10,14,563,17.1
2012,4,10,15,383,16.9
2012,4,10,16,179,16.6
2012,4,10,17,6,16.3
2012,4,10,18,0,16.2
2012,4,10,19,0,16.1
2012,4,10,20,0,16.1
2012,4,10,21,0,16.1
2012,4,10,22,0,16.1
2012,4,10,23,0,16
2012,4,11,0,0,15.9
2012,4,11,1,0,15.7
2012,4,11,2,0,15.4
2012,4,11,3,0,15.2
2012,4,11,4,0,15.2
2012,4,11,5,0,15.4
2012,4,11,6,4,15.8
2012,4,11,7,27,16.3
2012,4,11,8,63,17
2012,4,11,9,538,17.4
2012,4,11,10,287,18.2
2012,4,11,11,524,18.4
2012,4,11,12,339,18.6
2012,4,11,13,373,18.7
2012,4,11,14,535,18.8
2012,4,11,15,365,18.8
2012,4,11,16,55,18.4
2012,4,11,17,12,18
2012,4,11,18,0,17.8
2012,4,11,19,0,17.7
2012,4,11,20,0,17.6
2012,4,11,21,0,17.5
2012,4,11,22,0,17.2
2012,4,11,23,0,16.9
2012,4,12,0,0,16.7
2012,4,12,1,0,16.6
2012,4,12,2,0,16.5
2012,4,12,3,0,16.5
2012,4,12,4,0,16.5
2012,4,12,5,0,16.7
2012,4,12,6,24,17.2
2012,4,12,7,201,18
2012,4,12,8,399,18.8
2012,4,12,9,568,19.2
2012,4,12,10,684,19.8
2012,4,12,11,744,20
2012,4,12,12,742,20.1
2012,4,12,13,674,20.2
2012,4,12,14,546,20.2
2012,4,12,15,375,20
2012,4,12,16,175,19.4
2012,4,12,17,0,18.7
2012,4,12,18,0,18.4
2012,4,12,19,0,18.3
2012,4,12,20,0,18.4
2012,4,12,21,0,18.5
2012,4,12,22,0,18.3
2012,4,12,23,0,17.8
2012,4,13,0,0,17.2
2012,4,13,1,0,16.6
2012,4,13,2,0,16.1
2012,4,13,3,0,15.7
2012,4,13,4,0,15.3
2012,4,13,5,0,15
2012,4,13,6,23,15.5
2012,4,13,7,201,16.8
2012,4,13,8,399,18.3
2012,4,13,9,569,19.1
2012,4,13,10,693,21.1
2012,4,13,11,756,22
2012,4,13,12,752,22.7
2012,4,13,13,681,23.1
2012,4,13,14,551,23
2012,4,13,15,373,22.5
2012,4,13,16,172,21.3
2012,4,13,17,0,20.2
2012,4,13,18,0,19.5
2012,4,13,19,0,19.2
2012,4,13,20,0,19
2012,4,13,21,0,18.7
2012,4,13,22,0,18.4
2012,4,13,23,0,18
2012,4,14,0,0,17.6
2012,4,14,1,0,17.3
2012,4,14,2,0,17.1
2012,4,14,3,0,16.9
2012,4,14,4,0,16.7
2012,4,14,5,0,16.6
2012,4,14,6,21,17
2012,4,14,7,191,18.2
2012,4,14,8,385,19.7
2012,4,14,9,427,20.5
2012,4,14,10,516,21.9
2012,4,14,11,534,22.5
2012,4,14,12,504,22.8
2012,4,14,13,650,22.8
2012,4,14,14,259,22.7
2012,4,14,15,265,22.4
2012,4,14,16,114,21.8
2012,4,14,17,0,21
2012,4,14,18,0,20.4
2012,4,14,19,0,20.2
2012,4,14,20,0,20.1
2012,4,14,21,0,19.9
2012,4,14,22,0,19.8
2012,4,14,23,0,19.6
2012,4,15,0,0,19.4
2012,4,15,1,0,19.4
2012,4,15,2,0,19.4
2012,4,15,3,0,19.3
2012,4,15,4,0,19.2
2012,4,15,5,0,19.1
2012,4,15,6,12,19.2
2012,4,15,7,117,19.9
2012,4,15,8,374,21
2012,4,15,9,540,21.6
2012,4,15,10,502,23.3
2012,4,15,11,563,23.7
2012,4,15,12,511,23.8
2012,4,15,13,380,23.6
2012,4,15,14,295,23.3
2012,4,15,15,158,22.8
2012,4,15,16,62,22
2012,4,15,17,0,21.2
2012,4,15,18,0,20.8
2012,4,15,19,0,20.6
2012,4,15,20,0,20.6
2012,4,15,21,0,20.5
2012,4,15,22,0,20.4
2012,4,15,23,0,20.1
2012,4,16,0,0,19.8
2012,4,16,1,0,19.5
2012,4,16,2,0,19.2
2012,4,16,3,0,18.9
2012,4,16,4,0,18.7
2012,4,16,5,0,18.6
2012,4,16,6,12,18.8
2012,4,16,7,136,19.5
2012,4,16,8,291,20.5
2012,4,16,9,429,21
2012,4,16,10,524,22.2
2012,4,16,11,603,22.7
2012,4,16,12,711,22.8
2012,4,16,13,645,22.6
2012,4,16,14,420,22.2
2012,4,16,15,207,21.7
2012,4,16,16,79,21.1
2012,4,16,17,0,20.5
2012,4,16,18,0,20.2
2012,4,16,19,0,20
2012,4,16,20,0,19.7
2012,4,16,21,0,19.5
2012,4,16,22,0,19.3
2012,4,16,23,0,19.2
2012,4,17,0,0,19.2
2012,4,17,1,0,19.2
2012,4,17,2,0,19.2
2012,4,17,3,0,19.3
2012,4,17,4,0,19.4
2012,4,17,5,0,19.4
2012,4,17,6,6,19.6
2012,4,17,7,29,19.8
2012,4,17,8,65,20
2012,4,17,9,24,20.1
2012,4,17,10,198,20.1
2012,4,17,11,38,20
2012,4,17,12,165,20
2012,4,17,13,237,19.8
2012,4,17,14,88,19.5
2012,4,17,15,100,19.2
2012,4,17,16,39,18.9
2012,4,17,17,0,18.8
2012,4,17,18,0,18.8
2012,4,17,19,0,18.9
2012,4,17,20,0,19
2012,4,17,21,0,19.1
2012,4,17,22,0,19.1
2012,4,17,23,0,19.2
2012,4,18,0,0,19.3
2012,4,18,1,0,19.5
2012,4,18,2,0,19.7
2012,4,18,3,0,20
2012,4,18,4,0,20.3
2012,4,18,5,0,20.5
2012,4,18,6,2,20.6
2012,4,18,7,14,20.8
2012,4,18,8,29,21.2
2012,4,18,9,27,21.3
2012,4,18,10,265,21.6
2012,4,18,11,288,21.6
2012,4,18,12,152,21.4
2012,4,18,13,212,21.1
2012,4,18,14,119,20.8
2012,4,18,15,120,20.7
2012,4,18,16,46,20.6
2012,4,18,17,0,20.5
2012,4,18,18,0,20.6
2012,4,18,19,0,20.7
2012,4,18,20,0,20.7
2012,4,18,21,0,20.6
2012,4,18,22,0,20.3
2012,4,18,23,0,20.1
2012,4,19,0,0,20
2012,4,19,1,0,20.2
2012,4,19,2,0,20.5
2012,4,19,3,0,20.7
2012,4,19,4,0,20.7
2012,4,19,5,0,20.5
2012,4,19,6,7,20.4
2012,4,19,7,106,20.4
2012,4,19,8,240,20.6
2012,4,19,9,203,20.8
2012,4,19,10,618,21.4
2012,4,19,11,671,21.7
2012,4,19,12,304,21.9
2012,4,19,13,321,21.7
2012,4,19,14,337,21.5
2012,4,19,15,160,21.3
2012,4,19,16,57,21.2
2012,4,19,17,0,21.1
2012,4,19,18,0,21.1
2012,4,19,19,0,21
2012,4,19,20,0,20.9
2012,4,19,21,0,20.7
2012,4,19,22,0,20.4
2012,4,19,23,0,20
2012,4,20,0,0,19.7
2012,4,20,1,0,19.4
2012,4,20,2,0,19.2
2012,4,20,3,0,19
2012,4,20,4,0,18.8
2012,4,20,5,0,18.5
2012,4,20,6,12,18.5
2012,4,20,7,167,18.8
2012,4,20,8,355,19.4
2012,4,20,9,518,19.8
2012,4,20,10,637,21.5
2012,4,20,11,615,22.5
2012,4,20,12,424,23.2
2012,4,20,13,623,23.5
2012,4,20,14,361,23.3
2012,4,20,15,193,22.7
2012,4,20,16,130,21.9
2012,4,20,17,0,21.3
2012,4,20,18,0,20.9
2012,4,20,19,0,20.6
2012,4,20,20,0,20.4
2012,4,20,21,0,20.3
2012,4,20,22,0,20.2
2012,4,20,23,0,20.1
2012,4,21,0,0,20
2012,4,21,1,0,19.6
2012,4,21,2,0,19.4
2012,4,21,3,0,19.5
2012,4,21,4,0,19.7
2012,4,21,5,0,19.9
2012,4,21,6,2,20.1
2012,4,21,7,39,20.4
2012,4,21,8,91,20.8
2012,4,21,9,225,21
2012,4,21,10,419,21.5
2012,4,21,11,473,21.8
2012,4,21,12,384,22
2012,4,21,13,608,22.1
2012,4,21,14,483,22.1
2012,4,21,15,315,21.9
2012,4,21,16,128,21.3
2012,4,21,17,0,20.6
2012,4,21,18,0,20.3
2012,4,21,19,0,20.3
2012,4,21,20,0,20.3
2012,4,21,21,0,20.4
2012,4,21,22,0,20.3
2012,4,21,23,0,20
2012,4,22,0,0,19.5
2012,4,22,1,0,18.9
2012,4,22,2,0,18.5
2012,4,22,3,0,18.3
2012,4,22,4,0,18.2
2012,4,22,5,0,18.1
2012,4,22,6,0,18.4
2012,4,22,7,163,19.1
2012,4,22,8,100,19.7
2012,4,22,9,376,20
2012,4,22,10,516,21.4
2012,4,22,11,492,22.3
2012,4,22,12,196,22.9
2012,4,22,13,273,23
2012,4,22,14,117,22.7
2012,4,22,15,135,22.3
2012,4,22,16,49,21.8
2012,4,22,17,0,21.4
2012,4,22,18,0,21.2
2012,4,22,19,0,21
2012,4,22,20,0,20.8
2012,4,22,21,0,20.6
2012,4,22,22,0,20.4
2012,4,22,23,0,20.2
2012,4,23,0,0,19.9
2012,4,23,1,0,19.6
2012,4,23,2,0,19.4
2012,4,23,3,0,19.2
2012,4,23,4,0,19.1
2012,4,23,5,0,19
2012,4,23,6,0,19.1
2012,4,23,7,7,19.2
2012,4,23,8,14,19.3
2012,4,23,9,34,19.4
2012,4,23,10,62,19.8
2012,4,23,11,90,20.1
2012,4,23,12,83,20.2
2012,4,23,13,94,20.2
2012,4,23,14,130,20
2012,4,23,15,114,19.8
2012,4,23,16,41,19.6
2012,4,23,17,0,19.4
2012,4,23,18,0,19.3
2012,4,23,19,0,19.3
2012,4,23,20,0,19.1
2012,4,23,21,0,18.8
2012,4,23,22,0,18.3
2012,4,23,23,0,18
2012,4,24,0,0,17.7
2012,4,24,1,0,17.4
2012,4,24,2,0,17.1
2012,4,24,3,0,16.8
2012,4,24,4,0,16.6
2012,4,24,5,0,16.4
2012,4,24,6,0,16.7
2012,4,24,7,161,17.4
2012,4,24,8,350,18.5
2012,4,24,9,512,19.2
2012,4,24,10,626,20.9
2012,4,24,11,679,21.6
2012,4,24,12,670,21.9
2012,4,24,13,29,21.6
2012,4,24,14,464,20.6
2012,4,24,15,200,19.3
2012,4,24,16,120,17.8
2012,4,24,17,0,16.7
2012,4,24,18,0,15.9
2012,4,24,19,0,15.3
2012,4,24,20,0,14.9
2012,4,24,21,0,14.6
2012,4,24,22,0,14.4
2012,4,24,23,0,14.2
2012,4,25,0,0,14
2012,4,25,1,0,13.8
2012,4,25,2,0,13.5
2012,4,25,3,0,13.1
2012,4,25,4,0,12.8
2012,4,25,5,0,12.6
2012,4,25,6,0,12.7
2012,4,25,7,169,13.5
2012,4,25,8,363,14.4
2012,4,25,9,529,14.9
2012,4,25,10,642,16.6
2012,4,25,11,698,17.5
2012,4,25,12,689,18
2012,4,25,13,614,18.2
2012,4,25,14,482,18.1
2012,4,25,15,310,17.7
2012,4,25,16,121,17
2012,4,25,17,0,16.5
2012,4,25,18,0,16.2
2012,4,25,19,0,16
2012,4,25,20,0,15.9
2012,4,25,21,0,15.8
2012,4,25,22,0,15.9
2012,4,25,23,0,16.1
2012,4,26,0,0,16.3
2012,4,26,1,0,16.4
2012,4,26,2,0,16.3
2012,4,26,3,0,16.3
2012,4,26,4,0,16.1
2012,4,26,5,0,15.9
2012,4,26,6,0,16
2012,4,26,7,160,16.7
2012,4,26,8,275,17.6
2012,4,26,9,400,18.1
2012,4,26,10,528,19
2012,4,26,11,586,19.3
2012,4,26,12,523,19.6
2012,4,26,13,466,19.6
2012,4,26,14,287,19.4
2012,4,26,15,216,19
2012,4,26,16,77,18.5
2012,4,26,17,0,18.2
2012,4,26,18,0,18.1
2012,4,26,19,0,18.1
2012,4,26,20,0,18.2
2012,4,26,21,0,18.1
2012,4,26,22,0,18
2012,4,26,23,0,17.7
2012,4,27,0,0,17.5
2012,4,27,1,0,17.2
2012,4,27,2,0,16.8
2012,4,27,3,0,16.4
2012,4,27,4,0,16
2012,4,27,5,0,15.8
2012,4,27,6,0,16
2012,4,27,7,153,16.9
2012,4,27,8,337,17.8
2012,4,27,9,495,18.2
2012,4,27,10,608,19.2
2012,4,27,11,662,19.7
2012,4,27,12,652,20
2012,4,27,13,589,20.1
2012,4,27,14,460,20
2012,4,27,15,291,19.7
2012,4,27,16,107,19
2012,4,27,17,0,18.4
2012,4,27,18,0,18.2
2012,4,27,19,0,18.1
2012,4,27,20,0,18.2
2012,4,27,21,0,18.4
2012,4,27,22,0,18.6
2012,4,27,23,0,18.7
2012,4,28,0,0,18.7
2012,4,28,1,0,18.3
2012,4,28,2,0,17.9
2012,4,28,3,0,17.6
2012,4,28,4,0,17.6
2012,4,28,5,0,17.5
2012,4,28,6,0,17.5
2012,4,28,7,99,17.9
2012,4,28,8,236,18.6
2012,4,28,9,331,18.9
2012,4,28,10,368,19.9
2012,4,28,11,429,20.3
2012,4,28,12,493,20.7
2012,4,28,13,467,21
2012,4,28,14,355,21.1
2012,4,28,15,290,20.9
2012,4,28,16,106,20.3
2012,4,28,17,0,19.6
2012,4,28,18,0,19.1
2012,4,28,19,0,18.6
2012,4,28,20,0,18
2012,4,28,21,0,17.4
2012,4,28,22,0,16.8
2012,4,28,23,0,16.3
2012,4,29,0,0,16
2012,4,29,1,0,15.9
2012,4,29,2,0,15.8
2012,4,29,3,0,15.7
2012,4,29,4,0,15.7
2012,4,29,5,0,15.9
2012,4,29,6,0,16.5
2012,4,29,7,146,17.6
2012,4,29,8,181,18.6
2012,4,29,9,366,18.9
2012,4,29,10,426,18.8
2012,4,29,11,396,18.6
2012,4,29,12,293,18.5
2012,4,29,13,405,18.4
2012,4,29,14,346,18.2
2012,4,29,15,174,17.9
2012,4,29,16,98,17.4
2012,4,29,17,0,17.1
2012,4,29,18,0,17
2012,4,29,19,0,16.9
2012,4,29,20,0,16.9
2012,4,29,21,0,16.8
2012,4,29,22,0,16.7
2012,4,29,23,0,16.6
2012,4,30,0,0,16.5
2012,4,30,1,0,16.3
2012,4,30,2,0,16.1
2012,4,30,3,0,16
2012,4,30,4,0,16
2012,4,30,5,0,15.9
2012,4,30,6,0,16.3
2012,4,30,7,93,17.1
2012,4,30,8,231,17.9
2012,4,30,9,303,18.2
2012,4,30,10,186,18.7
2012,4,30,11,289,18.9
2012,4,30,12,420,18.9
2012,4,30,13,242,19
2012,4,30,14,447,18.9
2012,4,30,15,280,18.8
2012,4,30,16,29,18.4
2012,4,30,17,0,18.1
2012,4,30,18,0,17.9
2012,4,30,19,0,17.7
2012,4,30,20,0,17.6
2012,4,30,21,0,17.4
2012,4,30,22,0,17.3
2012,4,30,23,0,17.2
2012,5,1,0,0,17.1
2012,5,1,1,0,17
2012,5,1,2,0,16.7
2012,5,1,3,0,16.5
2012,5,1,4,0,16.2
2012,5,1,5,0,15.9
2012,5,1,6,0,16
2012,5,1,7,144,16.7
2012,5,1,8,327,17.7
2012,5,1,9,486,18.2
2012,5,1,10,596,19.4
2012,5,1,11,650,19.8
2012,5,1,12,641,20
2012,5,1,13,567,20.2
2012,5,1,14,440,20.3
2012,5,1,15,273,20.2
2012,5,1,16,28,19.8
2012,5,1,17,0,19.4
2012,5,1,18,0,19.2
2012,5,1,19,0,19
2012,5,1,20,0,18.7
2012,5,1,21,0,18.3
2012,5,1,22,0,17.9
2012,5,1,23,0,17.5
2012,5,2,0,0,17.1
2012,5,2,1,0,16.8
2012,5,2,2,0,16.4
2012,5,2,3,0,16.1
2012,5,2,4,0,15.8
2012,5,2,5,0,15.5
2012,5,2,6,0,15.7
2012,5,2,7,139,16.5
2012,5,2,8,320,17.7
2012,5,2,9,478,18.3
2012,5,2,10,593,20.1
2012,5,2,11,647,21
2012,5,2,12,638,21.7
2012,5,2,13,569,22.1
2012,5,2,14,441,22.1
2012,5,2,15,273,21.6
2012,5,2,16,64,20.7
2012,5,2,17,0,20.1
2012,5,2,18,0,19.7
2012,5,2,19,0,19.4
2012,5,2,20,0,19.1
2012,5,2,21,0,18.7
2012,5,2,22,0,18.3
2012,5,2,23,0,17.9
2012,5,3,0,0,17.6
2012,5,3,1,0,17.4
2012,5,3,2,0,17.2
2012,5,3,3,0,17.1
2012,5,3,4,0,16.9
2012,5,3,5,0,16.7
2012,5,3,6,0,16.8
2012,5,3,7,128,17
2012,5,3,8,303,17.3
2012,5,3,9,457,17.5
2012,5,3,10,575,18.3
2012,5,3,11,629,18.9
2012,5,3,12,623,19.2
2012,5,3,13,558,19.3
2012,5,3,14,432,19.3
2012,5,3,15,266,19.1
2012,5,3,16,87,18.6
2012,5,3,17,0,18.1
2012,5,3,18,0,17.9
2012,5,3,19,0,17.9
2012,5,3,20,0,17.8
2012,5,3,21,0,17.6
2012,5,3,22,0,17.1
2012,5,3,23,0,16.6
2012,5,4,0,0,16
2012,5,4,1,0,15.5
2012,5,4,2,0,15.2
2012,5,4,3,0,14.9
2012,5,4,4,0,14.7
2012,5,4,5,0,14.4
2012,5,4,6,0,14.5
2012,5,4,7,132,15
2012,5,4,8,312,15.8
2012,5,4,9,470,16.3
2012,5,4,10,588,17.4
2012,5,4,11,644,18
2012,5,4,12,635,18.5
2012,5,4,13,566,18.7
2012,5,4,14,439,18.7
2012,5,4,15,271,18.3
2012,5,4,16,88,17.6
2012,5,4,17,0,16.9
2012,5,4,18,0,16.6
2012,5,4,19,0,16.5
2012,5,4,20,0,16.4
2012,5,4,21,0,16.3
2012,5,4,22,0,16
2012,5,4,23,0,15.7
2012,5,5,0,0,15.2
2012,5,5,1,0,14.8
2012,5,5,2,0,14.5
2012,5,5,3,0,14.4
2012,5,5,4,0,14.6
2012,5,5,5,0,14.8
2012,5,5,6,0,15.3
2012,5,5,7,53,16.1
2012,5,5,8,146,17
2012,5,5,9,340,17.5
2012,5,5,10,588,18.4
2012,5,5,11,641,18.6
2012,5,5,12,632,18.6
2012,5,5,13,561,18.5
2012,5,5,14,230,18.3
2012,5,5,15,122,18
2012,5,5,16,33,17.4
2012,5,5,17,0,16.8
2012,5,5,18,0,16.5
2012,5,5,19,0,16.2
2012,5,5,20,0,15.9
2012,5,5,21,0,15.6
2012,5,5,22,0,15.2
2012,5,5,23,0,14.9
2012,5,6,0,0,14.5
2012,5,6,1,0,14.2
2012,5,6,2,0,13.8
2012,5,6,3,0,13.5
2012,5,6,4,0,13.2
2012,5,6,5,0,13
2012,5,6,6,0,13.1
2012,5,6,7,135,13.9
2012,5,6,8,319,14.9
2012,5,6,9,480,15.4
2012,5,6,10,593,16.8
2012,5,6,11,648,17.5
2012,5,6,12,638,18.1
2012,5,6,13,567,18.4
2012,5,6,14,439,18.6
2012,5,6,15,268,18.6
2012,5,6,16,85,18.3
2012,5,6,17,0,18
2012,5,6,18,0,17.6
2012,5,6,19,0,17.1
2012,5,6,20,0,16.3
2012,5,6,21,0,15.4
2012,5,6,22,0,14.6
2012,5,6,23,0,13.9
2012,5,7,0,0,13.5
2012,5,7,1,0,13.2
2012,5,7,2,0,12.9
2012,5,7,3,0,12.6
2012,5,7,4,0,12.5
2012,5,7,5,0,12.5
2012,5,7,6,0,12.6
2012,5,7,7,37,13.1
2012,5,7,8,95,13.7
2012,5,7,9,247,14.1
2012,5,7,10,32,15.4
2012,5,7,11,34,16.3
2012,5,7,12,424,16.9
2012,5,7,13,287,17.4
2012,5,7,14,268,17.5
2012,5,7,15,128,17.2
2012,5,7,16,37,16.7
2012,5,7,17,0,16.2
2012,5,7,18,0,15.9
2012,5,7,19,0,15.6
2012,5,7,20,0,15.4
2012,5,7,21,0,15.1
2012,5,7,22,0,14.8
2012,5,7,23,0,14.4
2012,5,8,0,0,14.1
2012,5,8,1,0,13.7
2012,5,8,2,0,13.4
2012,5,8,3,0,13.3
2012,5,8,4,0,13.2
2012,5,8,5,0,13.2
2012,5,8,6,0,13.5
2012,5,8,7,125,14.5
2012,5,8,8,303,15.9
2012,5,8,9,459,16.6
2012,5,8,10,570,18.4
2012,5,8,11,621,19.1
2012,5,8,12,611,19.7
2012,5,8,13,541,20.1
2012,5,8,14,416,20.3
2012,5,8,15,251,20.2
2012,5,8,16,78,19.7
2012,5,8,17,0,19
2012,5,8,18,0,18.6
2012,5,8,19,0,18.3
2012,5,8,20,0,18.1
2012,5,8,21,0,17.6
2012,5,8,22,0,17
2012,5,8,23,0,16.3
2012,5,9,0,0,15.7
2012,5,9,1,0,15.1
2012,5,9,2,0,14.6
2012,5,9,3,0,13.9
2012,5,9,4,0,13.4
2012,5,9,5,0,13
2012,5,9,6,0,13.1
2012,5,9,7,122,13.9
2012,5,9,8,301,15.3
2012,5,9,9,457,16.2
2012,5,9,10,568,19.3
2012,5,9,11,620,21
2012,5,9,12,608,22.2
2012,5,9,13,540,22.9
2012,5,9,14,415,23.2
2012,5,9,15,250,23
2012,5,9,16,73,22.5
2012,5,9,17,0,21.8
2012,5,9,18,0,21.1
2012,5,9,19,0,20.3
2012,5,9,20,0,19.4
2012,5,9,21,0,18.6
2012,5,9,22,0,17.8
2012,5,9,23,0,17.1
2012,5,10,0,0,16.4
2012,5,10,1,0,15.9
2012,5,10,2,0,15.5
2012,5,10,3,0,15.2
2012,5,10,4,0,14.9
2012,5,10,5,0,14.6
2012,5,10,6,0,14.7
2012,5,10,7,118,15.6
2012,5,10,8,295,16.9
2012,5,10,9,450,17.7
2012,5,10,10,562,20.6
2012,5,10,11,615,22.3
2012,5,10,12,605,23.2
2012,5,10,13,539,23.4
2012,5,10,14,412,23.1
2012,5,10,15,246,22.2
2012,5,10,16,71,21
2012,5,10,17,0,20.1
2012,5,10,18,0,19.7
2012,5,10,19,0,19.5
2012,5,10,20,0,19.3
2012,5,10,21,0,18.9
2012,5,10,22,0,18.4
2012,5,10,23,0,17.8
2012,5,11,0,0,17.2
2012,5,11,1,0,16.8
2012,5,11,2,0,16.2
2012,5,11,3,0,15.7
2012,5,11,4,0,15.2
2012,5,11,5,0,14.8
2012,5,11,6,0,14.8
2012,5,11,7,115,15.4
2012,5,11,8,19,16.5
2012,5,11,9,18,17.1
2012,5,11,10,108,19.6
2012,5,11,11,288,21.1
2012,5,11,12,473,22
2012,5,11,13,529,22.7
2012,5,11,14,406,23.2
2012,5,11,15,242,23.1
2012,5,11,16,69,22.4
2012,5,11,17,0,21.5
2012,5,11,18,0,20.6
2012,5,11,19,0,19.9
2012,5,11,20,0,19.2
2012,5,11,21,0,18.6
2012,5,11,22,0,18.2
2012,5,11,23,0,17.8
2012,5,12,0,0,17.5
2012,5,12,1,0,17.1
2012,5,12,2,0,16.7
2012,5,12,3,0,16.3
2012,5,12,4,0,16
2012,5,12,5,0,15.5
2012,5,12,6,0,15.4
2012,5,12,7,59,15.7
2012,5,12,8,164,16.3
2012,5,12,9,308,16.5
2012,5,12,10,488,17
2012,5,12,11,498,17.3
2012,5,12,12,617,17.7
2012,5,12,13,545,18
2012,5,12,14,335,18.2
2012,5,12,15,146,17.9
2012,5,12,16,35,17.3
2012,5,12,17,0,16.8
2012,5,12,18,0,16.3
2012,5,12,19,0,15.7
2012,5,12,20,0,14.8
2012,5,12,21,0,13.9
2012,5,12,22,0,13.3
2012,5,12,23,0,12.8
2012,5,13,0,0,12.4
2012,5,13,1,0,12
2012,5,13,2,0,11.7
2012,5,13,3,0,11.5
2012,5,13,4,0,11.4
2012,5,13,5,0,11.3
2012,5,13,6,0,11.6
2012,5,13,7,120,12.6
2012,5,13,8,299,13.8
2012,5,13,9,456,14.4
2012,5,13,10,561,15.9
2012,5,13,11,612,16.6
2012,5,13,12,604,16.8
2012,5,13,13,536,16.9
2012,5,13,14,411,16.7
2012,5,13,15,244,16.2
2012,5,13,16,51,15.5
2012,5,13,17,0,14.9
2012,5,13,18,0,14.5
2012,5,13,19,0,14.2
2012,5,13,20,0,13.9
2012,5,13,21,0,13.7
2012,5,13,22,0,13.4
2012,5,13,23,0,13.2
2012,5,14,0,0,12.9
2012,5,14,1,0,12.6
2012,5,14,2,0,12.3
2012,5,14,3,0,12
2012,5,14,4,0,11.6
2012,5,14,5,0,11.4
2012,5,14,6,0,11.6
2012,5,14,7,113,12.4
2012,5,14,8,291,13.5
2012,5,14,9,444,14
2012,5,14,10,556,15.1
2012,5,14,11,607,15.8
2012,5,14,12,595,16.3
2012,5,14,13,524,16.6
2012,5,14,14,399,16.6
2012,5,14,15,234,16.2
2012,5,14,16,61,15.7
2012,5,14,17,0,15.3
2012,5,14,18,0,15.1
2012,5,14,19,0,15
2012,5,14,20,0,14.9
2012,5,14,21,0,14.8
2012,5,14,22,0,14.6
2012,5,14,23,0,14.3
2012,5,15,0,0,14
2012,5,15,1,0,13.6
2012,5,15,2,0,13.3
2012,5,15,3,0,12.9
2012,5,15,4,0,12.7
2012,5,15,5,0,12.5
2012,5,15,6,0,12.6
2012,5,15,7,107,13.5
2012,5,15,8,282,14.6
2012,5,15,9,436,15.3
2012,5,15,10,545,16.6
2012,5,15,11,600,17.2
2012,5,15,12,592,17.7
2012,5,15,13,523,17.8
2012,5,15,14,398,17.8
2012,5,15,15,235,17.3
2012,5,15,16,62,16.5
2012,5,15,17,0,15.9
2012,5,15,18,0,15.7
2012,5,15,19,0,15.6
2012,5,15,20,0,15.5
2012,5,15,21,0,15.4
2012,5,15,22,0,15.3
2012,5,15,23,0,15.3
2012,5,16,0,0,15.2
2012,5,16,1,0,15.1
2012,5,16,2,0,15.1
2012,5,16,3,0,15
2012,5,16,4,0,14.9
2012,5,16,5,0,14.8
2012,5,16,6,0,14.9
2012,5,16,7,106,15.5
2012,5,16,8,280,16.1
2012,5,16,9,433,16.4
2012,5,16,10,538,17.1
2012,5,16,11,590,17.5
2012,5,16,12,582,17.7
2012,5,16,13,517,17.8
2012,5,16,14,393,17.8
2012,5,16,15,230,17.4
2012,5,16,16,60,16.7
2012,5,16,17,0,16.2
2012,5,16,18,0,16
2012,5,16,19,0,15.9
2012,5,16,20,0,16
2012,5,16,21,0,16.1
2012,5,16,22,0,16.2
2012,5,16,23,0,16.2
2012,5,17,0,0,15.8
2012,5,17,1,0,15.3
2012,5,17,2,0,14.8
2012,5,17,3,0,14.5
2012,5,17,4,0,14.2
2012,5,17,5,0,14
2012,5,17,6,0,13.9
2012,5,17,7,101,14.6
2012,5,17,8,272,15.7
2012,5,17,9,424,16.1
2012,5,17,10,533,17.2
2012,5,17,11,585,17.7
2012,5,17,12,574,18.2
2012,5,17,13,506,18.5
2012,5,17,14,381,18.4
2012,5,17,15,220,18
2012,5,17,16,56,17.2
2012,5,17,17,0,16.6
2012,5,17,18,0,16.4
2012,5,17,19,0,16.3
2012,5,17,20,0,16.3
2012,5,17,21,0,16.5
2012,5,17,22,0,16.5
2012,5,17,23,0,16.4
2012,5,18,0,0,16.2
2012,5,18,1,0,15.9
2012,5,18,2,0,15.5
2012,5,18,3,0,15
2012,5,18,4,0,14.5
2012,5,18,5,0,14
2012,5,18,6,0,13.8
2012,5,18,7,98,14.4
2012,5,18,8,269,15.5
2012,5,18,9,421,16
2012,5,18,10,529,17.7
2012,5,18,11,581,18.6
2012,5,18,12,571,19.3
2012,5,18,13,515,19.8
2012,5,18,14,391,19.9
2012,5,18,15,227,19.7
2012,5,18,16,58,19
2012,5,18,17,0,18.3
2012,5,18,18,0,17.8
2012,5,18,19,0,17.4
2012,5,18,20,0,17
2012,5,18,21,0,16.5
2012,5,18,22,0,15.8
2012,5,18,23,0,15.1
2012,5,19,0,0,14.4
2012,5,19,1,0,13.7
2012,5,19,2,0,13.1
2012,5,19,3,0,12.7
2012,5,19,4,0,12.3
2012,5,19,5,0,12.1
2012,5,19,6,0,12.2
2012,5,19,7,100,13
2012,5,19,8,274,14.1
2012,5,19,9,428,14.6
2012,5,19,10,538,16.9
2012,5,19,11,593,18.2
2012,5,19,12,585,19
2012,5,19,13,517,19.4
2012,5,19,14,310,19.4
2012,5,19,15,225,19
2012,5,19,16,55,18.5
2012,5,19,17,0,18.2
2012,5,19,18,0,18
2012,5,19,19,0,17.8
2012,5,19,20,0,17.2
2012,5,19,21,0,16.4
2012,5,19,22,0,15.7
2012,5,19,23,0,15.1
2012,5,20,0,0,14.8
2012,5,20,1,0,14.6
2012,5,20,2,0,14.5
2012,5,20,3,0,14.5
2012,5,20,4,0,14.4
2012,5,20,5,0,14.2
2012,5,20,6,0,14.2
2012,5,20,7,18,14.8
2012,5,20,8,57,15.8
2012,5,20,9,31,16.3
2012,5,20,10,204,17
2012,5,20,11,106,17.1
2012,5,20,12,206,17.2
2012,5,20,13,61,17.2
2012,5,20,14,131,16.9
2012,5,20,15,66,16.5
2012,5,20,16,14,15.8
2012,5,20,17,0,15.4
2012,5,20,18,0,15.4
2012,5,20,19,0,15.5
2012,5,20,20,0,15.7
2012,5,20,21,0,15.8
2012,5,20,22,0,15.9
2012,5,20,23,0,15.7
2012,5,21,0,0,15.5
2012,5,21,1,0,15.2
2012,5,21,2,0,14.9
2012,5,21,3,0,14.7
2012,5,21,4,0,14.5
2012,5,21,5,0,14.2
2012,5,21,6,0,14.2
2012,5,21,7,25,14.6
2012,5,21,8,255,15.2
2012,5,21,9,404,15.5
2012,5,21,10,513,16.6
2012,5,21,11,566,17.2
2012,5,21,12,558,17.7
2012,5,21,13,496,18
2012,5,21,14,374,18.1
2012,5,21,15,215,17.9
2012,5,21,16,51,17.3
2012,5,21,17,0,16.8
2012,5,21,18,0,16.6
2012,5,21,19,0,16.4
2012,5,21,20,0,16
2012,5,21,21,0,15.5
2012,5,21,22,0,14.9
2012,5,21,23,0,14.4
2012,5,22,0,0,13.9
2012,5,22,1,0,13.5
2012,5,22,2,0,13.1
2012,5,22,3,0,12.5
2012,5,22,4,0,11.8
2012,5,22,5,0,11.1
2012,5,22,6,0,10.9
2012,5,22,7,96,11.6
2012,5,22,8,272,13
2012,5,22,9,427,13.9
2012,5,22,10,538,16.7
2012,5,22,11,588,17.7
2012,5,22,12,576,18.3
2012,5,22,13,506,18.8
2012,5,22,14,384,19.1
2012,5,22,15,221,18.8
2012,5,22,16,53,18.2
2012,5,22,17,0,17.5
2012,5,22,18,0,16.8
2012,5,22,19,0,16
2012,5,22,20,0,15.3
2012,5,22,21,0,14.6
2012,5,22,22,0,13.8
2012,5,22,23,0,12.9
2012,5,23,0,0,12.2
2012,5,23,1,0,11.5
2012,5,23,2,0,11
2012,5,23,3,0,10.6
2012,5,23,4,0,10.3
2012,5,23,5,0,10.1
2012,5,23,6,0,10.1
2012,5,23,7,95,10.9
2012,5,23,8,269,12.3
2012,5,23,9,424,13.2
2012,5,23,10,533,16.5
2012,5,23,11,585,18.2
2012,5,23,12,577,19.2
2012,5,23,13,509,19.7
2012,5,23,14,386,19.9
2012,5,23,15,221,19.5
2012,5,23,16,52,18.4
2012,5,23,17,0,17.6
2012,5,23,18,0,16.9
2012,5,23,19,0,16.3
2012,5,23,20,0,15.6
2012,5,23,21,0,14.9
2012,5,23,22,0,14.1
2012,5,23,23,0,13.5
2012,5,24,0,0,13
2012,5,24,1,0,12.6
2012,5,24,2,0,12.3
2012,5,24,3,0,12
2012,5,24,4,0,11.7
2012,5,24,5,0,11.5
2012,5,24,6,0,11.6
2012,5,24,7,84,12.3
2012,5,24,8,245,13.7
2012,5,24,9,153,14.5
2012,5,24,10,72,17
2012,5,24,11,120,17.4
2012,5,24,12,107,17.1
2012,5,24,13,63,16.5
2012,5,24,14,58,16
2012,5,24,15,31,15.8
2012,5,24,16,9,15.6
2012,5,24,17,0,15.6
2012,5,24,18,0,15.8
2012,5,24,19,0,16
2012,5,24,20,0,16.3
2012,5,24,21,0,16.7
2012,5,24,22,0,17.1
2012,5,24,23,0,17.2
2012,5,25,0,0,17.3
2012,5,25,1,0,17.4
2012,5,25,2,0,17.3
2012,5,25,3,0,17
2012,5,25,4,0,16.6
2012,5,25,5,0,16
2012,5,25,6,0,15.6
2012,5,25,7,5,15.3
2012,5,25,8,9,15.2
2012,5,25,9,17,15.2
2012,5,25,10,92,15.6
2012,5,25,11,136,16
2012,5,25,12,222,16.5
2012,5,25,13,496,17.1
2012,5,25,14,373,17.3
2012,5,25,15,212,17
2012,5,25,16,48,16
2012,5,25,17,0,14.9
2012,5,25,18,0,14.1
2012,5,25,19,0,13.5
2012,5,25,20,0,13.2
2012,5,25,21,0,12.9
2012,5,25,22,0,12.7
2012,5,25,23,0,12.5
2012,5,26,0,0,12.3
2012,5,26,1,0,12.1
2012,5,26,2,0,11.9
2012,5,26,3,0,11.6
2012,5,26,4,0,11.4
2012,5,26,5,0,11.3
2012,5,26,6,0,11.6
2012,5,26,7,89,12.3
2012,5,26,8,259,13.3
2012,5,26,9,410,13.7
2012,5,26,10,514,15.2
2012,5,26,11,566,16.1
2012,5,26,12,558,16.7
2012,5,26,13,492,17
2012,5,26,14,296,16.9
2012,5,26,15,213,16.3
2012,5,26,16,48,15.3
2012,5,26,17,0,14.5
2012,5,26,18,0,13.9
2012,5,26,19,0,13.5
2012,5,26,20,0,13.3
2012,5,26,21,0,13.2
2012,5,26,22,0,13.1
2012,5,26,23,0,13.1
2012,5,27,0,0,13.1
2012,5,27,1,0,13
2012,5,27,2,0,13
2012,5,27,3,0,13.1
2012,5,27,4,0,13.1
2012,5,27,5,0,13.1
2012,5,27,6,0,13.2
2012,5,27,7,5,13.9
2012,5,27,8,250,14.9
2012,5,27,9,398,15.4
2012,5,27,10,500,16.3
2012,5,27,11,551,16.5
2012,5,27,12,543,16.6
2012,5,27,13,478,16.5
2012,5,27,14,359,16.3
2012,5,27,15,202,15.8
2012,5,27,16,3,15.3
2012,5,27,17,0,15
2012,5,27,18,0,15
2012,5,27,19,0,15
2012,5,27,20,0,15
2012,5,27,21,0,15
2012,5,27,22,0,15
2012,5,27,23,0,14.8
2012,5,28,0,0,14.7
2012,5,28,1,0,14.4
2012,5,28,2,0,14.1
2012,5,28,3,0,13.9
2012,5,28,4,0,13.7
2012,5,28,5,0,13.4
2012,5,28,6,0,13.4
2012,5,28,7,81,14
2012,5,28,8,246,15
2012,5,28,9,395,15.4
2012,5,28,10,501,16.3
2012,5,28,11,554,16.7
2012,5,28,12,546,17
2012,5,28,13,481,17.1
2012,5,28,14,361,17
2012,5,28,15,203,16.6
2012,5,28,16,43,15.9
2012,5,28,17,0,15.4
2012,5,28,18,0,15.3
2012,5,28,19,0,15.2
2012,5,28,20,0,14.9
2012,5,28,21,0,14.7
2012,5,28,22,0,14.6
2012,5,28,23,0,14.6
2012,5,29,0,0,14.6
2012,5,29,1,0,14.6
2012,5,29,2,0,14.5
2012,5,29,3,0,14.5
2012,5,29,4,0,14.6
2012,5,29,5,0,14.7
2012,5,29,6,0,14.9
2012,5,29,7,5,15.3
2012,5,29,8,16,15.7
2012,5,29,9,28,15.9
2012,5,29,10,491,16.6
2012,5,29,11,540,16.9
2012,5,29,12,164,17.1
2012,5,29,13,467,17.1
2012,5,29,14,64,17
2012,5,29,15,197,16.7
2012,5,29,16,41,16.2
2012,5,29,17,0,16
2012,5,29,18,0,15.9
2012,5,29,19,0,15.8
2012,5,29,20,0,15.8
2012,5,29,21,0,15.7
2012,5,29,22,0,15.5
2012,5,29,23,0,15.3
2012,5,30,0,0,15.2
2012,5,30,1,0,15.1
2012,5,30,2,0,15
2012,5,30,3,0,14.9
2012,5,30,4,0,14.8
2012,5,30,5,0,14.8
2012,5,30,6,0,14.9
2012,5,30,7,77,15.4
2012,5,30,8,99,16
2012,5,30,9,258,16.2
2012,5,30,10,486,17
2012,5,30,11,539,17.3
2012,5,30,12,533,17.4
2012,5,30,13,471,17.3
2012,5,30,14,354,17.1
2012,5,30,15,199,16.7
2012,5,30,16,21,16
2012,5,30,17,0,15.6
2012,5,30,18,0,15.5
2012,5,30,19,0,15.4
2012,5,30,20,0,15.3
2012,5,30,21,0,15.3
2012,5,30,22,0,15.2
2012,5,30,23,0,15.1
2012,5,31,0,0,14.8
2012,5,31,1,0,14.5
2012,5,31,2,0,14.4
2012,5,31,3,0,14.3
2012,5,31,4,0,14.3
2012,5,31,5,0,14.2
2012,5,31,6,0,14.4
2012,5,31,7,23,15.1
2012,5,31,8,85,16
2012,5,31,9,162,16.4
2012,5,31,10,333,17.3
2012,5,31,11,301,17.8
2012,5,31,12,301,17.9
2012,5,31,13,457,17.9
2012,5,31,14,153,17.7
2012,5,31,15,75,17.4
2012,5,31,16,13,17
2012,5,31,17,0,16.7
2012,5,31,18,0,16.6
2012,5,31,19,0,16.5
2012,5,31,20,0,16.5
2012,5,31,21,0,16.5
2012,5,31,22,0,16.1
2012,5,31,23,0,15.6
2012,6,1,0,0,15.1
2012,6,1,1,0,14.8
2012,6,1,2,0,14.6
2012,6,1,3,0,14.4
2012,6,1,4,0,14.2
2012,6,1,5,0,14.2
2012,6,1,6,0,14.3
2012,6,1,7,45,14.6
2012,6,1,8,118,15.4
2012,6,1,9,264,15.9
2012,6,1,10,310,16.8
2012,6,1,11,384,17
2012,6,1,12,313,17.1
2012,6,1,13,353,17.1
2012,6,1,14,209,17.1
2012,6,1,15,138,17
2012,6,1,16,27,16.9
2012,6,1,17,0,16.8
2012,6,1,18,0,16.8
2012,6,1,19,0,16.8
2012,6,1,20,0,16.6
2012,6,1,21,0,16.5
2012,6,1,22,0,16.4
2012,6,1,23,0,16.3
2012,6,2,0,0,16.2
2012,6,2,1,0,15.9
2012,6,2,2,0,15.7
2012,6,2,3,0,15.7
2012,6,2,4,0,15.8
2012,6,2,5,0,16
2012,6,2,6,0,16.2
2012,6,2,7,27,16.5
2012,6,2,8,89,17
2012,6,2,9,124,17.3
2012,6,2,10,22,17.3
2012,6,2,11,123,17.3
2012,6,2,12,100,17.3
2012,6,2,13,98,17.3
2012,6,2,14,73,16.9
2012,6,2,15,38,16.5
2012,6,2,16,10,16.1
2012,6,2,17,0,15.9
2012,6,2,18,0,15.9
2012,6,2,19,0,15.9
2012,6,2,20,0,15.9
2012,6,2,21,0,16
2012,6,2,22,0,16
2012,6,2,23,0,16.1
2012,6,3,0,0,16
2012,6,3,1,0,15.9
2012,6,3,2,0,15.7
2012,6,3,3,0,15.6
2012,6,3,4,0,15.4
2012,6,3,5,0,15.3
2012,6,3,6,0,15.3
2012,6,3,7,4,15.7
2012,6,3,8,8,16
2012,6,3,9,14,16.1
2012,6,3,10,43,15.8
2012,6,3,11,55,15.6
2012,6,3,12,23,15.5
2012,6,3,13,18,15.5
2012,6,3,14,156,15.5
2012,6,3,15,79,15.4
2012,6,3,16,17,15.4
2012,6,3,17,0,15.5
2012,6,3,18,0,15.6
2012,6,3,19,0,15.5
2012,6,3,20,0,15.2
2012,6,3,21,0,14.8
2012,6,3,22,0,14.7
2012,6,3,23,0,14.4
2012,6,4,0,0,14.2
2012,6,4,1,0,13.9
2012,6,4,2,0,13.7
2012,6,4,3,0,13.5
2012,6,4,4,0,13.4
2012,6,4,5,0,13.2
2012,6,4,6,0,13.1
2012,6,4,7,5,13.5
2012,6,4,8,188,14.2
2012,6,4,9,371,14.7
2012,6,4,10,475,16.4
2012,6,4,11,527,17.3
2012,6,4,12,521,17.9
2012,6,4,13,34,18.2
2012,6,4,14,203,18
2012,6,4,15,190,17.4
2012,6,4,16,38,16.3
2012,6,4,17,0,15.1
2012,6,4,18,0,14.1
2012,6,4,19,0,13.5
2012,6,4,20,0,13.1
2012,6,4,21,0,12.7
2012,6,4,22,0,12.2
2012,6,4,23,0,11.8
2012,6,5,0,0,11.6
2012,6,5,1,0,11.4
2012,6,5,2,0,11.3
2012,6,5,3,0,11.2
2012,6,5,4,0,11.2
2012,6,5,5,0,11.2
2012,6,5,6,0,11.4
2012,6,5,7,41,11.9
2012,6,5,8,156,12.5
2012,6,5,9,234,12.9
2012,6,5,10,477,13.8
2012,6,5,11,523,14.1
2012,6,5,12,144,13.9
2012,6,5,13,75,13.7
2012,6,5,14,48,13.9
2012,6,5,15,25,14.4
2012,6,5,16,5,14.7
2012,6,5,17,0,14.7
2012,6,5,18,0,14.8
2012,6,5,19,0,15
2012,6,5,20,0,15.1
2012,6,5,21,0,15.1
2012,6,5,22,0,15
2012,6,5,23,0,14.9
2012,6,6,0,0,14.9
2012,6,6,1,0,14.9
2012,6,6,2,0,14.9
2012,6,6,3,0,14.8
2012,6,6,4,0,14.7
2012,6,6,5,0,14.7
2012,6,6,6,0,14.7
2012,6,6,7,47,14.8
2012,6,6,8,193,15
2012,6,6,9,279,15.2
2012,6,6,10,347,15.5
2012,6,6,11,163,15.6
2012,6,6,12,391,15.6
2012,6,6,13,450,15.6
2012,6,6,14,95,15.4
2012,6,6,15,46,15.2
2012,6,6,16,9,14.9
2012,6,6,17,0,14.7
2012,6,6,18,0,14.5
2012,6,6,19,0,14.3
2012,6,6,20,0,14
2012,6,6,21,0,13.7
2012,6,6,22,0,13.4
2012,6,6,23,0,13.2
2012,6,7,0,0,13.2
2012,6,7,1,0,13.3
2012,6,7,2,0,13.3
2012,6,7,3,0,13.3
2012,6,7,4,0,13.1
2012,6,7,5,0,13
2012,6,7,6,0,12.9
2012,6,7,7,34,13
2012,6,7,8,135,13.3
2012,6,7,9,359,13.4
2012,6,7,10,470,13.9
2012,6,7,11,525,14.2
2012,6,7,12,521,14.6
2012,6,7,13,461,14.9
2012,6,7,14,345,14.9
2012,6,7,15,194,14.6
2012,6,7,16,39,14
2012,6,7,17,0,13.8
2012,6,7,18,0,13.8
2012,6,7,19,0,13.8
2012,6,7,20,0,13.5
2012,6,7,21,0,12.9
2012,6,7,22,0,12.4
2012,6,7,23,0,12.1
2012,6,8,0,0,11.9
2012,6,8,1,0,11.5
2012,6,8,2,0,11.1
2012,6,8,3,0,10.8
2012,6,8,4,0,10.5
2012,6,8,5,0,10.3
2012,6,8,6,0,10.4
2012,6,8,7,66,11.1
2012,6,8,8,228,12.3
2012,6,8,9,378,12.8
2012,6,8,10,485,14.2
2012,6,8,11,538,14.8
2012,6,8,12,532,15.1
2012,6,8,13,468,15.2
2012,6,8,14,351,15.1
2012,6,8,15,196,14.5
2012,6,8,16,38,13.8
2012,6,8,17,0,13.4
2012,6,8,18,0,13.3
2012,6,8,19,0,13.4
2012,6,8,20,0,13.5
2012,6,8,21,0,13.4
2012,6,8,22,0,13.1
2012,6,8,23,0,12.7
2012,6,9,0,0,12.2
2012,6,9,1,0,11.7
2012,6,9,2,0,11.3
2012,6,9,3,0,11.1
2012,6,9,4,0,10.9
2012,6,9,5,0,10.8
2012,6,9,6,0,10.9
2012,6,9,7,14,11.6
2012,6,9,8,221,12.8
2012,6,9,9,369,13.4
2012,6,9,10,475,14.7
2012,6,9,11,528,15.3
2012,6,9,12,523,15.7
2012,6,9,13,461,15.9
2012,6,9,14,345,15.8
2012,6,9,15,193,15.4
2012,6,9,16,39,14.9
2012,6,9,17,0,14.6
2012,6,9,18,0,14.5
2012,6,9,19,0,14.6
2012,6,9,20,0,14.7
2012,6,9,21,0,14.7
2012,6,9,22,0,14.6
2012,6,9,23,0,14.3
2012,6,10,0,0,13.8
2012,6,10,1,0,13.1
2012,6,10,2,0,12.7
2012,6,10,3,0,12.5
2012,6,10,4,0,12.3
2012,6,10,5,0,12.4
2012,6,10,6,0,12.6
2012,6,10,7,14,13
2012,6,10,8,54,13.6
2012,6,10,9,226,13.9
2012,6,10,10,87,14.3
2012,6,10,11,103,14.5
2012,6,10,12,238,14.6
2012,6,10,13,99,14.7
2012,6,10,14,14,14.6
2012,6,10,15,8,14.3
2012,6,10,16,11,14.1
2012,6,10,17,0,14
2012,6,10,18,0,14.1
2012,6,10,19,0,14
2012,6,10,20,0,14
2012,6,10,21,0,14
2012,6,10,22,0,14
2012,6,10,23,0,14
2012,6,11,0,0,13.9
2012,6,11,1,0,13.8
2012,6,11,2,0,13.7
2012,6,11,3,0,13.7
2012,6,11,4,0,13.7
2012,6,11,5,0,13.8
2012,6,11,6,0,14
2012,6,11,7,12,14.3
2012,6,11,8,37,14.7
2012,6,11,9,90,14.9
2012,6,11,10,19,15.3
2012,6,11,11,29,15.5
2012,6,11,12,38,15.5
2012,6,11,13,51,15.5
2012,6,11,14,56,15.4
2012,6,11,15,29,15.2
2012,6,11,16,8,15
2012,6,11,17,0,14.9
2012,6,11,18,0,14.9
2012,6,11,19,0,15
2012,6,11,20,0,15
2012,6,11,21,0,15.1
2012,6,11,22,0,15.2
2012,6,11,23,0,15.3
2012,6,12,0,0,15.4
2012,6,12,1,0,15.4
2012,6,12,2,0,15.3
2012,6,12,3,0,15.3
2012,6,12,4,0,15.4
2012,6,12,5,0,15.6
2012,6,12,6,0,15.7
2012,6,12,7,14,16
2012,6,12,8,44,16.5
2012,6,12,9,59,16.8
2012,6,12,10,287,17.1
2012,6,12,11,511,17.3
2012,6,12,12,117,17.3
2012,6,12,13,450,17.2
2012,6,12,14,250,16.9
2012,6,12,15,131,16.3
2012,6,12,16,22,15.7
2012,6,12,17,0,15.4
2012,6,12,18,0,15.4
2012,6,12,19,0,15.5
2012,6,12,20,0,15.5
2012,6,12,21,0,15.4
2012,6,12,22,0,15.4
2012,6,12,23,0,15.5
2012,6,13,0,0,15.5
2012,6,13,1,0,15.6
2012,6,13,2,0,15.6
2012,6,13,3,0,15.6
2012,6,13,4,0,15.6
2012,6,13,5,0,15.6
2012,6,13,6,0,15.7
2012,6,13,7,4,15.9
2012,6,13,8,14,16.2
2012,6,13,9,257,16.3
2012,6,13,10,56,16.6
2012,6,13,11,56,16.7
2012,6,13,12,96,16.8
2012,6,13,13,277,16.8
2012,6,13,14,334,16.6
2012,6,13,15,97,16.1
2012,6,13,16,16,15.6
2012,6,13,17,0,15.3
2012,6,13,18,0,15.1
2012,6,13,19,0,15.1
2012,6,13,20,0,15.2
2012,6,13,21,0,15.2
2012,6,13,22,0,15.3
2012,6,13,23,0,15.3
2012,6,14,0,0,15.2
2012,6,14,1,0,15.1
2012,6,14,2,0,15
2012,6,14,3,0,14.9
2012,6,14,4,0,14.7
2012,6,14,5,0,14.7
2012,6,14,6,0,14.7
2012,6,14,7,8,14.9
2012,6,14,8,29,15.4
2012,6,14,9,277,15.7
2012,6,14,10,458,16.3
2012,6,14,11,512,16.6
2012,6,14,12,508,17
2012,6,14,13,264,17.2
2012,6,14,14,261,17.2
2012,6,14,15,186,16.8
2012,6,14,16,36,16.2
2012,6,14,17,0,15.8
2012,6,14,18,0,15.5
2012,6,14,19,0,15.2
2012,6,14,20,0,15
2012,6,14,21,0,14.9
2012,6,14,22,0,14.7
2012,6,14,23,0,14.3
2012,6,15,0,0,13.9
2012,6,15,1,0,13.5
2012,6,15,2,0,13.2
2012,6,15,3,0,13
2012,6,15,4,0,13
2012,6,15,5,0,12.9
2012,6,15,6,0,13
2012,6,15,7,27,13.3
2012,6,15,8,13,14.1
2012,6,15,9,195,14.5
2012,6,15,10,284,16.1
2012,6,15,11,336,17.1
2012,6,15,12,265,17.9
2012,6,15,13,160,18.4
2012,6,15,14,280,18.6
2012,6,15,15,104,18.2
2012,6,15,16,36,17.4
2012,6,15,17,0,16.9
2012,6,15,18,0,16.5
2012,6,15,19,0,16.1
2012,6,15,20,0,15.8
2012,6,15,21,0,15.4
2012,6,15,22,0,15
2012,6,15,23,0,14.6
2012,6,16,0,0,14.3
2012,6,16,1,0,14.2
2012,6,16,2,0,14.2
2012,6,16,3,0,14.3
2012,6,16,4,0,14.3
2012,6,16,5,0,14.2
2012,6,16,6,0,14
2012,6,16,7,4,13.9
2012,6,16,8,8,14
2012,6,16,9,13,14
2012,6,16,10,26,14.8
2012,6,16,11,212,15.1
2012,6,16,12,54,14.6
2012,6,16,13,67,13.9
2012,6,16,14,102,13.9
2012,6,16,15,52,14.1
2012,6,16,16,12,14.3
2012,6,16,17,0,14.5
2012,6,16,18,0,14.5
2012,6,16,19,0,14.3
2012,6,16,20,0,13.9
2012,6,16,21,0,13.4
2012,6,16,22,0,12.9
2012,6,16,23,0,12.4
2012,6,17,0,0,12
2012,6,17,1,0,11.8
2012,6,17,2,0,11.7
2012,6,17,3,0,11.6
2012,6,17,4,0,11.7
2012,6,17,5,0,11.7
2012,6,17,6,0,11.8
2012,6,17,7,55,12.4
2012,6,17,8,213,13.5
2012,6,17,9,361,14
2012,6,17,10,470,15.7
2012,6,17,11,524,16.5
2012,6,17,12,519,17
2012,6,17,13,458,17.2
2012,6,17,14,345,17.1
2012,6,17,15,194,16.4
2012,6,17,16,39,15.5
2012,6,17,17,0,14.9
2012,6,17,18,0,14.5
2012,6,17,19,0,14.1
2012,6,17,20,0,13.9
2012,6,17,21,0,13.7
2012,6,17,22,0,13.6
2012,6,17,23,0,13.5
2012,6,18,0,0,13.3
2012,6,18,1,0,13.1
2012,6,18,2,0,12.9
2012,6,18,3,0,12.8
2012,6,18,4,0,12.7
2012,6,18,5,0,12.7
2012,6,18,6,0,12.7
2012,6,18,7,58,13.2
2012,6,18,8,219,14.1
2012,6,18,9,368,14.5
2012,6,18,10,475,15.7
2012,6,18,11,533,16.2
2012,6,18,12,529,16.5
2012,6,18,13,467,16.7
2012,6,18,14,352,16.6
2012,6,18,15,197,16.2
2012,6,18,16,40,15.6
2012,6,18,17,0,15.1
2012,6,18,18,0,14.5
2012,6,18,19,0,13.5
2012,6,18,20,0,12.4
2012,6,18,21,0,11.8
2012,6,18,22,0,11.3
2012,6,18,23,0,11
2012,6,19,0,0,10.8
2012,6,19,1,0,10.6
2012,6,19,2,0,10.5
2012,6,19,3,0,10.5
2012,6,19,4,0,10.5
2012,6,19,5,0,10.5
2012,6,19,6,0,10.7
2012,6,19,7,56,11.5
2012,6,19,8,215,12.9
2012,6,19,9,362,13.7
2012,6,19,10,471,16
2012,6,19,11,528,16.9
2012,6,19,12,524,17.3
2012,6,19,13,462,17.3
2012,6,19,14,346,17
2012,6,19,15,129,16.3
2012,6,19,16,22,15.4
2012,6,19,17,0,14.9
2012,6,19,18,0,14.5
2012,6,19,19,0,14.1
2012,6,19,20,0,13.6
2012,6,19,21,0,13.1
2012,6,19,22,0,12.7
2012,6,19,23,0,12.3
2012,6,20,0,0,12
2012,6,20,1,0,11.6
2012,6,20,2,0,11.3
2012,6,20,3,0,11
2012,6,20,4,0,10.7
2012,6,20,5,0,10.4
2012,6,20,6,0,10.1
2012,6,20,7,32,10.5
2012,6,20,8,145,11.3
2012,6,20,9,365,11.6
2012,6,20,10,474,13
2012,6,20,11,404,13.8
2012,6,20,12,526,14.5
2012,6,20,13,469,14.9
2012,6,20,14,353,15.1
2012,6,20,15,198,14.8
2012,6,20,16,40,14
2012,6,20,17,0,13.5
2012,6,20,18,0,13.1
2012,6,20,19,0,12.7
2012,6,20,20,0,12.2
2012,6,20,21,0,11.5
2012,6,20,22,0,10.8
2012,6,20,23,0,10.2
2012,6,21,0,0,9.7
2012,6,21,1,0,9.5
2012,6,21,2,0,9.4
2012,6,21,3,0,9.4
2012,6,21,4,0,9.5
2012,6,21,5,0,9.5
2012,6,21,6,0,9.5
2012,6,21,7,16,10
2012,6,21,8,57,11.2
2012,6,21,9,107,11.8
2012,6,21,10,190,13.7
2012,6,21,11,252,14.6
2012,6,21,12,200,15.2
2012,6,21,13,338,15.7
2012,6,21,14,184,15.9
2012,6,21,15,94,15.8
2012,6,21,16,39,15.5
2012,6,21,17,0,15.3
2012,6,21,18,0,15.1
2012,6,21,19,0,14.7
2012,6,21,20,0,14.2
2012,6,21,21,0,13.9
2012,6,21,22,0,13.8
2012,6,21,23,0,13.8
2012,6,22,0,0,13.9
2012,6,22,1,0,13.9
2012,6,22,2,0,14
2012,6,22,3,0,14.1
2012,6,22,4,0,14.2
2012,6,22,5,0,14.4
2012,6,22,6,0,14.5
2012,6,22,7,4,14.8
2012,6,22,8,8,15.2
2012,6,22,9,13,15.4
2012,6,22,10,93,15.9
2012,6,22,11,114,16.1
2012,6,22,12,67,16.2
2012,6,22,13,328,16
2012,6,22,14,241,15.7
2012,6,22,15,128,15
2012,6,22,16,39,14.2
2012,6,22,17,0,13.6
2012,6,22,18,0,13.1
2012,6,22,19,0,12.7
2012,6,22,20,0,12.4
2012,6,22,21,0,12
2012,6,22,22,0,11.8
2012,6,22,23,0,11.5
2012,6,23,0,0,11.3
2012,6,23,1,0,11.1
2012,6,23,2,0,11
2012,6,23,3,0,10.7
2012,6,23,4,0,10.4
2012,6,23,5,0,10.2
2012,6,23,6,0,10.1
2012,6,23,7,31,10.7
2012,6,23,8,142,11.6
2012,6,23,9,365,12
2012,6,23,10,476,13.3
2012,6,23,11,532,13.9
2012,6,23,12,528,14.4
2012,6,23,13,468,14.7
2012,6,23,14,353,14.8
2012,6,23,15,200,14.4
2012,6,23,16,3,13.7
2012,6,23,17,0,13.1
2012,6,23,18,0,12.4
2012,6,23,19,0,11.6
2012,6,23,20,0,10.9
2012,6,23,21,0,10.3
2012,6,23,22,0,9.8
2012,6,23,23,0,9.4
2012,6,24,0,0,9.2
2012,6,24,1,0,9.1
2012,6,24,2,0,9.1
2012,6,24,3,0,9.1
2012,6,24,4,0,9.1
2012,6,24,5,0,9.1
2012,6,24,6,0,9.2
2012,6,24,7,4,10
2012,6,24,8,217,11.3
2012,6,24,9,366,11.9
2012,6,24,10,475,13.8
2012,6,24,11,531,14.8
2012,6,24,12,528,15.6
2012,6,24,13,468,16.1
2012,6,24,14,354,16.2
2012,6,24,15,201,15.7
2012,6,24,16,44,14.9
2012,6,24,17,0,14.2
2012,6,24,18,0,13.5
2012,6,24,19,0,12.9
2012,6,24,20,0,12.3
2012,6,24,21,0,11.9
2012,6,24,22,0,11.5
2012,6,24,23,0,11.3
2012,6,25,0,0,11.1
2012,6,25,1,0,10.9
2012,6,25,2,0,10.6
2012,6,25,3,0,10.2
2012,6,25,4,0,9.8
2012,6,25,5,0,9.5
2012,6,25,6,0,9.3
2012,6,25,7,4,9.8
2012,6,25,8,214,10.9
2012,6,25,9,365,11.6
2012,6,25,10,474,13.9
2012,6,25,11,530,15.2
2012,6,25,12,528,16.1
2012,6,25,13,468,16.8
2012,6,25,14,354,17.1
2012,6,25,15,201,16.6
2012,6,25,16,44,15.6
2012,6,25,17,0,14.8
2012,6,25,18,0,14.2
2012,6,25,19,0,13.7
2012,6,25,20,0,13.2
2012,6,25,21,0,12.8
2012,6,25,22,0,12.7
2012,6,25,23,0,12.8
2012,6,26,0,0,13
2012,6,26,1,0,13.1
2012,6,26,2,0,13.3
2012,6,26,3,0,13.4
2012,6,26,4,0,13.5
2012,6,26,5,0,13.5
2012,6,26,6,0,13.6
2012,6,26,7,4,13.8
2012,6,26,8,13,14.2
2012,6,26,9,25,14.3
2012,6,26,10,36,14.5
2012,6,26,11,40,14.5
2012,6,26,12,85,14.5
2012,6,26,13,35,14.5
2012,6,26,14,70,14.4
2012,6,26,15,35,14
2012,6,26,16,7,13.6
2012,6,26,17,0,13.4
2012,6,26,18,0,13.3
2012,6,26,19,0,13.2
2012,6,26,20,0,13.1
2012,6,26,21,0,13
2012,6,26,22,0,13.1
2012,6,26,23,0,13.2
2012,6,27,0,0,13.2
2012,6,27,1,0,13.2
2012,6,27,2,0,13.1
2012,6,27,3,0,12.9
2012,6,27,4,0,12.7
2012,6,27,5,0,12.5
2012,6,27,6,0,12.6
2012,6,27,7,48,13.1
2012,6,27,8,201,13.9
2012,6,27,9,114,14.2
2012,6,27,10,173,14.6
2012,6,27,11,515,15
2012,6,27,12,513,15.2
2012,6,27,13,454,15.2
2012,6,27,14,216,15.1
2012,6,27,15,111,14.8
2012,6,27,16,20,14.4
2012,6,27,17,0,14.2
2012,6,27,18,0,14.1
2012,6,27,19,0,14.1
2012,6,27,20,0,14
2012,6,27,21,0,14
2012,6,27,22,0,13.9
2012,6,27,23,0,14
2012,6,28,0,0,14
2012,6,28,1,0,13.9
2012,6,28,2,0,13.8
2012,6,28,3,0,13.6
2012,6,28,4,0,13.4
2012,6,28,5,0,13.3
2012,6,28,6,0,13.4
2012,6,28,7,13,13.9
2012,6,28,8,60,14.8
2012,6,28,9,118,15.2
2012,6,28,10,459,15.6
2012,6,28,11,256,15.9
2012,6,28,12,512,15.9
2012,6,28,13,263,15.9
2012,6,28,14,336,15.8
2012,6,28,15,189,15.3
2012,6,28,16,18,14.7
2012,6,28,17,0,14.4
2012,6,28,18,0,14.3
2012,6,28,19,0,14.3
2012,6,28,20,0,14.2
2012,6,28,21,0,14.1
2012,6,28,22,0,14.2
2012,6,28,23,0,14.2
2012,6,29,0,0,14.1
2012,6,29,1,0,13.9
2012,6,29,2,0,13.8
2012,6,29,3,0,13.8
2012,6,29,4,0,13.8
2012,6,29,5,0,13.8
2012,6,29,6,0,13.8
2012,6,29,7,24,14.1
2012,6,29,8,116,14.6
2012,6,29,9,219,14.8
2012,6,29,10,343,15.3
2012,6,29,11,503,15.7
2012,6,29,12,501,16.1
2012,6,29,13,371,16.5
2012,6,29,14,233,16.8
2012,6,29,15,125,16.6
2012,6,29,16,21,16
2012,6,29,17,0,15.6
2012,6,29,18,0,15.2
2012,6,29,19,0,14.9
2012,6,29,20,0,14.5
2012,6,29,21,0,14.1
2012,6,29,22,0,13.7
2012,6,29,23,0,13.3
2012,6,30,0,0,12.9
2012,6,30,1,0,12.6
2012,6,30,2,0,12.2
2012,6,30,3,0,11.9
2012,6,30,4,0,11.7
2012,6,30,5,0,11.5
2012,6,30,6,0,11.5
2012,6,30,7,50,12.1
2012,6,30,8,207,13.2
2012,6,30,9,358,13.8
2012,6,30,10,467,15.9
2012,6,30,11,524,16.7
2012,6,30,12,522,17.1
2012,6,30,13,92,17.3
2012,6,30,14,242,17.2
2012,6,30,15,200,16.9
2012,6,30,16,27,16.5
2012,6,30,17,0,16
2012,6,30,18,0,15.3
2012,6,30,19,0,14.5
2012,6,30,20,0,13.9
2012,6,30,21,0,13.4
2012,6,30,22,0,13.1
2012,6,30,23,0,12.6
2012,7,1,0,0,12.2
2012,7,1,1,0,12
2012,7,1,2,0,11.7
2012,7,1,3,0,11.3
2012,7,1,4,0,10.8
2012,7,1,5,0,10.5
2012,7,1,6,0,10.4
2012,7,1,7,30,10.8
2012,7,1,8,127,11.8
2012,7,1,9,235,12.3
2012,7,1,10,477,13.6
2012,7,1,11,29,14.1
2012,7,1,12,535,14.4
2012,7,1,13,474,14.6
2012,7,1,14,184,14.6
2012,7,1,15,206,14.2
2012,7,1,16,47,13.4
2012,7,1,17,0,12.7
2012,7,1,18,0,12
2012,7,1,19,0,11.4
2012,7,1,20,0,10.9
2012,7,1,21,0,10.5
2012,7,1,22,0,10.2
2012,7,1,23,0,10
2012,7,2,0,0,9.9
2012,7,2,1,0,9.8
2012,7,2,2,0,9.8
2012,7,2,3,0,9.8
2012,7,2,4,0,9.8
2012,7,2,5,0,9.8
2012,7,2,6,0,10.1
2012,7,2,7,25,11
2012,7,2,8,213,12.1
2012,7,2,9,363,12.6
2012,7,2,10,474,13.6
2012,7,2,11,532,14.1
2012,7,2,12,356,14.5
2012,7,2,13,132,14.8
2012,7,2,14,359,14.8
2012,7,2,15,47,14.4
2012,7,2,16,49,13.8
2012,7,2,17,0,13.3
2012,7,2,18,0,12.8
2012,7,2,19,0,12.2
2012,7,2,20,0,11.7
2012,7,2,21,0,11.3
2012,7,2,22,0,11.1
2012,7,2,23,0,10.8
2012,7,3,0,0,10.7
2012,7,3,1,0,10.6
2012,7,3,2,0,10.5
2012,7,3,3,0,10.2
2012,7,3,4,0,10
2012,7,3,5,0,9.8
2012,7,3,6,0,9.8
2012,7,3,7,28,10.3
2012,7,3,8,213,11.4
2012,7,3,9,364,11.9
2012,7,3,10,477,13.3
2012,7,3,11,535,13.9
2012,7,3,12,535,14.2
2012,7,3,13,475,14.4
2012,7,3,14,249,14.4
2012,7,3,15,210,14
2012,7,3,16,27,13.3
2012,7,3,17,0,12.8
2012,7,3,18,0,12.6
2012,7,3,19,0,12.4
2012,7,3,20,0,12
2012,7,3,21,0,11.6
2012,7,3,22,0,11.4
2012,7,3,23,0,11.1
2012,7,4,0,0,10.9
2012,7,4,1,0,10.8
2012,7,4,2,0,10.6
2012,7,4,3,0,10.5
2012,7,4,4,0,10.4
2012,7,4,5,0,10.4
2012,7,4,6,0,10.4
2012,7,4,7,48,10.9
2012,7,4,8,133,11.8
2012,7,4,9,247,12.2
2012,7,4,10,289,13.4
2012,7,4,11,523,14.1
2012,7,4,12,310,14.5
2012,7,4,13,278,14.6
2012,7,4,14,113,14.5
2012,7,4,15,57,14.2
2012,7,4,16,12,13.7
2012,7,4,17,0,13.4
2012,7,4,18,0,13.3
2012,7,4,19,0,13.3
2012,7,4,20,0,13.2
2012,7,4,21,0,13.3
2012,7,4,22,0,13.3
2012,7,4,23,0,13.2
2012,7,5,0,0,13
2012,7,5,1,0,12.8
2012,7,5,2,0,12.6
2012,7,5,3,0,12.4
2012,7,5,4,0,12.3
2012,7,5,5,0,12.4
2012,7,5,6,0,12.5
2012,7,5,7,28,12.8
2012,7,5,8,134,13.3
2012,7,5,9,100,13.6
2012,7,5,10,188,14.3
2012,7,5,11,402,14.5
2012,7,5,12,387,14.6
2012,7,5,13,344,14.6
2012,7,5,14,241,14.3
2012,7,5,15,131,13.9
2012,7,5,16,28,13.2
2012,7,5,17,0,12.7
2012,7,5,18,0,12.4
2012,7,5,19,0,12.3
2012,7,5,20,0,12.3
2012,7,5,21,0,12.3
2012,7,5,22,0,12.3
2012,7,5,23,0,12.3
2012,7,6,0,0,12.2
2012,7,6,1,0,12.1
2012,7,6,2,0,12
2012,7,6,3,0,12
2012,7,6,4,0,12
2012,7,6,5,0,12
2012,7,6,6,0,12.1
2012,7,6,7,4,12.6
2012,7,6,8,207,13.2
2012,7,6,9,357,13.4
2012,7,6,10,41,13.8
2012,7,6,11,284,13.9
2012,7,6,12,524,14
2012,7,6,13,469,14.1
2012,7,6,14,359,14.1
2012,7,6,15,210,13.8
2012,7,6,16,52,13.3
2012,7,6,17,0,13
2012,7,6,18,0,12.9
2012,7,6,19,0,12.8
2012,7,6,20,0,12.5
2012,7,6,21,0,12.2
2012,7,6,22,0,12
2012,7,6,23,0,11.8
2012,7,7,0,0,11.7
2012,7,7,1,0,11.7
2012,7,7,2,0,11.8
2012,7,7,3,0,11.9
2012,7,7,4,0,12
2012,7,7,5,0,12.1
2012,7,7,6,0,12.2
2012,7,7,7,4,12.5
2012,7,7,8,14,13.1
2012,7,7,9,28,13.3
2012,7,7,10,151,14
2012,7,7,11,315,14.3
2012,7,7,12,154,14.6
2012,7,7,13,127,14.7
2012,7,7,14,259,14.6
2012,7,7,15,141,14.3
2012,7,7,16,31,13.8
2012,7,7,17,0,13.6
2012,7,7,18,0,13.5
2012,7,7,19,0,13.6
2012,7,7,20,0,13.7
2012,7,7,21,0,13.8
2012,7,7,22,0,13.8
2012,7,7,23,0,13.8
2012,7,8,0,0,13.6
2012,7,8,1,0,13.3
2012,7,8,2,0,12.9
2012,7,8,3,0,12.5
2012,7,8,4,0,12.2
2012,7,8,5,0,11.8
2012,7,8,6,0,11.6
2012,7,8,7,31,12.1
2012,7,8,8,216,13.2
2012,7,8,9,367,13.8
2012,7,8,10,479,15
2012,7,8,11,538,15.7
2012,7,8,12,537,16
2012,7,8,13,481,16.2
2012,7,8,14,369,16.1
2012,7,8,15,217,15.6
2012,7,8,16,56,14.7
2012,7,8,17,0,14
2012,7,8,18,0,13.8
2012,7,8,19,0,13.7
2012,7,8,20,0,13.7
2012,7,8,21,0,13.5
2012,7,8,22,0,13.3
2012,7,8,23,0,12.7
2012,7,9,0,0,12.1
2012,7,9,1,0,11.5
2012,7,9,2,0,11.1
2012,7,9,3,0,10.8
2012,7,9,4,0,10.7
2012,7,9,5,0,10.6
2012,7,9,6,0,10.7
2012,7,9,7,53,11.1
2012,7,9,8,212,12
2012,7,9,9,363,12.5
2012,7,9,10,360,14.1
2012,7,9,11,533,15.2
2012,7,9,12,533,16
2012,7,9,13,477,16.4
2012,7,9,14,367,16.4
2012,7,9,15,216,16
2012,7,9,16,56,15.1
2012,7,9,17,0,14.6
2012,7,9,18,0,14.4
2012,7,9,19,0,14.4
2012,7,9,20,0,14.3
2012,7,9,21,0,14
2012,7,9,22,0,13.7
2012,7,9,23,0,13.4
2012,7,10,0,0,13.1
2012,7,10,1,0,12.8
2012,7,10,2,0,12.6
2012,7,10,3,0,12.5
2012,7,10,4,0,12.4
2012,7,10,5,0,12.4
2012,7,10,6,0,12.4
2012,7,10,7,38,13
2012,7,10,8,156,13.9
2012,7,10,9,276,14.3
2012,7,10,10,277,15.3
2012,7,10,11,472,15.7
2012,7,10,12,448,16
2012,7,10,13,298,16.2
2012,7,10,14,105,16.3
2012,7,10,15,56,16.1
2012,7,10,16,16,15.8
2012,7,10,17,0,15.7
2012,7,10,18,0,15.8
2012,7,10,19,0,15.7
2012,7,10,20,0,15.5
2012,7,10,21,0,15.3
2012,7,10,22,0,15.2
2012,7,10,23,0,15.1
2012,7,11,0,0,15
2012,7,11,1,0,14.8
2012,7,11,2,0,14.6
2012,7,11,3,0,14.2
2012,7,11,4,0,13.7
2012,7,11,5,0,13.1
2012,7,11,6,0,12.8
2012,7,11,7,56,13.1
2012,7,11,8,220,13.9
2012,7,11,9,375,14.3
2012,7,11,10,491,15.6
2012,7,11,11,554,16.2
2012,7,11,12,552,16.7
2012,7,11,13,492,17.2
2012,7,11,14,376,17.4
2012,7,11,15,153,17
2012,7,11,16,17,16.1
2012,7,11,17,0,15.4
2012,7,11,18,0,15
2012,7,11,19,0,14.5
2012,7,11,20,0,14.1
2012,7,11,21,0,13.7
2012,7,11,22,0,13.3
2012,7,11,23,0,13
2012,7,12,0,0,12.8
2012,7,12,1,0,12.6
2012,7,12,2,0,12.4
2012,7,12,3,0,12.2
2012,7,12,4,0,12
2012,7,12,5,0,11.9
2012,7,12,6,0,11.9
2012,7,12,7,16,12.4
2012,7,12,8,55,13.5
2012,7,12,9,213,14.2
2012,7,12,10,130,15.7
2012,7,12,11,88,16
2012,7,12,12,277,16.2
2012,7,12,13,40,16.3
2012,7,12,14,149,16.4
2012,7,12,15,79,16.2
2012,7,12,16,22,16
2012,7,12,17,0,15.9
2012,7,12,18,0,15.8
2012,7,12,19,0,15.6
2012,7,12,20,0,15.4
2012,7,12,21,0,15.2
2012,7,12,22,0,14.8
2012,7,12,23,0,14.5
2012,7,13,0,0,14.2
2012,7,13,1,0,14
2012,7,13,2,0,13.8
2012,7,13,3,0,13.6
2012,7,13,4,0,13.6
2012,7,13,5,0,13.7
2012,7,13,6,0,14.1
2012,7,13,7,8,14.8
2012,7,13,8,21,15.6
2012,7,13,9,187,16
2012,7,13,10,365,17.3
2012,7,13,11,520,18.4
2012,7,13,12,527,19.2
2012,7,13,13,475,19.7
2012,7,13,14,298,19.5
2012,7,13,15,133,19
2012,7,13,16,57,18.3
2012,7,13,17,0,17.8
2012,7,13,18,0,17.4
2012,7,13,19,0,16.8
2012,7,13,20,0,16.2
2012,7,13,21,0,15.7
2012,7,13,22,0,15.2
2012,7,13,23,0,14.8
2012,7,14,0,0,14.6
2012,7,14,1,0,14.4
2012,7,14,2,0,14
2012,7,14,3,0,13.5
2012,7,14,4,0,13.1
2012,7,14,5,0,12.7
2012,7,14,6,0,12.5
2012,7,14,7,30,13
2012,7,14,8,135,14
2012,7,14,9,383,14.6
2012,7,14,10,497,16
2012,7,14,11,557,16.5
2012,7,14,12,554,16.8
2012,7,14,13,497,17.1
2012,7,14,14,383,17.2
2012,7,14,15,228,16.7
2012,7,14,16,64,15.8
2012,7,14,17,0,15
2012,7,14,18,0,14.3
2012,7,14,19,0,13.7
2012,7,14,20,0,13.1
2012,7,14,21,0,12.6
2012,7,14,22,0,12.2
2012,7,14,23,0,11.9
2012,7,15,0,0,11.6
2012,7,15,1,0,11.3
2012,7,15,2,0,11
2012,7,15,3,0,10.8
2012,7,15,4,0,10.6
2012,7,15,5,0,10.5
2012,7,15,6,0,10.6
2012,7,15,7,31,11.4
2012,7,15,8,135,12.6
2012,7,15,9,383,13.1
2012,7,15,10,496,14.3
2012,7,15,11,557,15
2012,7,15,12,557,15.5
2012,7,15,13,500,15.8
2012,7,15,14,387,15.7
2012,7,15,15,234,15.1
2012,7,15,16,67,14
2012,7,15,17,0,13
2012,7,15,18,0,12.3
2012,7,15,19,0,11.6
2012,7,15,20,0,11
2012,7,15,21,0,10.6
2012,7,15,22,0,10.4
2012,7,15,23,0,10.4
2012,7,16,0,0,10.4
2012,7,16,1,0,10.3
2012,7,16,2,0,10.3
2012,7,16,3,0,10.3
2012,7,16,4,0,10.3
2012,7,16,5,0,10.4
2012,7,16,6,0,10.6
2012,7,16,7,32,11.5
2012,7,16,8,231,12.9
2012,7,16,9,387,13.6
2012,7,16,10,500,15.5
2012,7,16,11,561,16.4
2012,7,16,12,562,17.1
2012,7,16,13,505,17.4
2012,7,16,14,392,17.3
2012,7,16,15,238,16.7
2012,7,16,16,70,15.6
2012,7,16,17,0,14.8
2012,7,16,18,0,14.4
2012,7,16,19,0,14
2012,7,16,20,0,13.6
2012,7,16,21,0,13
2012,7,16,22,0,12.4
2012,7,16,23,0,11.9
2012,7,17,0,0,11.5
2012,7,17,1,0,11.1
2012,7,17,2,0,10.9
2012,7,17,3,0,10.7
2012,7,17,4,0,10.4
2012,7,17,5,0,10.3
2012,7,17,6,0,10.5
2012,7,17,7,63,11.2
2012,7,17,8,230,12.3
2012,7,17,9,386,12.9
2012,7,17,10,506,14.8
2012,7,17,11,568,16
2012,7,17,12,572,16.8
2012,7,17,13,511,17.4
2012,7,17,14,397,17.6
2012,7,17,15,240,17.1
2012,7,17,16,71,16.2
2012,7,17,17,0,15.4
2012,7,17,18,0,14.7
2012,7,17,19,0,14.1
2012,7,17,20,0,13.5
2012,7,17,21,0,12.8
2012,7,17,22,0,12.1
2012,7,17,23,0,11.5
2012,7,18,0,0,10.9
2012,7,18,1,0,10.5
2012,7,18,2,0,10.1
2012,7,18,3,0,9.9
2012,7,18,4,0,9.8
2012,7,18,5,0,9.8
2012,7,18,6,0,10
2012,7,18,7,35,10.7
2012,7,18,8,132,12
2012,7,18,9,266,12.8
2012,7,18,10,495,15.3
2012,7,18,11,556,16.3
2012,7,18,12,559,17
2012,7,18,13,503,17.3
2012,7,18,14,390,17.4
2012,7,18,15,236,17.1
2012,7,18,16,69,16.5
2012,7,18,17,0,15.7
2012,7,18,18,0,14.7
2012,7,18,19,0,14
2012,7,18,20,0,13.5
2012,7,18,21,0,13.1
2012,7,18,22,0,12.6
2012,7,18,23,0,12.1
2012,7,19,0,0,11.8
2012,7,19,1,0,11.6
2012,7,19,2,0,11.5
2012,7,19,3,0,11.3
2012,7,19,4,0,11.1
2012,7,19,5,0,10.9
2012,7,19,6,0,11
2012,7,19,7,33,11.7
2012,7,19,8,137,12.5
2012,7,19,9,283,12.8
2012,7,19,10,315,13.4
2012,7,19,11,132,13.7
2012,7,19,12,357,13.9
2012,7,19,13,263,14
2012,7,19,14,291,13.9
2012,7,19,15,237,13.6
2012,7,19,16,71,13.1
2012,7,19,17,0,12.7
2012,7,19,18,0,12.6
2012,7,19,19,0,12.5
2012,7,19,20,0,12.4
2012,7,19,21,0,12.2
2012,7,19,22,0,11.9
2012,7,19,23,0,11.6
2012,7,20,0,0,11.3
2012,7,20,1,0,10.9
2012,7,20,2,0,10.6
2012,7,20,3,0,10.4
2012,7,20,4,0,10.2
2012,7,20,5,0,10.1
2012,7,20,6,0,10.2
2012,7,20,7,41,10.9
2012,7,20,8,235,12.3
2012,7,20,9,390,13
2012,7,20,10,503,14.5
2012,7,20,11,563,15.1
2012,7,20,12,564,15.3
2012,7,20,13,507,15.4
2012,7,20,14,394,15.3
2012,7,20,15,240,15
2012,7,20,16,75,14.4
2012,7,20,17,0,14
2012,7,20,18,0,13.8
2012,7,20,19,0,13.6
2012,7,20,20,0,13.5
2012,7,20,21,0,13.3
2012,7,20,22,0,13.2
2012,7,20,23,0,13.1
2012,7,21,0,0,13.2
2012,7,21,1,0,13.4
2012,7,21,2,0,13.6
2012,7,21,3,0,13.8
2012,7,21,4,0,13.8
2012,7,21,5,0,13.6
2012,7,21,6,0,13.6
2012,7,21,7,5,13.8
2012,7,21,8,15,14.2
2012,7,21,9,28,14.4
2012,7,21,10,148,14.9
2012,7,21,11,219,15.1
2012,7,21,12,154,15.2
2012,7,21,13,160,15.2
2012,7,21,14,158,15
2012,7,21,15,106,14.7
2012,7,21,16,28,14.2
2012,7,21,17,0,13.9
2012,7,21,18,0,13.8
2012,7,21,19,0,13.8
2012,7,21,20,0,13.9
2012,7,21,21,0,14
2012,7,21,22,0,14
2012,7,21,23,0,14
2012,7,22,0,0,14
2012,7,22,1,0,13.8
2012,7,22,2,0,13.5
2012,7,22,3,0,13.1
2012,7,22,4,0,12.9
2012,7,22,5,0,12.8
2012,7,22,6,0,13
2012,7,22,7,5,13.7
2012,7,22,8,17,14.5
2012,7,22,9,153,14.8
2012,7,22,10,181,15.6
2012,7,22,11,423,15.8
2012,7,22,12,563,15.9
2012,7,22,13,226,15.8
2012,7,22,14,392,15.6
2012,7,22,15,239,15.2
2012,7,22,16,74,14.7
2012,7,22,17,0,14.3
2012,7,22,18,0,14.2
2012,7,22,19,0,14.1
2012,7,22,20,0,14
2012,7,22,21,0,14
2012,7,22,22,0,14
2012,7,22,23,0,14.1
2012,7,23,0,0,14.1
2012,7,23,1,0,14.1
2012,7,23,2,0,14.1
2012,7,23,3,0,14.1
2012,7,23,4,0,14.2
2012,7,23,5,0,14.3
2012,7,23,6,0,14.4
2012,7,23,7,69,14.8
2012,7,23,8,131,15.3
2012,7,23,9,273,15.5
2012,7,23,10,84,15.8
2012,7,23,11,375,16
2012,7,23,12,341,16
2012,7,23,13,514,15.9
2012,7,23,14,217,15.7
2012,7,23,15,165,15.3
2012,7,23,16,46,14.8
2012,7,23,17,0,14.5
2012,7,23,18,0,14.4
2012,7,23,19,0,14.3
2012,7,23,20,0,14.3
2012,7,23,21,0,14.3
2012,7,23,22,0,14.2
2012,7,23,23,0,14.3
2012,7,24,0,0,14.2
2012,7,24,1,0,14
2012,7,24,2,0,13.9
2012,7,24,3,0,13.8
2012,7,24,4,0,13.7
2012,7,24,5,0,13.6
2012,7,24,6,0,13.6
2012,7,24,7,20,13.8
2012,7,24,8,79,14.1
2012,7,24,9,29,14.3
2012,7,24,10,206,14.7
2012,7,24,11,571,14.9
2012,7,24,12,149,15
2012,7,24,13,67,15.1
2012,7,24,14,92,15.2
2012,7,24,15,40,15
2012,7,24,16,12,14.6
2012,7,24,17,0,14.5
2012,7,24,18,0,14.6
2012,7,24,19,0,14.8
2012,7,24,20,0,14.9
2012,7,24,21,0,14.8
2012,7,24,22,0,14.7
2012,7,24,23,0,14.4
2012,7,25,0,0,14.1
2012,7,25,1,0,13.7
2012,7,25,2,0,13.3
2012,7,25,3,0,12.8
2012,7,25,4,0,12.4
2012,7,25,5,0,11.9
2012,7,25,6,0,11.8
2012,7,25,7,71,12.3
2012,7,25,8,239,13.1
2012,7,25,9,397,13.5
2012,7,25,10,516,15
2012,7,25,11,580,15.8
2012,7,25,12,582,16.5
2012,7,25,13,528,17
2012,7,25,14,414,17.2
2012,7,25,15,257,16.9
2012,7,25,16,84,16.2
2012,7,25,17,0,15.6
2012,7,25,18,0,15.2
2012,7,25,19,0,14.8
2012,7,25,20,0,14.4
2012,7,25,21,0,14
2012,7,25,22,0,13.7
2012,7,25,23,0,13.5
2012,7,26,0,0,13.3
2012,7,26,1,0,13.1
2012,7,26,2,0,12.9
2012,7,26,3,0,12.6
2012,7,26,4,0,12.4
2012,7,26,5,0,12.3
2012,7,26,6,0,12.3
2012,7,26,7,5,13
2012,7,26,8,50,14
2012,7,26,9,29,14.6
2012,7,26,10,105,16.3
2012,7,26,11,207,17.2
2012,7,26,12,132,17.7
2012,7,26,13,122,18
2012,7,26,14,16,17.9
2012,7,26,15,252,17.4
2012,7,26,16,5,16.5
2012,7,26,17,0,15.8
2012,7,26,18,0,15.2
2012,7,26,19,0,14.7
2012,7,26,20,0,14.3
2012,7,26,21,0,13.9
2012,7,26,22,0,13.4
2012,7,26,23,0,12.9
2012,7,27,0,0,12.5
2012,7,27,1,0,12.3
2012,7,27,2,0,12.1
2012,7,27,3,0,11.9
2012,7,27,4,0,11.6
2012,7,27,5,0,11.3
2012,7,27,6,0,11.3
2012,7,27,7,79,11.8
2012,7,27,8,255,12.7
2012,7,27,9,417,13.2
2012,7,27,10,534,14.5
2012,7,27,11,597,15.2
2012,7,27,12,598,15.7
2012,7,27,13,538,16.1
2012,7,27,14,421,16.1
2012,7,27,15,262,15.7
2012,7,27,16,88,14.9
2012,7,27,17,0,14.1
2012,7,27,18,0,13.6
2012,7,27,19,0,13.1
2012,7,27,20,0,12.4
2012,7,27,21,0,11.8
2012,7,27,22,0,11.4
2012,7,27,23,0,11.1
2012,7,28,0,0,10.9
2012,7,28,1,0,10.7
2012,7,28,2,0,10.6
2012,7,28,3,0,10.6
2012,7,28,4,0,10.7
2012,7,28,5,0,10.8
2012,7,28,6,0,11
2012,7,28,7,14,11.8
2012,7,28,8,253,12.8
2012,7,28,9,411,13.3
2012,7,28,10,528,14.7
2012,7,28,11,591,15.4
2012,7,28,12,595,15.8
2012,7,28,13,537,16.2
2012,7,28,14,424,16.3
2012,7,28,15,266,15.9
2012,7,28,16,16,15.1
2012,7,28,17,0,14.4
2012,7,28,18,0,13.9
2012,7,28,19,0,13.2
2012,7,28,20,0,12.5
2012,7,28,21,0,11.8
2012,7,28,22,0,11.4
2012,7,28,23,0,11.1
2012,7,29,0,0,11
2012,7,29,1,0,11
2012,7,29,2,0,11.1
2012,7,29,3,0,11.2
2012,7,29,4,0,11.2
2012,7,29,5,0,11.2
2012,7,29,6,0,11.5
2012,7,29,7,83,12.3
2012,7,29,8,259,13.3
2012,7,29,9,419,13.7
2012,7,29,10,536,14.6
2012,7,29,11,151,14.9
2012,7,29,12,147,15.1
2012,7,29,13,396,15.1
2012,7,29,14,150,14.8
2012,7,29,15,265,14.2
2012,7,29,16,24,13.4
2012,7,29,17,0,12.9
2012,7,29,18,0,12.7
2012,7,29,19,0,12.7
2012,7,29,20,0,12.5
2012,7,29,21,0,12.4
2012,7,29,22,0,12.2
2012,7,29,23,0,12
2012,7,30,0,0,11.8
2012,7,30,1,0,11.5
2012,7,30,2,0,11.3
2012,7,30,3,0,11
2012,7,30,4,0,10.7
2012,7,30,5,0,10.4
2012,7,30,6,0,10.4
2012,7,30,7,23,10.9
2012,7,30,8,264,11.9
2012,7,30,9,426,12.4
2012,7,30,10,205,13.4
2012,7,30,11,451,13.8
2012,7,30,12,456,14.1
2012,7,30,13,412,14.2
2012,7,30,14,429,14.4
2012,7,30,15,263,14.2
2012,7,30,16,57,13.9
2012,7,30,17,0,13.6
2012,7,30,18,0,13.5
2012,7,30,19,0,13.3
2012,7,30,20,0,13.1
2012,7,30,21,0,12.8
2012,7,30,22,0,12.6
2012,7,30,23,0,12.4
2012,7,31,0,0,12.2
2012,7,31,1,0,12
2012,7,31,2,0,11.7
2012,7,31,3,0,11.5
2012,7,31,4,0,11.2
2012,7,31,5,0,11
2012,7,31,6,0,11.2
2012,7,31,7,41,11.7
2012,7,31,8,237,12.3
2012,7,31,9,392,12.5
2012,7,31,10,523,13.2
2012,7,31,11,584,13.5
2012,7,31,12,401,13.6
2012,7,31,13,322,13.8
2012,7,31,14,268,13.8
2012,7,31,15,187,13.6
2012,7,31,16,59,13
2012,7,31,17,0,12.5
2012,7,31,18,0,12.3
2012,7,31,19,0,12.1
2012,7,31,20,0,12
2012,7,31,21,0,11.9
2012,7,31,22,0,11.7
2012,7,31,23,0,11.5
2012,8,1,0,0,11.3
2012,8,1,1,0,11
2012,8,1,2,0,10.8
2012,8,1,3,0,10.6
2012,8,1,4,0,10.5
2012,8,1,5,0,10.5
2012,8,1,6,0,10.6
2012,8,1,7,72,11.1
2012,8,1,8,216,11.8
2012,8,1,9,414,12.2
2012,8,1,10,534,13.1
2012,8,1,11,596,13.4
2012,8,1,12,598,13.6
2012,8,1,13,539,13.7
2012,8,1,14,424,13.7
2012,8,1,15,268,13.4
2012,8,1,16,95,13
2012,8,1,17,0,12.6
2012,8,1,18,0,12.5
2012,8,1,19,0,12.3
2012,8,1,20,0,11.9
2012,8,1,21,0,11.6
2012,8,1,22,0,11.4
2012,8,1,23,0,11.2
2012,8,2,0,0,10.9
2012,8,2,1,0,10.7
2012,8,2,2,0,10.4
2012,8,2,3,0,10.2
2012,8,2,4,0,10.1
2012,8,2,5,0,9.9
2012,8,2,6,0,10
2012,8,2,7,95,10.8
2012,8,2,8,277,11.9
2012,8,2,9,441,12.4
2012,8,2,10,563,13.6
2012,8,2,11,627,14.2
2012,8,2,12,632,14.5
2012,8,2,13,571,14.7
2012,8,2,14,452,14.7
2012,8,2,15,208,14.3
2012,8,2,16,69,13.8
2012,8,2,17,0,13.5
2012,8,2,18,0,13.6
2012,8,2,19,0,13.8
2012,8,2,20,0,13.7
2012,8,2,21,0,13.3
2012,8,2,22,0,12.7
2012,8,2,23,0,12.2
2012,8,3,0,0,11.7
2012,8,3,1,0,11.1
2012,8,3,2,0,10.6
2012,8,3,3,0,10.2
2012,8,3,4,0,9.9
2012,8,3,5,0,9.8
2012,8,3,6,0,10
2012,8,3,7,76,10.8
2012,8,3,8,225,12
2012,8,3,9,304,12.5
2012,8,3,10,559,14.2
2012,8,3,11,623,15
2012,8,3,12,622,15.6
2012,8,3,13,562,16.1
2012,8,3,14,443,16.5
2012,8,3,15,281,16.4
2012,8,3,16,104,15.7
2012,8,3,17,0,14.9
2012,8,3,18,0,14.2
2012,8,3,19,0,13.5
2012,8,3,20,0,13
2012,8,3,21,0,12.4
2012,8,3,22,0,11.9
2012,8,3,23,0,11.6
2012,8,4,0,0,11.2
2012,8,4,1,0,10.9
2012,8,4,2,0,10.6
2012,8,4,3,0,10.3
2012,8,4,4,0,10
2012,8,4,5,0,9.8
2012,8,4,6,0,10
2012,8,4,7,101,10.9
2012,8,4,8,163,12.4
2012,8,4,9,449,13.1
2012,8,4,10,571,15.6
2012,8,4,11,632,16.6
2012,8,4,12,633,17.1
2012,8,4,13,569,17.6
2012,8,4,14,451,17.9
2012,8,4,15,288,17.5
2012,8,4,16,107,16.5
2012,8,4,17,0,15.5
2012,8,4,18,0,14.9
2012,8,4,19,0,14.4
2012,8,4,20,0,13.9
2012,8,4,21,0,13.3
2012,8,4,22,0,12.6
2012,8,4,23,0,11.9
2012,8,5,0,0,11.3
2012,8,5,1,0,10.7
2012,8,5,2,0,10.1
2012,8,5,3,0,9.6
2012,8,5,4,0,9.2
2012,8,5,5,0,8.9
2012,8,5,6,0,9.2
2012,8,5,7,103,10.2
2012,8,5,8,285,12
2012,8,5,9,334,13.1
2012,8,5,10,569,16.4
2012,8,5,11,631,17.8
2012,8,5,12,629,18.6
2012,8,5,13,566,19
2012,8,5,14,111,19.1
2012,8,5,15,19,18.6
2012,8,5,16,65,17.5
2012,8,5,17,0,16.6
2012,8,5,18,0,15.9
2012,8,5,19,0,15.3
2012,8,5,20,0,14.7
2012,8,5,21,0,14.2
2012,8,5,22,0,13.9
2012,8,5,23,0,13.6
2012,8,6,0,0,13.5
2012,8,6,1,0,13.4
2012,8,6,2,0,13.4
2012,8,6,3,0,13.3
2012,8,6,4,0,13.2
2012,8,6,5,0,12.9
2012,8,6,6,0,12.8
2012,8,6,7,108,13.3
2012,8,6,8,297,13.9
2012,8,6,9,464,14.1
2012,8,6,10,585,14.7
2012,8,6,11,650,15.1
2012,8,6,12,651,15.5
2012,8,6,13,587,15.8
2012,8,6,14,467,15.8
2012,8,6,15,302,15.3
2012,8,6,16,116,14.4
2012,8,6,17,0,13.5
2012,8,6,18,0,12.7
2012,8,6,19,0,12
2012,8,6,20,0,11.5
2012,8,6,21,0,11
2012,8,6,22,0,10.6
2012,8,6,23,0,10.3
2012,8,7,0,0,10.1
2012,8,7,1,0,9.9
2012,8,7,2,0,9.7
2012,8,7,3,0,9.5
2012,8,7,4,0,9.4
2012,8,7,5,0,9.3
2012,8,7,6,0,9.6
2012,8,7,7,112,10.5
2012,8,7,8,298,11.8
2012,8,7,9,464,12.5
2012,8,7,10,585,13.9
2012,8,7,11,649,14.6
2012,8,7,12,650,15.1
2012,8,7,13,588,15.5
2012,8,7,14,469,15.8
2012,8,7,15,304,15.6
2012,8,7,16,118,14.8
2012,8,7,17,0,14.1
2012,8,7,18,0,13.9
2012,8,7,19,0,13.7
2012,8,7,20,0,13.3
2012,8,7,21,0,12.8
2012,8,7,22,0,12.1
2012,8,7,23,0,11.3
2012,8,8,0,0,10.6
2012,8,8,1,0,10.1
2012,8,8,2,0,9.6
2012,8,8,3,0,9.3
2012,8,8,4,0,9.1
2012,8,8,5,0,8.9
2012,8,8,6,0,9
2012,8,8,7,115,10
2012,8,8,8,303,11.6
2012,8,8,9,474,12.5
2012,8,8,10,594,14.9
2012,8,8,11,655,16.1
2012,8,8,12,652,17.2
2012,8,8,13,589,18.1
2012,8,8,14,465,18.7
2012,8,8,15,301,18.6
2012,8,8,16,116,17.7
2012,8,8,17,0,16.7
2012,8,8,18,0,15.8
2012,8,8,19,0,15.1
2012,8,8,20,0,14.6
2012,8,8,21,0,14.2
2012,8,8,22,0,13.9
2012,8,8,23,0,13.7
2012,8,9,0,0,13.3
2012,8,9,1,0,13
2012,8,9,2,0,12.8
2012,8,9,3,0,12.6
2012,8,9,4,0,12.4
2012,8,9,5,0,12.3
2012,8,9,6,0,12.4
2012,8,9,7,12,12.8
2012,8,9,8,27,13.4
2012,8,9,9,88,13.7
2012,8,9,10,396,15.3
2012,8,9,11,649,16.2
2012,8,9,12,657,16.7
2012,8,9,13,596,16.9
2012,8,9,14,478,16.7
2012,8,9,15,314,15.8
2012,8,9,16,123,14.5
2012,8,9,17,0,13.4
2012,8,9,18,0,12.8
2012,8,9,19,0,12.2
2012,8,9,20,0,11.7
2012,8,9,21,0,11.3
2012,8,9,22,0,11
2012,8,9,23,0,10.8
2012,8,10,0,0,10.5
2012,8,10,1,0,10.3
2012,8,10,2,0,10.2
2012,8,10,3,0,10.3
2012,8,10,4,0,10.4
2012,8,10,5,0,10.5
2012,8,10,6,0,10.7
2012,8,10,7,88,11.3
2012,8,10,8,178,12.3
2012,8,10,9,370,12.9
2012,8,10,10,77,14
2012,8,10,11,143,14.3
2012,8,10,12,158,14.3
2012,8,10,13,387,14.3
2012,8,10,14,335,14.3
2012,8,10,15,43,14.1
2012,8,10,16,72,13.9
2012,8,10,17,0,13.6
2012,8,10,18,0,13.3
2012,8,10,19,0,13.3
2012,8,10,20,0,13.1
2012,8,10,21,0,12.9
2012,8,10,22,0,12.8
2012,8,10,23,0,12.6
2012,8,11,0,0,12.5
2012,8,11,1,0,12.4
2012,8,11,2,0,12.4
2012,8,11,3,0,12.5
2012,8,11,4,0,12.6
2012,8,11,5,0,12.6
2012,8,11,6,0,12.8
2012,8,11,7,8,13.2
2012,8,11,8,22,13.6
2012,8,11,9,56,13.8
2012,8,11,10,106,14.3
2012,8,11,11,621,14.7
2012,8,11,12,265,14.9
2012,8,11,13,318,14.9
2012,8,11,14,185,14.9
2012,8,11,15,279,14.7
2012,8,11,16,104,14.3
2012,8,11,17,0,14.1
2012,8,11,18,0,13.9
2012,8,11,19,0,13.8
2012,8,11,20,0,13.8
2012,8,11,21,0,13.8
2012,8,11,22,0,13.8
2012,8,11,23,0,13.7
2012,8,12,0,0,13.7
2012,8,12,1,0,13.7
2012,8,12,2,0,13.6
2012,8,12,3,0,13.5
2012,8,12,4,0,13.4
2012,8,12,5,0,13.3
2012,8,12,6,0,13.3
2012,8,12,7,45,13.5
2012,8,12,8,292,13.8
2012,8,12,9,458,13.9
2012,8,12,10,574,14.2
2012,8,12,11,636,14.4
2012,8,12,12,636,14.4
2012,8,12,13,575,14.5
2012,8,12,14,226,14.6
2012,8,12,15,158,14.4
2012,8,12,16,54,14
2012,8,12,17,0,13.8
2012,8,12,18,0,13.8
2012,8,12,19,0,13.6
2012,8,12,20,0,13.5
2012,8,12,21,0,13.3
2012,8,12,22,0,13.1
2012,8,12,23,0,12.8
2012,8,13,0,0,12.6
2012,8,13,1,0,12.5
2012,8,13,2,0,12.5
2012,8,13,3,0,12.4
2012,8,13,4,0,12.4
2012,8,13,5,0,12.3
2012,8,13,6,0,12.3
2012,8,13,7,53,12.7
2012,8,13,8,153,13.3
2012,8,13,9,202,13.6
2012,8,13,10,597,14.5
2012,8,13,11,661,15
2012,8,13,12,665,15.4
2012,8,13,13,607,15.7
2012,8,13,14,486,15.9
2012,8,13,15,319,15.8
2012,8,13,16,131,15
2012,8,13,17,0,14.1
2012,8,13,18,0,13.6
2012,8,13,19,0,13.5
2012,8,13,20,0,13.4
2012,8,13,21,0,13.3
2012,8,13,22,0,12.8
2012,8,13,23,0,12.2
2012,8,14,0,0,11.5
2012,8,14,1,0,10.7
2012,8,14,2,0,10
2012,8,14,3,0,9.6
2012,8,14,4,0,9.3
2012,8,14,5,0,9
2012,8,14,6,0,9.1
2012,8,14,7,134,9.9
2012,8,14,8,199,11.3
2012,8,14,9,374,12.1
2012,8,14,10,469,14.3
2012,8,14,11,522,15.3
2012,8,14,12,490,16
2012,8,14,13,246,16.7
2012,8,14,14,381,17
2012,8,14,15,150,16.7
2012,8,14,16,55,16.1
2012,8,14,17,0,15.5
2012,8,14,18,0,15
2012,8,14,19,0,14.6
2012,8,14,20,0,14
2012,8,14,21,0,13.3
2012,8,14,22,0,12.7
2012,8,14,23,0,12.1
2012,8,15,0,0,11.7
2012,8,15,1,0,11.3
2012,8,15,2,0,10.9
2012,8,15,3,0,10.6
2012,8,15,4,0,10.3
2012,8,15,5,0,10
2012,8,15,6,0,10.3
2012,8,15,7,133,11.4
2012,8,15,8,322,13.1
2012,8,15,9,484,14.1
2012,8,15,10,441,17
2012,8,15,11,478,18.1
2012,8,15,12,392,18.5
2012,8,15,13,374,18.8
2012,8,15,14,357,18.9
2012,8,15,15,316,18.6
2012,8,15,16,86,17.8
2012,8,15,17,0,17.1
2012,8,15,18,0,16.6
2012,8,15,19,0,16.2
2012,8,15,20,0,15.8
2012,8,15,21,0,15.3
2012,8,15,22,0,14.9
2012,8,15,23,0,14.4
2012,8,16,0,0,13.9
2012,8,16,1,0,13.4
2012,8,16,2,0,12.9
2012,8,16,3,0,12.5
2012,8,16,4,0,12
2012,8,16,5,0,11.5
2012,8,16,6,0,11.6
2012,8,16,7,144,12.5
2012,8,16,8,335,13.7
2012,8,16,9,503,14.3
2012,8,16,10,623,15.6
2012,8,16,11,686,16.2
2012,8,16,12,685,16.8
2012,8,16,13,620,17.1
2012,8,16,14,497,17.3
2012,8,16,15,326,17.1
2012,8,16,16,135,16.1
2012,8,16,17,0,15.1
2012,8,16,18,0,14.5
2012,8,16,19,0,14.1
2012,8,16,20,0,13.8
2012,8,16,21,0,13.3
2012,8,16,22,0,12.8
2012,8,16,23,0,12.2
2012,8,17,0,0,11.7
2012,8,17,1,0,11.3
2012,8,17,2,0,10.9
2012,8,17,3,0,10.6
2012,8,17,4,0,10.5
2012,8,17,5,0,10.4
2012,8,17,6,0,10.9
2012,8,17,7,143,12.2
2012,8,17,8,333,13.9
2012,8,17,9,498,14.9
2012,8,17,10,617,17
2012,8,17,11,678,18
2012,8,17,12,672,18.5
2012,8,17,13,274,17.9
2012,8,17,14,392,16.5
2012,8,17,15,210,15.1
2012,8,17,16,138,14.1
2012,8,17,17,0,13.3
2012,8,17,18,0,12.8
2012,8,17,19,0,12.4
2012,8,17,20,0,12
2012,8,17,21,0,11.7
2012,8,17,22,0,11.4
2012,8,17,23,0,11.2
2012,8,18,0,0,11.1
2012,8,18,1,0,11
2012,8,18,2,0,10.7
2012,8,18,3,0,10.6
2012,8,18,4,0,10.5
2012,8,18,5,0,10.4
2012,8,18,6,0,10.7
2012,8,18,7,148,11.5
2012,8,18,8,341,12.4
2012,8,18,9,510,12.8
2012,8,18,10,625,14.3
2012,8,18,11,685,15.3
2012,8,18,12,536,16
2012,8,18,13,513,16.3
2012,8,18,14,398,16.2
2012,8,18,15,330,15.7
2012,8,18,16,141,14.8
2012,8,18,17,0,14.1
2012,8,18,18,0,13.6
2012,8,18,19,0,13.3
2012,8,18,20,0,13
2012,8,18,21,0,12.9
2012,8,18,22,0,12.7
2012,8,18,23,0,12.5
2012,8,19,0,0,12.4
2012,8,19,1,0,12.3
2012,8,19,2,0,12.2
2012,8,19,3,0,12
2012,8,19,4,0,11.7
2012,8,19,5,0,11.5
2012,8,19,6,0,11.8
2012,8,19,7,152,12.7
2012,8,19,8,345,13.7
2012,8,19,9,515,14.2
2012,8,19,10,639,15.5
2012,8,19,11,702,16.2
2012,8,19,12,700,16.6
2012,8,19,13,631,16.9
2012,8,19,14,507,17
2012,8,19,15,336,16.6
2012,8,19,16,144,15.6
2012,8,19,17,0,14.6
2012,8,19,18,0,14
2012,8,19,19,0,13.6
2012,8,19,20,0,13.2
2012,8,19,21,0,12.8
2012,8,19,22,0,12
2012,8,19,23,0,11.2
2012,8,20,0,0,10.6
2012,8,20,1,0,10.4
2012,8,20,2,0,10.2
2012,8,20,3,0,10
2012,8,20,4,0,9.8
2012,8,20,5,0,9.7
2012,8,20,6,0,9.9
2012,8,20,7,155,10.8
2012,8,20,8,349,11.9
2012,8,20,9,518,12.4
2012,8,20,10,642,14.1
2012,8,20,11,706,14.9
2012,8,20,12,704,15.5
2012,8,20,13,639,15.9
2012,8,20,14,515,16.1
2012,8,20,15,344,16
2012,8,20,16,149,15.2
2012,8,20,17,0,14.3
2012,8,20,18,0,13.8
2012,8,20,19,0,13.7
2012,8,20,20,0,13.6
2012,8,20,21,0,13.4
2012,8,20,22,0,13.1
2012,8,20,23,0,12.7
2012,8,21,0,0,12.3
2012,8,21,1,0,12
2012,8,21,2,0,11.8
2012,8,21,3,0,11.5
2012,8,21,4,0,11.4
2012,8,21,5,0,11.3
2012,8,21,6,0,11.4
2012,8,21,7,77,12.1
2012,8,21,8,348,13.4
2012,8,21,9,520,14.2
2012,8,21,10,644,16.4
2012,8,21,11,705,17.4
2012,8,21,12,702,18.1
2012,8,21,13,637,18.6
2012,8,21,14,510,18.9
2012,8,21,15,337,18.6
2012,8,21,16,145,17.6
2012,8,21,17,0,16.4
2012,8,21,18,0,15.7
2012,8,21,19,0,15.3
2012,8,21,20,0,15.1
2012,8,21,21,0,14.9
2012,8,21,22,0,14.8
2012,8,21,23,0,14.5
2012,8,22,0,0,14.2
2012,8,22,1,0,13.7
2012,8,22,2,0,13.1
2012,8,22,3,0,12.6
2012,8,22,4,0,12.1
2012,8,22,5,0,11.8
2012,8,22,6,0,12
2012,8,22,7,149,12.9
2012,8,22,8,193,14.2
2012,8,22,9,247,15
2012,8,22,10,629,17.3
2012,8,22,11,696,18.7
2012,8,22,12,694,19.8
2012,8,22,13,623,20.4
2012,8,22,14,274,20.6
2012,8,22,15,327,20.3
2012,8,22,16,64,19.3
2012,8,22,17,0,18.4
2012,8,22,18,0,17.8
2012,8,22,19,0,17.5
2012,8,22,20,0,17.3
2012,8,22,21,0,17.1
2012,8,22,22,0,17
2012,8,22,23,0,17
2012,8,23,0,0,16.8
2012,8,23,1,0,16.4
2012,8,23,2,0,16.1
2012,8,23,3,0,16.2
2012,8,23,4,0,16.5
2012,8,23,5,0,16.7
2012,8,23,6,0,17.3
2012,8,23,7,141,18.3
2012,8,23,8,14,19.3
2012,8,23,9,489,19.7
2012,8,23,10,614,21.3
2012,8,23,11,674,22.3
2012,8,23,12,671,23
2012,8,23,13,255,22.9
2012,8,23,14,283,22.4
2012,8,23,15,155,21.6
2012,8,23,16,61,20.6
2012,8,23,17,0,19.5
2012,8,23,18,0,18.7
2012,8,23,19,0,17.8
2012,8,23,20,0,17.1
2012,8,23,21,0,16.5
2012,8,23,22,0,15.8
2012,8,23,23,0,15.3
2012,8,24,0,0,14.8
2012,8,24,1,0,14.5
2012,8,24,2,0,14.3
2012,8,24,3,0,14.3
2012,8,24,4,0,13.9
2012,8,24,5,0,13.2
2012,8,24,6,0,13
2012,8,24,7,181,13.3
2012,8,24,8,383,13.7
2012,8,24,9,557,14
2012,8,24,10,675,15.4
2012,8,24,11,735,16.4
2012,8,24,12,729,17.3
2012,8,24,13,660,17.7
2012,8,24,14,533,17.9
2012,8,24,15,358,17.7
2012,8,24,16,160,16.9
2012,8,24,17,0,16
2012,8,24,18,0,15.4
2012,8,24,19,0,15
2012,8,24,20,0,14.6
2012,8,24,21,0,14.2
2012,8,24,22,0,13.8
2012,8,24,23,0,13.5
2012,8,25,0,0,13.2
2012,8,25,1,0,12.8
2012,8,25,2,0,12.5
2012,8,25,3,0,12.2
2012,8,25,4,0,11.9
2012,8,25,5,0,11.7
2012,8,25,6,13,12.1
2012,8,25,7,182,13
2012,8,25,8,382,13.8
2012,8,25,9,556,14.2
2012,8,25,10,680,15.4
2012,8,25,11,743,16.2
2012,8,25,12,736,16.8
2012,8,25,13,669,17.1
2012,8,25,14,541,17.2
2012,8,25,15,365,17
2012,8,25,16,163,16.4
2012,8,25,17,0,15.7
2012,8,25,18,0,15.1
2012,8,25,19,0,14.4
2012,8,25,20,0,13.5
2012,8,25,21,0,12.4
2012,8,25,22,0,11.6
2012,8,25,23,0,11.1
2012,8,26,0,0,10.7
2012,8,26,1,0,10.3
2012,8,26,2,0,10
2012,8,26,3,0,9.8
2012,8,26,4,0,9.7
2012,8,26,5,0,9.6
2012,8,26,6,14,10.3
2012,8,26,7,182,11.7
2012,8,26,8,382,13.3
2012,8,26,9,554,14
2012,8,26,10,681,15.6
2012,8,26,11,743,16.5
2012,8,26,12,742,17.1
2012,8,26,13,675,17.4
2012,8,26,14,543,17.4
2012,8,26,15,315,17.1
2012,8,26,16,166,16.2
2012,8,26,17,0,15.1
2012,8,26,18,0,14.4
2012,8,26,19,0,14
2012,8,26,20,0,13.7
2012,8,26,21,0,13.2
2012,8,26,22,0,12.6
2012,8,26,23,0,12
2012,8,27,0,0,11.6
2012,8,27,1,0,11.3
2012,8,27,2,0,11.2
2012,8,27,3,0,11.1
2012,8,27,4,0,11
2012,8,27,5,0,10.9
2012,8,27,6,17,11.2
2012,8,27,7,189,12.2
2012,8,27,8,387,13.7
2012,8,27,9,557,14.6
2012,8,27,10,678,16.4
2012,8,27,11,740,17
2012,8,27,12,737,17.4
2012,8,27,13,669,17.7
2012,8,27,14,542,17.7
2012,8,27,15,367,17.4
2012,8,27,16,168,16.5
2012,8,27,17,0,15.4
2012,8,27,18,0,14.7
2012,8,27,19,0,14.3
2012,8,27,20,0,13.9
2012,8,27,21,0,13.6
2012,8,27,22,0,13.2
2012,8,27,23,0,12.8
2012,8,28,0,0,12.4
2012,8,28,1,0,12
2012,8,28,2,0,11.5
2012,8,28,3,0,11.1
2012,8,28,4,0,10.8
2012,8,28,5,0,10.5
2012,8,28,6,18,10.7
2012,8,28,7,189,11.8
2012,8,28,8,387,13.3
2012,8,28,9,556,14.3
2012,8,28,10,679,16.8
2012,8,28,11,740,17.8
2012,8,28,12,733,18.4
2012,8,28,13,513,18.7
2012,8,28,14,528,18.6
2012,8,28,15,268,18.1
2012,8,28,16,164,17
2012,8,28,17,0,16
2012,8,28,18,0,15.5
2012,8,28,19,0,15.2
2012,8,28,20,0,15.1
2012,8,28,21,0,14.8
2012,8,28,22,0,14.4
2012,8,28,23,0,14.1
2012,8,29,0,0,13.7
2012,8,29,1,0,13.3
2012,8,29,2,0,12.8
2012,8,29,3,0,12.3
2012,8,29,4,0,11.9
2012,8,29,5,0,11.5
2012,8,29,6,19,11.8
2012,8,29,7,188,12.8
2012,8,29,8,237,14.3
2012,8,29,9,255,15.1
2012,8,29,10,680,17.8
2012,8,29,11,740,19.1
2012,8,29,12,289,19.7
2012,8,29,13,329,20
2012,8,29,14,161,20.1
2012,8,29,15,292,19.8
2012,8,29,16,130,19
2012,8,29,17,0,18.2
2012,8,29,18,0,17.9
2012,8,29,19,0,17.6
2012,8,29,20,0,17.3
2012,8,29,21,0,17
2012,8,29,22,0,16.6
2012,8,29,23,0,16.2
2012,8,30,0,0,15.8
2012,8,30,1,0,15.4
2012,8,30,2,0,15
2012,8,30,3,0,14.6
2012,8,30,4,0,14.3
2012,8,30,5,0,14.2
2012,8,30,6,13,14.6
2012,8,30,7,191,15.7
2012,8,30,8,387,16.9
2012,8,30,9,555,17.5
2012,8,30,10,685,18.4
2012,8,30,11,558,19
2012,8,30,12,748,19.3
2012,8,30,13,682,19.3
2012,8,30,14,379,18.9
2012,8,30,15,377,17.9
2012,8,30,16,100,16.6
2012,8,30,17,0,15.5
2012,8,30,18,0,14.7
2012,8,30,19,0,14.1
2012,8,30,20,0,13.5
2012,8,30,21,0,13
2012,8,30,22,0,12.5
2012,8,30,23,0,12.1
2012,8,31,0,0,11.7
2012,8,31,1,0,11.5
2012,8,31,2,0,11.3
2012,8,31,3,0,11.2
2012,8,31,4,0,10.9
2012,8,31,5,0,10.7
2012,8,31,6,27,11
2012,8,31,7,213,11.9
2012,8,31,8,417,13
2012,8,31,9,593,13.6
2012,8,31,10,715,15.1
2012,8,31,11,777,16
2012,8,31,12,768,16.6
2012,8,31,13,519,16.8
2012,8,31,14,389,16.3
2012,8,31,15,130,15
2012,8,31,16,53,13.4
2012,8,31,17,0,12.4
2012,8,31,18,0,11.8
2012,8,31,19,0,11.3
2012,8,31,20,0,11
2012,8,31,21,0,10.7
2012,8,31,22,0,10.3
2012,8,31,23,0,10.1
2012,9,1,0,0,10
2012,9,1,1,0,9.9
2012,9,1,2,0,9.8
2012,9,1,3,0,9.5
2012,9,1,4,0,9.4
2012,9,1,5,0,9.6
2012,9,1,6,31,10.2
2012,9,1,7,219,11.3
2012,9,1,8,420,12.3
2012,9,1,9,589,12.7
2012,9,1,10,709,13.7
2012,9,1,11,767,14
2012,9,1,12,761,14.2
2012,9,1,13,404,14.4
2012,9,1,14,363,14.5
2012,9,1,15,291,14.5
2012,9,1,16,127,14.2
2012,9,1,17,12,13.8
2012,9,1,18,0,13.5
2012,9,1,19,0,13.3
2012,9,1,20,0,13
2012,9,1,21,0,12.7
2012,9,1,22,0,12.4
2012,9,1,23,0,12.2
2012,9,2,0,0,11.8
2012,9,2,1,0,11.5
2012,9,2,2,0,11.2
2012,9,2,3,0,11
2012,9,2,4,0,10.9
2012,9,2,5,0,10.8
2012,9,2,6,32,11.2
2012,9,2,7,219,12.2
2012,9,2,8,422,13.4
2012,9,2,9,595,14.1
2012,9,2,10,719,15.7
2012,9,2,11,780,16.5
2012,9,2,12,774,17.2
2012,9,2,13,704,17.7
2012,9,2,14,572,17.9
2012,9,2,15,392,17.7
2012,9,2,16,186,16.6
2012,9,2,17,13,15.1
2012,9,2,18,0,14.2
2012,9,2,19,0,13.9
2012,9,2,20,0,13.9
2012,9,2,21,0,14
2012,9,2,22,0,13.8
2012,9,2,23,0,13.3
2012,9,3,0,0,12.6
2012,9,3,1,0,11.8
2012,9,3,2,0,11.1
2012,9,3,3,0,10.3
2012,9,3,4,0,9.7
2012,9,3,5,0,9.3
2012,9,3,6,36,9.9
2012,9,3,7,228,11.2
2012,9,3,8,432,13.3
2012,9,3,9,603,14.5
2012,9,3,10,724,17.7
2012,9,3,11,782,19.1
2012,9,3,12,774,19.9
2012,9,3,13,706,20.2
2012,9,3,14,571,20
2012,9,3,15,390,19.4
2012,9,3,16,186,18.2
2012,9,3,17,13,16.7
2012,9,3,18,0,15.7
2012,9,3,19,0,15
2012,9,3,20,0,14.5
2012,9,3,21,0,14.1
2012,9,3,22,0,13.7
2012,9,3,23,0,13.3
2012,9,4,0,0,12.9
2012,9,4,1,0,12.4
2012,9,4,2,0,11.9
2012,9,4,3,0,11.4
2012,9,4,4,0,11.1
2012,9,4,5,0,10.8
2012,9,4,6,29,11.3
2012,9,4,7,179,12.6
2012,9,4,8,437,14.6
2012,9,4,9,494,15.8
2012,9,4,10,599,19.1
2012,9,4,11,788,20.2
2012,9,4,12,781,20.9
2012,9,4,13,710,21.3
2012,9,4,14,577,21.3
2012,9,4,15,396,20.7
2012,9,4,16,191,19.5
2012,9,4,17,9,18.1
2012,9,4,18,0,17.2
2012,9,4,19,0,16.6
2012,9,4,20,0,16.1
2012,9,4,21,0,15.7
2012,9,4,22,0,15.2
2012,9,4,23,0,14.8
2012,9,5,0,0,14.4
2012,9,5,1,0,14
2012,9,5,2,0,13.5
2012,9,5,3,0,12.9
2012,9,5,4,0,12.4
2012,9,5,5,0,12
2012,9,5,6,43,12.5
2012,9,5,7,241,14.1
2012,9,5,8,445,16.3
2012,9,5,9,621,17.6
2012,9,5,10,742,20.7
2012,9,5,11,802,21.9
2012,9,5,12,791,22.7
2012,9,5,13,718,23.1
2012,9,5,14,578,23.2
2012,9,5,15,390,22.9
2012,9,5,16,181,22.1
2012,9,5,17,12,21.3
2012,9,5,18,0,20.9
2012,9,5,19,0,20.6
2012,9,5,20,0,20.3
2012,9,5,21,0,20
2012,9,5,22,0,19.7
2012,9,5,23,0,19.4
2012,9,6,0,0,19.2
2012,9,6,1,0,19
2012,9,6,2,0,18.6
2012,9,6,3,0,18.2
2012,9,6,4,0,17.9
2012,9,6,5,0,17.7
2012,9,6,6,36,18.1
2012,9,6,7,221,19
2012,9,6,8,428,20
2012,9,6,9,603,20.4
2012,9,6,10,736,21.7
2012,9,6,11,797,22.3
2012,9,6,12,791,22.6
2012,9,6,13,720,22.8
2012,9,6,14,583,22.8
2012,9,6,15,401,22.4
2012,9,6,16,193,21.4
2012,9,6,17,16,20.3
2012,9,6,18,0,19.6
2012,9,6,19,0,19
2012,9,6,20,0,18.4
2012,9,6,21,0,17.8
2012,9,6,22,0,17.3
2012,9,6,23,0,17
2012,9,7,0,0,16.8
2012,9,7,1,0,16.6
2012,9,7,2,0,16.6
2012,9,7,3,0,16.5
2012,9,7,4,0,16.5
2012,9,7,5,0,16.6
2012,9,7,6,45,17.3
2012,9,7,7,238,18.6
2012,9,7,8,440,19.5
2012,9,7,9,607,19.8
2012,9,7,10,722,20
2012,9,7,11,192,19.5
2012,9,7,12,48,18.6
2012,9,7,13,255,17.9
2012,9,7,14,588,17.7
2012,9,7,15,411,17.4
2012,9,7,16,203,16.9
2012,9,7,17,20,16.1
2012,9,7,18,0,15.4
2012,9,7,19,0,14.9
2012,9,7,20,0,14.5
2012,9,7,21,0,14.2
2012,9,7,22,0,14
2012,9,7,23,0,13.8
2012,9,8,0,0,13.5
2012,9,8,1,0,13.3
2012,9,8,2,0,13.1
2012,9,8,3,0,12.8
2012,9,8,4,0,12.4
2012,9,8,5,0,12.1
2012,9,8,6,54,12.6
2012,9,8,7,252,13.5
2012,9,8,8,457,14.4
2012,9,8,9,629,14.9
2012,9,8,10,748,16.6
2012,9,8,11,802,17.6
2012,9,8,12,793,18.3
2012,9,8,13,720,18.7
2012,9,8,14,583,18.7
2012,9,8,15,402,18.5
2012,9,8,16,197,17.7
2012,9,8,17,20,16.8
2012,9,8,18,0,16
2012,9,8,19,0,15.5
2012,9,8,20,0,15
2012,9,8,21,0,14.7
2012,9,8,22,0,14.4
2012,9,8,23,0,14.2
2012,9,9,0,0,14
2012,9,9,1,0,13.8
2012,9,9,2,0,13.6
2012,9,9,3,0,13.4
2012,9,9,4,0,13.2
2012,9,9,5,0,13
2012,9,9,6,57,13.6
2012,9,9,7,257,14.7
2012,9,9,8,462,15.8
2012,9,9,9,635,16.3
2012,9,9,10,750,17.6
2012,9,9,11,803,18.2
2012,9,9,12,791,18.6
2012,9,9,13,726,18.8
2012,9,9,14,584,18.6
2012,9,9,15,402,18.2
2012,9,9,16,198,17.3
2012,9,9,17,20,16.1
2012,9,9,18,0,15.4
2012,9,9,19,0,15
2012,9,9,20,0,14.7
2012,9,9,21,0,14.4
2012,9,9,22,0,14
2012,9,9,23,0,13.5
2012,9,10,0,0,13
2012,9,10,1,0,12.5
2012,9,10,2,0,12.1
2012,9,10,3,0,11.7
2012,9,10,4,0,11.4
2012,9,10,5,0,11.2
2012,9,10,6,59,11.8
2012,9,10,7,260,13.2
2012,9,10,8,468,15.4
2012,9,10,9,642,16.7
2012,9,10,10,769,19.6
2012,9,10,11,828,20.5
2012,9,10,12,819,21
2012,9,10,13,742,21.2
2012,9,10,14,604,21.2
2012,9,10,15,415,20.8
2012,9,10,16,204,19.6
2012,9,10,17,21,18
2012,9,10,18,0,16.9
2012,9,10,19,0,16.4
2012,9,10,20,0,16.2
2012,9,10,21,0,15.9
2012,9,10,22,0,15.6
2012,9,10,23,0,15.4
2012,9,11,0,0,15.1
2012,9,11,1,0,14.6
2012,9,11,2,0,14
2012,9,11,3,0,13.7
2012,9,11,4,0,13.7
2012,9,11,5,0,13.8
2012,9,11,6,22,14.6
2012,9,11,7,110,16
2012,9,11,8,299,17.3
2012,9,11,9,414,17.9
2012,9,11,10,505,18.9
2012,9,11,11,559,19.3
2012,9,11,12,787,19.4
2012,9,11,13,713,19.4
2012,9,11,14,578,19.1
2012,9,11,15,398,18.6
2012,9,11,16,196,17.8
2012,9,11,17,21,16.8
2012,9,11,18,0,16.2
2012,9,11,19,0,15.9
2012,9,11,20,0,15.8
2012,9,11,21,0,15.7
2012,9,11,22,0,15.6
2012,9,11,23,0,15.4
2012,9,12,0,0,15.3
2012,9,12,1,0,15
2012,9,12,2,0,14.7
2012,9,12,3,0,14.4
2012,9,12,4,0,14.2
2012,9,12,5,0,14
2012,9,12,6,61,14.5
2012,9,12,7,253,15.5
2012,9,12,8,453,16.8
2012,9,12,9,622,17.4
2012,9,12,10,743,19
2012,9,12,11,799,19.8
2012,9,12,12,790,20.5
2012,9,12,13,727,20.9
2012,9,12,14,590,21.1
2012,9,12,15,407,20.8
2012,9,12,16,201,19.7
2012,9,12,17,22,18.2
2012,9,12,18,0,17.2
2012,9,12,19,0,16.8
2012,9,12,20,0,16.7
2012,9,12,21,0,16.5
2012,9,12,22,0,16.3
2012,9,12,23,0,16
2012,9,13,0,0,15.7
2012,9,13,1,0,15.5
2012,9,13,2,0,15.6
2012,9,13,3,0,15.7
2012,9,13,4,0,15.8
2012,9,13,5,0,15.8
2012,9,13,6,15,16.3
2012,9,13,7,48,17.4
2012,9,13,8,457,18.7
2012,9,13,9,522,19.4
2012,9,13,10,516,20.8
2012,9,13,11,100,20.8
2012,9,13,12,147,19.5
2012,9,13,13,189,17.6
2012,9,13,14,142,16
2012,9,13,15,82,14.9
2012,9,13,16,37,14.1
2012,9,13,17,7,13.3
2012,9,13,18,0,12.6
2012,9,13,19,0,12.3
2012,9,13,20,0,12.2
2012,9,13,21,0,12
2012,9,13,22,0,11.8
2012,9,13,23,0,11.6
2012,9,14,0,0,11.6
2012,9,14,1,0,11.5
2012,9,14,2,0,11.4
2012,9,14,3,0,11.2
2012,9,14,4,0,10.9
2012,9,14,5,0,10.8
2012,9,14,6,78,11.3
2012,9,14,7,285,12.3
2012,9,14,8,492,13.3
2012,9,14,9,662,13.7
2012,9,14,10,779,14.9
2012,9,14,11,837,15.5
2012,9,14,12,824,16.1
2012,9,14,13,748,16.6
2012,9,14,14,610,17
2012,9,14,15,425,17
2012,9,14,16,215,16.4
2012,9,14,17,27,15.2
2012,9,14,18,0,14.4
2012,9,14,19,0,14.2
2012,9,14,20,0,13.9
2012,9,14,21,0,13.3
2012,9,14,22,0,12.7
2012,9,14,23,0,12
2012,9,15,0,0,11.4
2012,9,15,1,0,11
2012,9,15,2,0,11
2012,9,15,3,0,11
2012,9,15,4,0,11.2
2012,9,15,5,0,11.6
2012,9,15,6,80,12.8
2012,9,15,7,285,14.5
2012,9,15,8,491,15.7
2012,9,15,9,303,16.1
2012,9,15,10,784,16.8
2012,9,15,11,841,17
2012,9,15,12,829,17.2
2012,9,15,13,752,17.1
2012,9,15,14,612,16.9
2012,9,15,15,428,16.5
2012,9,15,16,218,15.8
2012,9,15,17,29,14.9
2012,9,15,18,0,14.3
2012,9,15,19,0,14.1
2012,9,15,20,0,14
2012,9,15,21,0,14.1
2012,9,15,22,0,14.2
2012,9,15,23,0,14.2
2012,9,16,0,0,14
2012,9,16,1,0,13.6
2012,9,16,2,0,13.2
2012,9,16,3,0,12.8
2012,9,16,4,0,12.3
2012,9,16,5,0,12.1
2012,9,16,6,81,12.7
2012,9,16,7,286,14
2012,9,16,8,491,15.3
2012,9,16,9,662,15.9
2012,9,16,10,782,17.7
2012,9,16,11,839,18.7
2012,9,16,12,829,19.4
2012,9,16,13,751,19.7
2012,9,16,14,612,19.7
2012,9,16,15,425,19.3
2012,9,16,16,212,18.2
2012,9,16,17,28,16.7
2012,9,16,18,0,15.8
2012,9,16,19,0,15.4
2012,9,16,20,0,15.2
2012,9,16,21,0,15.1
2012,9,16,22,0,15
2012,9,16,23,0,14.9
2012,9,17,0,0,14.9
2012,9,17,1,0,14.8
2012,9,17,2,0,14.7
2012,9,17,3,0,14.7
2012,9,17,4,0,14.7
2012,9,17,5,0,14.9
2012,9,17,6,50,15.2
2012,9,17,7,21,15.7
2012,9,17,8,135,16.3
2012,9,17,9,465,16.7
2012,9,17,10,729,17.4
2012,9,17,11,781,17.6
2012,9,17,12,766,17.7
2012,9,17,13,695,17.5
2012,9,17,14,558,17.3
2012,9,17,15,388,17
2012,9,17,16,195,16.4
2012,9,17,17,15,15.8
2012,9,17,18,0,15.5
2012,9,17,19,0,15.6
2012,9,17,20,0,15.6
2012,9,17,21,0,15.5
2012,9,17,22,0,15.1
2012,9,17,23,0,14.8
2012,9,18,0,0,14.5
2012,9,18,1,0,14.2
2012,9,18,2,0,14
2012,9,18,3,0,13.9
2012,9,18,4,0,13.8
2012,9,18,5,0,13.9
2012,9,18,6,81,14.5
2012,9,18,7,279,15.4
2012,9,18,8,480,16.3
2012,9,18,9,649,16.9
2012,9,18,10,779,18.7
2012,9,18,11,833,19.5
2012,9,18,12,817,19.8
2012,9,18,13,547,19.8
2012,9,18,14,291,19.5
2012,9,18,15,155,18.9
2012,9,18,16,69,18
2012,9,18,17,12,17
2012,9,18,18,0,16.3
2012,9,18,19,0,16
2012,9,18,20,0,15.7
2012,9,18,21,0,15.5
2012,9,18,22,0,15.3
2012,9,18,23,0,15.2
2012,9,19,0,0,14.9
2012,9,19,1,0,14.6
2012,9,19,2,0,14.1
2012,9,19,3,0,13.7
2012,9,19,4,0,13.5
2012,9,19,5,0,13.5
2012,9,19,6,88,14.1
2012,9,19,7,291,15.3
2012,9,19,8,495,16.4
2012,9,19,9,667,16.9
2012,9,19,10,800,18.3
2012,9,19,11,855,19.1
2012,9,19,12,842,19.5
2012,9,19,13,764,19.7
2012,9,19,14,624,19.5
2012,9,19,15,435,18.9
2012,9,19,16,223,17.8
2012,9,19,17,33,16.5
2012,9,19,18,0,15.6
2012,9,19,19,0,15.3
2012,9,19,20,0,15.3
2012,9,19,21,0,15.3
2012,9,19,22,0,15.5
2012,9,19,23,0,15.6
2012,9,20,0,0,15.7
2012,9,20,1,0,15.5
2012,9,20,2,0,15.3
2012,9,20,3,0,15
2012,9,20,4,0,14.8
2012,9,20,5,0,14.7
2012,9,20,6,45,15.1
2012,9,20,7,163,16
2012,9,20,8,177,17.2
2012,9,20,9,664,17.9
2012,9,20,10,602,19.4
2012,9,20,11,841,20.1
2012,9,20,12,823,20.4
2012,9,20,13,751,20.5
2012,9,20,14,612,20.2
2012,9,20,15,428,19.6
2012,9,20,16,222,18.6
2012,9,20,17,34,17.3
2012,9,20,18,0,16.4
2012,9,20,19,0,16.1
2012,9,20,20,0,16
2012,9,20,21,0,16
2012,9,20,22,0,15.9
2012,9,20,23,0,15.8
2012,9,21,0,0,15.7
2012,9,21,1,0,15.6
2012,9,21,2,0,15.5
2012,9,21,3,0,15.6
2012,9,21,4,0,15.5
2012,9,21,5,0,15.3
2012,9,21,6,60,15.6
2012,9,21,7,196,16.3
2012,9,21,8,130,17.3
2012,9,21,9,36,17.9
2012,9,21,10,49,20.1
2012,9,21,11,54,21.4
2012,9,21,12,376,22.5
2012,9,21,13,755,22.9
2012,9,21,14,619,22.9
2012,9,21,15,441,22.5
2012,9,21,16,231,21.6
2012,9,21,17,37,20.1
2012,9,21,18,0,19.1
2012,9,21,19,0,18.5
2012,9,21,20,0,18
2012,9,21,21,0,17.3
2012,9,21,22,0,16.7
2012,9,21,23,0,16
2012,9,22,0,0,15.5
2012,9,22,1,0,15.1
2012,9,22,2,0,14.7
2012,9,22,3,0,14.4
2012,9,22,4,0,14.2
2012,9,22,5,0,14.2
2012,9,22,6,109,15
2012,9,22,7,320,16.2
2012,9,22,8,525,17.3
2012,9,22,9,695,17.8
2012,9,22,10,814,18.7
2012,9,22,11,868,19.2
2012,9,22,12,854,19.5
2012,9,22,13,776,19.5
2012,9,22,14,634,19.1
2012,9,22,15,444,18.3
2012,9,22,16,232,17.3
2012,9,22,17,39,16.1
2012,9,22,18,0,15.3
2012,9,22,19,0,15.1
2012,9,22,20,0,15.2
2012,9,22,21,0,15.5
2012,9,22,22,0,15.5
2012,9,22,23,0,15.3
2012,9,23,0,0,15.1
2012,9,23,1,0,14.7
2012,9,23,2,0,14.2
2012,9,23,3,0,13.8
2012,9,23,4,0,13.4
2012,9,23,5,0,13.2
2012,9,23,6,117,13.9
2012,9,23,7,333,15.5
2012,9,23,8,542,17.4
2012,9,23,9,714,18.5
2012,9,23,10,833,20.9
2012,9,23,11,884,22
2012,9,23,12,866,23
2012,9,23,13,783,23.7
2012,9,23,14,635,23.9
2012,9,23,15,444,23.5
2012,9,23,16,230,22.2
2012,9,23,17,38,20.4
2012,9,23,18,0,19.2
2012,9,23,19,0,18.9
2012,9,23,20,0,18.8
2012,9,23,21,0,18.9
2012,9,23,22,0,19.2
2012,9,23,23,0,18.9
2012,9,24,0,0,18.2
2012,9,24,1,0,17.3
2012,9,24,2,0,16.5
2012,9,24,3,0,15.8
2012,9,24,4,0,15.2
2012,9,24,5,0,14.9
2012,9,24,6,116,15.5
2012,9,24,7,335,16.5
2012,9,24,8,546,17.3
2012,9,24,9,720,17.6
2012,9,24,10,842,18.7
2012,9,24,11,896,19.5
2012,9,24,12,879,20.1
2012,9,24,13,798,20.4
2012,9,24,14,654,20.4
2012,9,24,15,465,20.2
2012,9,24,16,249,19.5
2012,9,24,17,45,18.4
2012,9,24,18,0,17.3
2012,9,24,19,0,16.5
2012,9,24,20,0,15.9
2012,9,24,21,0,15.4
2012,9,24,22,0,14.9
2012,9,24,23,0,14.3
2012,9,25,0,0,13.7
2012,9,25,1,0,13.4
2012,9,25,2,0,13.3
2012,9,25,3,0,13.3
2012,9,25,4,0,13.4
2012,9,25,5,0,13.7
2012,9,25,6,27,14.5
2012,9,25,7,331,15.5
2012,9,25,8,538,16.3
2012,9,25,9,709,16.7
2012,9,25,10,278,17.7
2012,9,25,11,876,18.2
2012,9,25,12,861,18.4
2012,9,25,13,783,18.3
2012,9,25,14,296,17.9
2012,9,25,15,222,17.2
2012,9,25,16,80,16.4
2012,9,25,17,13,15.4
2012,9,25,18,0,14.8
2012,9,25,19,0,14.7
2012,9,25,20,0,14.7
2012,9,25,21,0,14.7
2012,9,25,22,0,14.7
2012,9,25,23,0,14.8
2012,9,26,0,0,14.8
2012,9,26,1,0,14.7
2012,9,26,2,0,14.7
2012,9,26,3,0,14.5
2012,9,26,4,0,14.5
2012,9,26,5,0,14.7
2012,9,26,6,90,15.6
2012,9,26,7,260,16.8
2012,9,26,8,542,17.6
2012,9,26,9,713,18.1
2012,9,26,10,820,19.1
2012,9,26,11,875,19.6
2012,9,26,12,860,19.8
2012,9,26,13,778,19.9
2012,9,26,14,636,19.6
2012,9,26,15,448,19.2
2012,9,26,16,236,18.3
2012,9,26,17,43,17.1
2012,9,26,18,0,16.4
2012,9,26,19,0,16.1
2012,9,26,20,0,16.1
2012,9,26,21,0,16
2012,9,26,22,0,15.9
2012,9,26,23,0,15.7
2012,9,27,0,0,15.4
2012,9,27,1,0,15.1
2012,9,27,2,0,15
2012,9,27,3,0,14.7
2012,9,27,4,0,14.5
2012,9,27,5,0,14.6
2012,9,27,6,106,15.4
2012,9,27,7,291,16.8
2012,9,27,8,385,18.2
2012,9,27,9,532,19
2012,9,27,10,570,21
2012,9,27,11,843,22.2
2012,9,27,12,830,23
2012,9,27,13,300,23.4
2012,9,27,14,487,23.5
2012,9,27,15,321,23.1
2012,9,27,16,103,22.1
2012,9,27,17,21,20.8
2012,9,27,18,0,20
2012,9,27,19,0,19.7
2012,9,27,20,0,19.6
2012,9,27,21,0,19.2
2012,9,27,22,0,18.9
2012,9,27,23,0,18.7
2012,9,28,0,0,18.5
2012,9,28,1,0,18.2
2012,9,28,2,0,18
2012,9,28,3,0,17.9
2012,9,28,4,0,17.8
2012,9,28,5,0,18
2012,9,28,6,115,18.7
2012,9,28,7,319,19.9
2012,9,28,8,515,21.5
2012,9,28,9,631,22.4
2012,9,28,10,796,24.8
2012,9,28,11,641,25.8
2012,9,28,12,626,26.4
2012,9,28,13,664,26.7
2012,9,28,14,398,27
2012,9,28,15,201,26.9
2012,9,28,16,39,26.1
2012,9,28,17,10,25
2012,9,28,18,0,24.1
2012,9,28,19,0,23.5
2012,9,28,20,0,22.8
2012,9,28,21,0,22.1
2012,9,28,22,0,21.5
2012,9,28,23,0,20.8
2012,9,29,0,0,20
2012,9,29,1,0,19.4
2012,9,29,2,0,18.5
2012,9,29,3,0,17.6
2012,9,29,4,0,17.2
2012,9,29,5,0,17.4
2012,9,29,6,55,17.9
2012,9,29,7,158,18.4
2012,9,29,8,272,18.9
2012,9,29,9,332,19.2
2012,9,29,10,691,20.4
2012,9,29,11,896,20.8
2012,9,29,12,886,20.9
2012,9,29,13,706,20.5
2012,9,29,14,456,19.8
2012,9,29,15,408,19.1
2012,9,29,16,173,18.2
2012,9,29,17,34,16.9
2012,9,29,18,0,15.5
2012,9,29,19,0,14.5
2012,9,29,20,0,13.7
2012,9,29,21,0,13.1
2012,9,29,22,0,12.7
2012,9,29,23,0,12.3
2012,9,30,0,0,11.9
2012,9,30,1,0,11.7
2012,9,30,2,0,11.4
2012,9,30,3,0,11.3
2012,9,30,4,0,11.1
2012,9,30,5,0,11.3
2012,9,30,6,158,12.3
2012,9,30,7,382,13.6
2012,9,30,8,596,14.8
2012,9,30,9,770,15.4
2012,9,30,10,884,17.1
2012,9,30,11,936,18.1
2012,9,30,12,914,18.8
2012,9,30,13,829,19.1
2012,9,30,14,680,19
2012,9,30,15,484,18.7
2012,9,30,16,264,17.9
2012,9,30,17,56,16.5
2012,9,30,18,0,15.4
2012,9,30,19,0,14.7
2012,9,30,20,0,14.3
2012,9,30,21,0,14
2012,9,30,22,0,14
2012,9,30,23,0,14
2012,10,1,0,0,13.9
2012,10,1,1,0,13.7
2012,10,1,2,0,13.4
2012,10,1,3,0,13.2
2012,10,1,4,0,13
2012,10,1,5,0,13
2012,10,1,6,152,13.5
2012,10,1,7,374,14.7
2012,10,1,8,584,16
2012,10,1,9,755,16.5
2012,10,1,10,876,17.8
2012,10,1,11,928,18.4
2012,10,1,12,914,18.8
2012,10,1,13,826,18.9
2012,10,1,14,679,18.6
2012,10,1,15,483,18.1
2012,10,1,16,261,17.2
2012,10,1,17,56,16
2012,10,1,18,0,15.2
2012,10,1,19,0,14.8
2012,10,1,20,0,14.7
2012,10,1,21,0,14.6
2012,10,1,22,0,14.5
2012,10,1,23,0,14.3
2012,10,2,0,0,14.1
2012,10,2,1,0,13.9
2012,10,2,2,0,13.8
2012,10,2,3,0,13.8
2012,10,2,4,0,13.7
2012,10,2,5,0,13.9
2012,10,2,6,100,14.7
2012,10,2,7,266,15.6
2012,10,2,8,586,16.4
2012,10,2,9,756,16.8
2012,10,2,10,870,17.9
2012,10,2,11,923,18.4
2012,10,2,12,910,18.8
2012,10,2,13,827,19
2012,10,2,14,681,19
2012,10,2,15,486,18.8
2012,10,2,16,266,18.2
2012,10,2,17,59,17.1
2012,10,2,18,0,16.1
2012,10,2,19,0,15.6
2012,10,2,20,0,15.2
2012,10,2,21,0,14.9
2012,10,2,22,0,14.5
2012,10,2,23,0,14.2
2012,10,3,0,0,13.8
2012,10,3,1,0,13.4
2012,10,3,2,0,13.1
2012,10,3,3,0,12.7
2012,10,3,4,0,12.2
2012,10,3,5,0,12.1
2012,10,3,6,163,12.9
2012,10,3,7,385,14.9
2012,10,3,8,596,17.7
2012,10,3,9,770,19.2
2012,10,3,10,885,22.6
2012,10,3,11,936,24.3
2012,10,3,12,917,25.5
2012,10,3,13,828,26.4
2012,10,3,14,571,26.7
2012,10,3,15,487,26.5
2012,10,3,16,266,24.8
2012,10,3,17,60,22.2
2012,10,3,18,0,20.4
2012,10,3,19,0,19.7
2012,10,3,20,0,19.2
2012,10,3,21,0,18.8
2012,10,3,22,0,18.5
2012,10,3,23,0,18
2012,10,4,0,0,17.2
2012,10,4,1,0,16.3
2012,10,4,2,0,15.6
2012,10,4,3,0,15.1
2012,10,4,4,0,14.7
2012,10,4,5,0,14.8
2012,10,4,6,170,15.9
2012,10,4,7,396,17.8
2012,10,4,8,606,20.3
2012,10,4,9,778,21.7
2012,10,4,10,893,24.4
2012,10,4,11,943,25.5
2012,10,4,12,921,26.3
2012,10,4,13,834,26.7
2012,10,4,14,687,26.8
2012,10,4,15,493,26.5
2012,10,4,16,271,25.7
2012,10,4,17,62,24.3
2012,10,4,18,0,23.1
2012,10,4,19,0,22.4
2012,10,4,20,0,21.7
2012,10,4,21,0,20.9
2012,10,4,22,0,20.2
2012,10,4,23,0,19.7
2012,10,5,0,0,19.2
2012,10,5,1,0,18.9
2012,10,5,2,0,18.6
2012,10,5,3,0,18.5
2012,10,5,4,0,18.4
2012,10,5,5,0,18.7
2012,10,5,6,168,19.9
2012,10,5,7,387,21.5
2012,10,5,8,592,23.4
2012,10,5,9,758,24.6
2012,10,5,10,871,27.1
2012,10,5,11,912,28.1
2012,10,5,12,886,28.1
2012,10,5,13,809,26.8
2012,10,5,14,655,25.1
2012,10,5,15,462,23.4
2012,10,5,16,250,21.4
2012,10,5,17,7,19.5
2012,10,5,18,0,18.2
2012,10,5,19,0,17.5
2012,10,5,20,0,17
2012,10,5,21,0,16.6
2012,10,5,22,0,16.3
2012,10,5,23,0,16.2
2012,10,6,0,0,16
2012,10,6,1,0,15.8
2012,10,6,2,0,15.7
2012,10,6,3,0,15.7
2012,10,6,4,0,15.6
2012,10,6,5,0,15.8
2012,10,6,6,18,16.3
2012,10,6,7,48,16.9
2012,10,6,8,74,17.4
2012,10,6,9,74,17.7
2012,10,6,10,71,18.3
2012,10,6,11,402,18.5
2012,10,6,12,390,18.6
2012,10,6,13,295,18.5
2012,10,6,14,257,18.1
2012,10,6,15,355,17.6
2012,10,6,16,105,16.9
2012,10,6,17,22,16.4
2012,10,6,18,0,16.1
2012,10,6,19,0,16.2
2012,10,6,20,0,16.3
2012,10,6,21,0,16.3
2012,10,6,22,0,16.3
2012,10,6,23,0,16.3
2012,10,7,0,0,16.4
2012,10,7,1,0,15.9
2012,10,7,2,0,14.9
2012,10,7,3,0,14.2
2012,10,7,4,0,13.7
2012,10,7,5,0,13.7
2012,10,7,6,190,14.2
2012,10,7,7,421,14.8
2012,10,7,8,634,15.5
2012,10,7,9,807,15.9
2012,10,7,10,923,17.2
2012,10,7,11,973,18
2012,10,7,12,952,18.6
2012,10,7,13,861,18.6
2012,10,7,14,707,18.1
2012,10,7,15,509,17.2
2012,10,7,16,282,16.2
2012,10,7,17,69,15.3
2012,10,7,18,0,14.7
2012,10,7,19,0,14.6
2012,10,7,20,0,14.5
2012,10,7,21,0,14.3
2012,10,7,22,0,14.2
2012,10,7,23,0,14.1
2012,10,8,0,0,13.9
2012,10,8,1,0,13.8
2012,10,8,2,0,13.7
2012,10,8,3,0,13.6
2012,10,8,4,0,13.6
2012,10,8,5,4,13.8
2012,10,8,6,110,14.4
2012,10,8,7,272,15
2012,10,8,8,430,15.5
2012,10,8,9,384,15.8
2012,10,8,10,549,16.4
2012,10,8,11,420,16.8
2012,10,8,12,717,17
2012,10,8,13,667,17
2012,10,8,14,496,16.9
2012,10,8,15,225,16.4
2012,10,8,16,130,15.7
2012,10,8,17,32,14.9
2012,10,8,18,0,14.4
2012,10,8,19,0,14.1
2012,10,8,20,0,13.8
2012,10,8,21,0,13.5
2012,10,8,22,0,13.4
2012,10,8,23,0,13.4
2012,10,9,0,0,13.4
2012,10,9,1,0,13.1
2012,10,9,2,0,12.8
2012,10,9,3,0,12.5
2012,10,9,4,0,12.4
2012,10,9,5,3,12.6
2012,10,9,6,45,12.9
2012,10,9,7,116,13.2
2012,10,9,8,345,13.8
2012,10,9,9,753,14
2012,10,9,10,881,15.1
2012,10,9,11,934,15.7
2012,10,9,12,916,16.2
2012,10,9,13,845,16.5
2012,10,9,14,695,16.5
2012,10,9,15,500,16.2
2012,10,9,16,279,15.7
2012,10,9,17,28,15
2012,10,9,18,0,14.3
2012,10,9,19,0,14
2012,10,9,20,0,13.8
2012,10,9,21,0,13.6
2012,10,9,22,0,13.5
2012,10,9,23,0,13.4
2012,10,10,0,0,13.3
2012,10,10,1,0,13.1
2012,10,10,2,0,12.8
2012,10,10,3,0,12.5
2012,10,10,4,0,12.1
2012,10,10,5,14,12.2
2012,10,10,6,192,13.3
2012,10,10,7,417,15.3
2012,10,10,8,630,17.5
2012,10,10,9,800,18.5
2012,10,10,10,923,20
2012,10,10,11,971,20.7
2012,10,10,12,947,21.2
2012,10,10,13,860,21.4
2012,10,10,14,709,21.2
2012,10,10,15,511,20.4
2012,10,10,16,285,19
2012,10,10,17,74,17.6
2012,10,10,18,0,16.5
2012,10,10,19,0,16.1
2012,10,10,20,0,15.9
2012,10,10,21,0,15.9
2012,10,10,22,0,15.9
2012,10,10,23,0,16
2012,10,11,0,0,16.1
2012,10,11,1,0,15.9
2012,10,11,2,0,15.6
2012,10,11,3,0,15.3
2012,10,11,4,0,15.1
2012,10,11,5,2,14.9
2012,10,11,6,7,14.9
2012,10,11,7,16,15
2012,10,11,8,30,15
2012,10,11,9,195,15.1
2012,10,11,10,103,15.2
2012,10,11,11,192,15.4
2012,10,11,12,782,15.8
2012,10,11,13,671,16.4
2012,10,11,14,353,16.9
2012,10,11,15,159,17.3
2012,10,11,16,32,17.2
2012,10,11,17,66,16.7
2012,10,11,18,0,16.1
2012,10,11,19,0,15.6
2012,10,11,20,0,15.1
2012,10,11,21,0,14.3
2012,10,11,22,0,13.2
2012,10,11,23,0,12.3
2012,10,12,0,0,11.8
2012,10,12,1,0,11.4
2012,10,12,2,0,10.9
2012,10,12,3,0,10.5
2012,10,12,4,0,10.3
2012,10,12,5,3,10.3
2012,10,12,6,60,10.2
2012,10,12,7,146,10.3
2012,10,12,8,598,10.8
2012,10,12,9,324,11.1
2012,10,12,10,196,13.1
2012,10,12,11,229,14.2
2012,10,12,12,204,14.9
2012,10,12,13,154,15.4
2012,10,12,14,541,16
2012,10,12,15,507,16
2012,10,12,16,288,15.7
2012,10,12,17,78,15.1
2012,10,12,18,0,14.5
2012,10,12,19,0,14.2
2012,10,12,20,0,14.1
2012,10,12,21,0,14
2012,10,12,22,0,13.9
2012,10,12,23,0,13.4
2012,10,13,0,0,12.9
2012,10,13,1,0,12.4
2012,10,13,2,0,12.1
2012,10,13,3,0,11.7
2012,10,13,4,0,11.5
2012,10,13,5,20,12
2012,10,13,6,200,13
2012,10,13,7,421,14.3
2012,10,13,8,628,15.4
2012,10,13,9,797,15.9
2012,10,13,10,917,16.9
2012,10,13,11,965,17.4
2012,10,13,12,944,17.8
2012,10,13,13,853,17.9
2012,10,13,14,706,17.8
2012,10,13,15,512,17.3
2012,10,13,16,289,16.7
2012,10,13,17,22,15.8
2012,10,13,18,0,15.1
2012,10,13,19,0,14.9
2012,10,13,20,0,14.8
2012,10,13,21,0,14.9
2012,10,13,22,0,15
2012,10,13,23,0,15.1
2012,10,14,0,0,15
2012,10,14,1,0,14.8
2012,10,14,2,0,14.3
2012,10,14,3,0,13.8
2012,10,14,4,0,13.4
2012,10,14,5,7,13.5
2012,10,14,6,62,14.2
2012,10,14,7,151,15.1
2012,10,14,8,460,15.7
2012,10,14,9,808,16
2012,10,14,10,916,17
2012,10,14,11,965,17.5
2012,10,14,12,944,17.9
2012,10,14,13,864,18.2
2012,10,14,14,717,18.2
2012,10,14,15,522,17.9
2012,10,14,16,301,17.4
2012,10,14,17,87,16.5
2012,10,14,18,0,15.6
2012,10,14,19,0,15.2
2012,10,14,20,0,14.9
2012,10,14,21,0,14.7
2012,10,14,22,0,14.4
2012,10,14,23,0,14.1
2012,10,15,0,0,13.7
2012,10,15,1,0,13.3
2012,10,15,2,0,12.8
2012,10,15,3,0,12.4
2012,10,15,4,0,11.9
2012,10,15,5,27,12
2012,10,15,6,217,13.1
2012,10,15,7,442,15.2
2012,10,15,8,649,18
2012,10,15,9,820,19.3
2012,10,15,10,933,21.9
2012,10,15,11,982,22.9
2012,10,15,12,960,23.6
2012,10,15,13,869,23.8
2012,10,15,14,714,23.8
2012,10,15,15,518,23.5
2012,10,15,16,298,22.5
2012,10,15,17,85,20.8
2012,10,15,18,0,19.3
2012,10,15,19,0,18.5
2012,10,15,20,0,18.1
2012,10,15,21,0,17.9
2012,10,15,22,0,17.6
2012,10,15,23,0,17.3
2012,10,16,0,0,17.2
2012,10,16,1,0,17
2012,10,16,2,0,16.8
2012,10,16,3,0,16.4
2012,10,16,4,0,16.1
2012,10,16,5,18,16.4
2012,10,16,6,135,17.6
2012,10,16,7,367,19.4
2012,10,16,8,533,21.7
2012,10,16,9,807,22.9
2012,10,16,10,917,25.7
2012,10,16,11,963,27
2012,10,16,12,941,28
2012,10,16,13,850,28.5
2012,10,16,14,706,28.6
2012,10,16,15,493,28.3
2012,10,16,16,237,27.2
2012,10,16,17,67,25
2012,10,16,18,0,23.1
2012,10,16,19,0,22.4
2012,10,16,20,0,22.4
2012,10,16,21,0,22.3
2012,10,16,22,0,22
2012,10,16,23,0,21.5
2012,10,17,0,0,20.7
2012,10,17,1,0,20
2012,10,17,2,0,19.4
2012,10,17,3,0,18.9
2012,10,17,4,0,18.6
2012,10,17,5,25,18.7
2012,10,17,6,204,19.6
2012,10,17,7,423,20.3
2012,10,17,8,639,20.6
2012,10,17,9,812,20.6
2012,10,17,10,931,20.6
2012,10,17,11,974,20.3
2012,10,17,12,951,19.8
2012,10,17,13,866,19.3
2012,10,17,14,718,18.8
2012,10,17,15,523,18.1
2012,10,17,16,306,17.3
2012,10,17,17,91,16.4
2012,10,17,18,0,15.8
2012,10,17,19,0,15.6
2012,10,17,20,0,15.5
2012,10,17,21,0,15.5
2012,10,17,22,0,15.5
2012,10,17,23,0,15.4
2012,10,18,0,0,15.4
2012,10,18,1,0,15.4
2012,10,18,2,0,15.5
2012,10,18,3,0,15.5
2012,10,18,4,0,15.5
2012,10,18,5,10,16.1
2012,10,18,6,71,17.3
2012,10,18,7,448,18.3
2012,10,18,8,650,19
2012,10,18,9,329,19.4
2012,10,18,10,447,20.1
2012,10,18,11,486,20.4
2012,10,18,12,451,20.6
2012,10,18,13,490,20.6
2012,10,18,14,504,20.4
2012,10,18,15,390,19.9
2012,10,18,16,249,19.1
2012,10,18,17,61,18.2
2012,10,18,18,0,17.7
2012,10,18,19,0,17.5
2012,10,18,20,0,17.5
2012,10,18,21,0,17.4
2012,10,18,22,0,17.3
2012,10,18,23,0,17.3
2012,10,19,0,0,17.2
2012,10,19,1,0,17.1
2012,10,19,2,0,16.9
2012,10,19,3,0,16.6
2012,10,19,4,0,16.4
2012,10,19,5,20,16.5
2012,10,19,6,160,17.3
2012,10,19,7,402,18.7
2012,10,19,8,607,20.5
2012,10,19,9,760,21.3
2012,10,19,10,921,24.6
2012,10,19,11,971,26.3
2012,10,19,12,822,27.2
2012,10,19,13,637,27.3
2012,10,19,14,342,26.9
2012,10,19,15,134,26.1
2012,10,19,16,56,24.4
2012,10,19,17,16,22.5
2012,10,19,18,0,21
2012,10,19,19,0,20.2
2012,10,19,20,0,19.8
2012,10,19,21,0,19.5
2012,10,19,22,0,19.4
2012,10,19,23,0,19.3
2012,10,20,0,0,19.2
2012,10,20,1,0,19
2012,10,20,2,0,18.9
2012,10,20,3,0,18.7
2012,10,20,4,0,18.5
2012,10,20,5,37,19
2012,10,20,6,235,20.3
2012,10,20,7,465,21.9
2012,10,20,8,679,23.9
2012,10,20,9,849,25
2012,10,20,10,954,26.7
2012,10,20,11,990,27
2012,10,20,12,960,26.6
2012,10,20,13,872,25.4
2012,10,20,14,717,23.9
2012,10,20,15,520,22.1
2012,10,20,16,298,20.4
2012,10,20,17,63,18.7
2012,10,20,18,0,17.5
2012,10,20,19,0,17.1
2012,10,20,20,0,17
2012,10,20,21,0,16.9
2012,10,20,22,0,16.7
2012,10,20,23,0,16.5
2012,10,21,0,0,16.3
2012,10,21,1,0,16.2
2012,10,21,2,0,16.1
2012,10,21,3,0,16
2012,10,21,4,0,15.9
2012,10,21,5,36,16.4
2012,10,21,6,88,17.6
2012,10,21,7,122,19.1
2012,10,21,8,178,20.6
2012,10,21,9,234,21.4
2012,10,21,10,251,22.2
2012,10,21,11,367,22.7
2012,10,21,12,637,23.3
2012,10,21,13,536,23.8
2012,10,21,14,397,23.5
2012,10,21,15,301,22.9
2012,10,21,16,164,22
2012,10,21,17,55,20.7
2012,10,21,18,0,19.3
2012,10,21,19,0,18.3
2012,10,21,20,0,17.5
2012,10,21,21,0,16.9
2012,10,21,22,0,16.3
2012,10,21,23,0,15.9
2012,10,22,0,0,15.5
2012,10,22,1,0,15.3
2012,10,22,2,0,15.2
2012,10,22,3,0,15.3
2012,10,22,4,0,15.2
2012,10,22,5,9,15.3
2012,10,22,6,22,16
2012,10,22,7,24,16.5
2012,10,22,8,44,16.1
2012,10,22,9,69,15.7
2012,10,22,10,76,15.4
2012,10,22,11,78,15.7
2012,10,22,12,77,16
2012,10,22,13,72,15.9
2012,10,22,14,60,15.7
2012,10,22,15,42,15.6
2012,10,22,16,22,15.3
2012,10,22,17,7,15
2012,10,22,18,0,14.9
2012,10,22,19,0,14.9
2012,10,22,20,0,14.8
2012,10,22,21,0,14.7
2012,10,22,22,0,14.5
2012,10,22,23,0,14.3
2012,10,23,0,0,14.4
2012,10,23,1,0,14.5
2012,10,23,2,0,14.5
2012,10,23,3,0,14.6
2012,10,23,4,0,14.6
2012,10,23,5,13,14.9
2012,10,23,6,95,15.3
2012,10,23,7,227,15.8
2012,10,23,8,367,16.3
2012,10,23,9,473,16.6
2012,10,23,10,781,17.4
2012,10,23,11,995,17.8
2012,10,23,12,996,18
2012,10,23,13,907,18
2012,10,23,14,752,17.8
2012,10,23,15,553,17.4
2012,10,23,16,325,16.9
2012,10,23,17,105,16.1
2012,10,23,18,0,15.4
2012,10,23,19,0,15.2
2012,10,23,20,0,15.1
2012,10,23,21,0,15.1
2012,10,23,22,0,14.9
2012,10,23,23,0,14.8
2012,10,24,0,0,14.6
2012,10,24,1,0,14.3
2012,10,24,2,0,14.1
2012,10,24,3,0,13.8
2012,10,24,4,0,13.5
2012,10,24,5,50,13.9
2012,10,24,6,256,15.1
2012,10,24,7,485,16.6
2012,10,24,8,698,18.1
2012,10,24,9,867,18.8
2012,10,24,10,982,20.7
2012,10,24,11,1026,21.6
2012,10,24,12,1003,22.1
2012,10,24,13,912,22.4
2012,10,24,14,760,22.5
2012,10,24,15,561,22.1
2012,10,24,16,332,21.1
2012,10,24,17,109,19.5
2012,10,24,18,0,18.1
2012,10,24,19,0,17.4
2012,10,24,20,0,17.2
2012,10,24,21,0,17
2012,10,24,22,0,16.7
2012,10,24,23,0,16.4
2012,10,25,0,0,16.1
2012,10,25,1,0,15.8
2012,10,25,2,0,15.5
2012,10,25,3,0,15.1
2012,10,25,4,0,14.8
2012,10,25,5,49,15.1
2012,10,25,6,248,16.3
2012,10,25,7,472,18.4
2012,10,25,8,621,20.7
2012,10,25,9,727,21.8
2012,10,25,10,830,24.6
2012,10,25,11,908,26.4
2012,10,25,12,850,27.7
2012,10,25,13,673,28.2
2012,10,25,14,554,28.2
2012,10,25,15,475,27.7
2012,10,25,16,292,26.7
2012,10,25,17,91,25.2
2012,10,25,18,0,23.9
2012,10,25,19,0,22.9
2012,10,25,20,0,21.8
2012,10,25,21,0,21.1
2012,10,25,22,0,20.8
2012,10,25,23,0,20.3
2012,10,26,0,0,19.6
2012,10,26,1,0,18.9
2012,10,26,2,0,18.1
2012,10,26,3,0,17.4
2012,10,26,4,0,17
2012,10,26,5,22,17.1
2012,10,26,6,62,17.6
2012,10,26,7,103,18.1
2012,10,26,8,122,18.6
2012,10,26,9,141,18.9
2012,10,26,10,194,19.9
2012,10,26,11,372,20.9
2012,10,26,12,645,21.9
2012,10,26,13,621,22.6
2012,10,26,14,414,22.5
2012,10,26,15,262,21.8
2012,10,26,16,148,20.9
2012,10,26,17,57,19.6
2012,10,26,18,0,18.5
2012,10,26,19,0,18
2012,10,26,20,0,17.8
2012,10,26,21,0,17.5
2012,10,26,22,0,17.3
2012,10,26,23,0,17.2
2012,10,27,0,0,16.7
2012,10,27,1,0,16
2012,10,27,2,0,15.3
2012,10,27,3,0,14.6
2012,10,27,4,0,14.2
2012,10,27,5,65,14.5
2012,10,27,6,110,15.6
2012,10,27,7,222,16.7
2012,10,27,8,504,17.5
2012,10,27,9,800,17.7
2012,10,27,10,952,18.3
2012,10,27,11,1035,18.4
2012,10,27,12,1009,18.3
2012,10,27,13,916,17.9
2012,10,27,14,763,17.4
2012,10,27,15,563,16.8
2012,10,27,16,340,16.3
2012,10,27,17,118,15.8
2012,10,27,18,0,15.4
2012,10,27,19,0,15.3
2012,10,27,20,0,15.3
2012,10,27,21,0,15.3
2012,10,27,22,0,15.2
2012,10,27,23,0,15.1
2012,10,28,0,0,15
2012,10,28,1,0,14.9
2012,10,28,2,0,14.9
2012,10,28,3,0,14.9
2012,10,28,4,0,15
2012,10,28,5,16,15.5
2012,10,28,6,44,16.4
2012,10,28,7,72,17
2012,10,28,8,127,17.5
2012,10,28,9,188,17.8
2012,10,28,10,448,18.5
2012,10,28,11,651,18.9
2012,10,28,12,698,19
2012,10,28,13,669,19
2012,10,28,14,560,18.8
2012,10,28,15,426,18.3
2012,10,28,16,265,17.7
2012,10,28,17,92,16.9
2012,10,28,18,0,16.2
2012,10,28,19,0,15.9
2012,10,28,20,0,15.7
2012,10,28,21,0,15.5
2012,10,28,22,0,15.3
2012,10,28,23,0,15.1
2012,10,29,0,0,15
2012,10,29,1,0,14.9
2012,10,29,2,0,14.8
2012,10,29,3,0,14.7
2012,10,29,4,0,14.7
2012,10,29,5,27,15.2
2012,10,29,6,57,16.2
2012,10,29,7,82,17.4
2012,10,29,8,134,18.3
2012,10,29,9,202,18.8
2012,10,29,10,425,20
2012,10,29,11,742,20.5
2012,10,29,12,763,20.8
2012,10,29,13,677,20.7
2012,10,29,14,564,20.4
2012,10,29,15,444,19.9
2012,10,29,16,310,19.3
2012,10,29,17,122,18.4
2012,10,29,18,0,17.5
2012,10,29,19,0,17.1
2012,10,29,20,0,17
2012,10,29,21,0,16.8
2012,10,29,22,0,16.7
2012,10,29,23,0,16.5
2012,10,30,0,0,16.4
2012,10,30,1,0,16.3
2012,10,30,2,0,16.2
2012,10,30,3,0,16.1
2012,10,30,4,0,16.1
2012,10,30,5,33,16.4
2012,10,30,6,164,17.3
2012,10,30,7,385,18.7
2012,10,30,8,620,19.9
2012,10,30,9,779,20.5
2012,10,30,10,843,21.6
2012,10,30,11,848,22
2012,10,30,12,754,22
2012,10,30,13,614,21.9
2012,10,30,14,480,21.6
2012,10,30,15,348,21.2
2012,10,30,16,219,20.6
2012,10,30,17,86,19.7
2012,10,30,18,0,18.8
2012,10,30,19,0,18.3
2012,10,30,20,0,18.1
2012,10,30,21,0,17.9
2012,10,30,22,0,17.7
2012,10,30,23,0,17.5
2012,10,31,0,0,17.4
2012,10,31,1,0,17.3
2012,10,31,2,0,17.1
2012,10,31,3,0,17
2012,10,31,4,0,16.8
2012,10,31,5,66,17.1
2012,10,31,6,267,18.5
2012,10,31,7,487,20.6
2012,10,31,8,691,22.5
2012,10,31,9,821,23.3
2012,10,31,10,877,24.4
2012,10,31,11,907,24.7
2012,10,31,12,909,24.7
2012,10,31,13,879,24.5
2012,10,31,14,752,24.1
2012,10,31,15,542,23.5
2012,10,31,16,332,22.7
2012,10,31,17,120,21.5
2012,10,31,18,0,20.4
2012,10,31,19,0,19.8
2012,10,31,20,0,19.6
2012,10,31,21,0,19.4
2012,10,31,22,0,19.3
2012,10,31,23,0,19
2012,11,1,0,0,18.7
2012,11,1,1,0,18.4
2012,11,1,2,0,18.1
2012,11,1,3,0,17.8
2012,11,1,4,0,17.6
2012,11,1,5,65,18.1
2012,11,1,6,259,19.4
2012,11,1,7,429,21.4
2012,11,1,8,536,23.7
2012,11,1,9,635,24.9
2012,11,1,10,456,27.5
2012,11,1,11,329,28.3
2012,11,1,12,290,28.5
2012,11,1,13,235,28.7
2012,11,1,14,132,28.4
2012,11,1,15,85,26.8
2012,11,1,16,90,25
2012,11,1,17,83,23.8
2012,11,1,18,0,22.6
2012,11,1,19,0,21.4
2012,11,1,20,0,20.4
2012,11,1,21,0,19.7
2012,11,1,22,0,19.1
2012,11,1,23,0,18.4
2012,11,2,0,0,17.8
2012,11,2,1,0,17.2
2012,11,2,2,0,16.8
2012,11,2,3,0,16.4
2012,11,2,4,0,15.9
2012,11,2,5,81,15.9
2012,11,2,6,199,16.3
2012,11,2,7,384,16.7
2012,11,2,8,558,17.2
2012,11,2,9,703,17.4
2012,11,2,10,841,18
2012,11,2,11,895,18.2
2012,11,2,12,874,18.3
2012,11,2,13,787,18.2
2012,11,2,14,618,18.1
2012,11,2,15,428,17.8
2012,11,2,16,246,17.4
2012,11,2,17,82,16.9
2012,11,2,18,0,16.4
2012,11,2,19,0,16.2
2012,11,2,20,0,16.1
2012,11,2,21,0,16.1
2012,11,2,22,0,15.9
2012,11,2,23,0,15.7
2012,11,3,0,0,15.4
2012,11,3,1,0,15.1
2012,11,3,2,0,14.9
2012,11,3,3,0,14.6
2012,11,3,4,0,14.6
2012,11,3,5,6,14.8
2012,11,3,6,13,15.1
2012,11,3,7,27,15.5
2012,11,3,8,47,16.2
2012,11,3,9,69,16.7
2012,11,3,10,105,17.2
2012,11,3,11,126,17.4
2012,11,3,12,112,17.5
2012,11,3,13,97,17.5
2012,11,3,14,66,17.4
2012,11,3,15,33,17.4
2012,11,3,16,17,17.3
2012,11,3,17,8,17
2012,11,3,18,0,16.7
2012,11,3,19,0,16.6
2012,11,3,20,0,16.6
2012,11,3,21,0,16.6
2012,11,3,22,0,16.6
2012,11,3,23,0,16.6
2012,11,4,0,0,16.6
2012,11,4,1,0,16.5
2012,11,4,2,0,16.4
2012,11,4,3,0,16.4
2012,11,4,4,0,16.4
2012,11,4,5,16,16.9
2012,11,4,6,47,17.8
2012,11,4,7,76,18.7
2012,11,4,8,100,19.6
2012,11,4,9,128,20.1
2012,11,4,10,177,21.5
2012,11,4,11,202,22.1
2012,11,4,12,237,22.4
2012,11,4,13,290,22.5
2012,11,4,14,382,22.3
2012,11,4,15,335,21.8
2012,11,4,16,195,21
2012,11,4,17,82,20
2012,11,4,18,0,19.3
2012,11,4,19,0,18.9
2012,11,4,20,0,18.8
2012,11,4,21,0,18.8
2012,11,4,22,0,18.7
2012,11,4,23,0,18.6
2012,11,5,0,0,18.3
2012,11,5,1,0,17.9
2012,11,5,2,0,17.6
2012,11,5,3,0,17.3
2012,11,5,4,0,17.2
2012,11,5,5,76,17.9
2012,11,5,6,276,19.2
2012,11,5,7,497,20.7
2012,11,5,8,672,22.1
2012,11,5,9,811,22.9
2012,11,5,10,897,24.9
2012,11,5,11,931,25.9
2012,11,5,12,854,26.1
2012,11,5,13,681,25.8
2012,11,5,14,493,25.1
2012,11,5,15,253,24.1
2012,11,5,16,93,22.8
2012,11,5,17,29,21.6
2012,11,5,18,0,20.6
2012,11,5,19,0,20.2
2012,11,5,20,0,20.1
2012,11,5,21,0,20
2012,11,5,22,0,19.9
2012,11,5,23,0,19.8
2012,11,6,0,0,19.7
2012,11,6,1,0,19.6
2012,11,6,2,0,19.4
2012,11,6,3,0,19.3
2012,11,6,4,0,19.2
2012,11,6,5,41,19.6
2012,11,6,6,152,20.4
2012,11,6,7,327,21.3
2012,11,6,8,509,22.3
2012,11,6,9,643,22.9
2012,11,6,10,725,25.2
2012,11,6,11,800,26.4
2012,11,6,12,801,26.8
2012,11,6,13,705,26.6
2012,11,6,14,511,26
2012,11,6,15,294,25.3
2012,11,6,16,91,24.3
2012,11,6,17,22,23.1
2012,11,6,18,0,22
2012,11,6,19,0,21.2
2012,11,6,20,0,20.7
2012,11,6,21,0,20.3
2012,11,6,22,0,20
2012,11,6,23,0,19.8
2012,11,7,0,0,19.7
2012,11,7,1,0,19.7
2012,11,7,2,0,19.7
2012,11,7,3,0,19.6
2012,11,7,4,0,19.7
2012,11,7,5,13,19.9
2012,11,7,6,51,20.2
2012,11,7,7,56,20.6
2012,11,7,8,65,20.9
2012,11,7,9,94,21.1
2012,11,7,10,156,21.8
2012,11,7,11,178,22.6
2012,11,7,12,152,23.1
2012,11,7,13,120,23.1
2012,11,7,14,117,22.7
2012,11,7,15,131,22.1
2012,11,7,16,88,21.5
2012,11,7,17,32,20.7
2012,11,7,18,0,20.2
2012,11,7,19,0,20.1
2012,11,7,20,0,20.1
2012,11,7,21,0,20
2012,11,7,22,0,20.1
2012,11,7,23,0,20.2
2012,11,8,0,0,20.1
2012,11,8,1,0,20.1
2012,11,8,2,0,19.9
2012,11,8,3,0,19.7
2012,11,8,4,0,19.6
2012,11,8,5,53,20
2012,11,8,6,246,21
2012,11,8,7,506,22.3
2012,11,8,8,652,23.4
2012,11,8,9,789,23.8
2012,11,8,10,174,24.1
2012,11,8,11,145,23.6
2012,11,8,12,252,22.6
2012,11,8,13,238,21.6
2012,11,8,14,191,20.9
2012,11,8,15,160,20.3
2012,11,8,16,82,19.8
2012,11,8,17,21,19.3
2012,11,8,18,0,19
2012,11,8,19,0,18.8
2012,11,8,20,0,18.7
2012,11,8,21,0,18.7
2012,11,8,22,0,18.6
2012,11,8,23,0,18.6
2012,11,9,0,0,18.5
2012,11,9,1,0,18.5
2012,11,9,2,0,18.4
2012,11,9,3,0,18.2
2012,11,9,4,0,18.1
2012,11,9,5,68,18.3
2012,11,9,6,214,19
2012,11,9,7,367,19.9
2012,11,9,8,521,21.1
2012,11,9,9,654,21.9
2012,11,9,10,715,24.5
2012,11,9,11,771,26
2012,11,9,12,846,27
2012,11,9,13,822,27.2
2012,11,9,14,628,26.7
2012,11,9,15,435,25.6
2012,11,9,16,293,24.1
2012,11,9,17,135,22.2
2012,11,9,18,0,20.3
2012,11,9,19,0,19.1
2012,11,9,20,0,18.4
2012,11,9,21,0,17.9
2012,11,9,22,0,17.5
2012,11,9,23,0,17.1
2012,11,10,0,0,16.8
2012,11,10,1,0,16.6
2012,11,10,2,0,16.5
2012,11,10,3,0,16.5
2012,11,10,4,0,16.6
2012,11,10,5,8,16.8
2012,11,10,6,24,17.1
2012,11,10,7,53,17.3
2012,11,10,8,109,17.6
2012,11,10,9,177,17.7
2012,11,10,10,223,18
2012,11,10,11,177,18.1
2012,11,10,12,129,18.2
2012,11,10,13,121,18.3
2012,11,10,14,151,18.2
2012,11,10,15,176,18
2012,11,10,16,96,17.6
2012,11,10,17,31,17.1
2012,11,10,18,0,16.6
2012,11,10,19,0,16.3
2012,11,10,20,0,16.2
2012,11,10,21,0,16.2
2012,11,10,22,0,16.1
2012,11,10,23,0,15.9
2012,11,11,0,0,15.7
2012,11,11,1,0,15.6
2012,11,11,2,0,15.4
2012,11,11,3,0,15.3
2012,11,11,4,0,15.4
2012,11,11,5,104,16.2
2012,11,11,6,325,17.2
2012,11,11,7,556,18
2012,11,11,8,762,18.6
2012,11,11,9,927,18.9
2012,11,11,10,1037,19.6
2012,11,11,11,1081,19.8
2012,11,11,12,1057,19.9
2012,11,11,13,965,19.8
2012,11,11,14,815,19.5
2012,11,11,15,618,19.1
2012,11,11,16,394,18.6
2012,11,11,17,167,17.8
2012,11,11,18,0,17
2012,11,11,19,0,16.5
2012,11,11,20,0,16.3
2012,11,11,21,0,16.1
2012,11,11,22,0,15.9
2012,11,11,23,0,15.7
2012,11,12,0,0,15.4
2012,11,12,1,0,15.1
2012,11,12,2,0,14.7
2012,11,12,3,0,14.4
2012,11,12,4,0,14.2
2012,11,12,5,104,14.7
2012,11,12,6,321,16.3
2012,11,12,7,534,18.2
2012,11,12,8,725,19.8
2012,11,12,9,881,20.5
2012,11,12,10,968,22.1
2012,11,12,11,1004,22.9
2012,11,12,12,996,23.5
2012,11,12,13,917,23.7
2012,11,12,14,719,23.6
2012,11,12,15,430,23
2012,11,12,16,194,21.8
2012,11,12,17,81,20.4
2012,11,12,18,0,19.4
2012,11,12,19,0,18.8
2012,11,12,20,0,18.5
2012,11,12,21,0,18.2
2012,11,12,22,0,17.9
2012,11,12,23,0,17.7
2012,11,13,0,0,17.4
2012,11,13,1,0,17.1
2012,11,13,2,0,16.7
2012,11,13,3,0,16.3
2012,11,13,4,0,16.3
2012,11,13,5,91,16.9
2012,11,13,6,290,17.7
2012,11,13,7,506,18.4
2012,11,13,8,708,18.9
2012,11,13,9,851,19.2
2012,11,13,10,766,19.7
2012,11,13,11,760,19.7
2012,11,13,12,487,19.5
2012,11,13,13,370,19.1
2012,11,13,14,286,18.7
2012,11,13,15,151,18.3
2012,11,13,16,83,17.8
2012,11,13,17,35,17.3
2012,11,13,18,0,16.9
2012,11,13,19,0,16.7
2012,11,13,20,0,16.6
2012,11,13,21,0,16.4
2012,11,13,22,0,16.3
2012,11,13,23,0,16.2
2012,11,14,0,0,16.1
2012,11,14,1,0,16
2012,11,14,2,0,16
2012,11,14,3,0,16
2012,11,14,4,0,16.2
2012,11,14,5,27,16.7
2012,11,14,6,82,17.4
2012,11,14,7,114,18
2012,11,14,8,142,18.4
2012,11,14,9,189,18.6
2012,11,14,10,216,18.7
2012,11,14,11,280,18.8
2012,11,14,12,347,18.9
2012,11,14,13,292,19.1
2012,11,14,14,252,19.1
2012,11,14,15,217,18.9
2012,11,14,16,134,18.5
2012,11,14,17,52,18
2012,11,14,18,0,17.6
2012,11,14,19,0,17.3
2012,11,14,20,0,17.2
2012,11,14,21,0,17.3
2012,11,14,22,0,17.3
2012,11,14,23,0,17.2
2012,11,15,0,0,17.2
2012,11,15,1,0,17.1
2012,11,15,2,0,17.1
2012,11,15,3,0,17.2
2012,11,15,4,0,17.4
2012,11,15,5,19,17.9
2012,11,15,6,43,18.7
2012,11,15,7,75,19.6
2012,11,15,8,158,20.6
2012,11,15,9,380,21.2
2012,11,15,10,819,22.7
2012,11,15,11,848,23.7
2012,11,15,12,861,24.4
2012,11,15,13,851,24.7
2012,11,15,14,744,24.6
2012,11,15,15,577,24.2
2012,11,15,16,358,23.2
2012,11,15,17,143,21.8
2012,11,15,18,0,20.5
2012,11,15,19,0,19.6
2012,11,15,20,0,19.1
2012,11,15,21,0,18.7
2012,11,15,22,0,18.4
2012,11,15,23,0,18.3
2012,11,16,0,0,18.2
2012,11,16,1,0,18.1
2012,11,16,2,0,18.1
2012,11,16,3,0,18.2
2012,11,16,4,0,18
2012,11,16,5,17,17.9
2012,11,16,6,41,18
2012,11,16,7,71,18
2012,11,16,8,108,18
2012,11,16,9,146,18.1
2012,11,16,10,173,19.2
2012,11,16,11,130,19.5
2012,11,16,12,128,19.2
2012,11,16,13,112,18.7
2012,11,16,14,79,18.1
2012,11,16,15,58,17.4
2012,11,16,16,33,17
2012,11,16,17,16,16.7
2012,11,16,18,0,16.4
2012,11,16,19,0,16.3
2012,11,16,20,0,16.2
2012,11,16,21,0,16.1
2012,11,16,22,0,16.1
2012,11,16,23,0,16
2012,11,17,0,0,15.9
2012,11,17,1,0,15.8
2012,11,17,2,0,15.8
2012,11,17,3,0,15.8
2012,11,17,4,0,15.9
2012,11,17,5,17,16.2
2012,11,17,6,54,16.7
2012,11,17,7,95,17.3
2012,11,17,8,118,18
2012,11,17,9,169,18.3
2012,11,17,10,158,19.3
2012,11,17,11,217,19.6
2012,11,17,12,165,19.8
2012,11,17,13,144,19.7
2012,11,17,14,93,19.4
2012,11,17,15,53,18.9
2012,11,17,16,26,18.2
2012,11,17,17,10,17.7
2012,11,17,18,1,17.3
2012,11,17,19,0,17.2
2012,11,17,20,0,17.2
2012,11,17,21,0,17.2
2012,11,17,22,0,17.2
2012,11,17,23,0,17.2
2012,11,18,0,0,17.2
2012,11,18,1,0,17.2
2012,11,18,2,0,17
2012,11,18,3,0,16.9
2012,11,18,4,0,16.9
2012,11,18,5,17,17.6
2012,11,18,6,59,18.8
2012,11,18,7,109,19.8
2012,11,18,8,155,20.6
2012,11,18,9,199,20.9
2012,11,18,10,162,21.6
2012,11,18,11,79,22
2012,11,18,12,78,22.2
2012,11,18,13,75,22.4
2012,11,18,14,130,22.3
2012,11,18,15,167,22
2012,11,18,16,69,21.3
2012,11,18,17,28,20.5
2012,11,18,18,4,19.5
2012,11,18,19,0,18.5
2012,11,18,20,0,17.8
2012,11,18,21,0,17.2
2012,11,18,22,0,16.6
2012,11,18,23,0,15.8
2012,11,19,0,0,15.1
2012,11,19,1,0,14.7
2012,11,19,2,0,14.4
2012,11,19,3,0,14.2
2012,11,19,4,0,14.1
2012,11,19,5,47,14.8
2012,11,19,6,51,15.9
2012,11,19,7,49,16.7
2012,11,19,8,51,17.3
2012,11,19,9,74,17.5
2012,11,19,10,94,18.3
2012,11,19,11,103,18.7
2012,11,19,12,146,18.9
2012,11,19,13,217,19
2012,11,19,14,180,18.8
2012,11,19,15,81,18.5
2012,11,19,16,19,18.1
2012,11,19,17,9,17.5
2012,11,19,18,2,17
2012,11,19,19,0,17
2012,11,19,20,0,16.9
2012,11,19,21,0,16.9
2012,11,19,22,0,16.9
2012,11,19,23,0,16.8
2012,11,20,0,0,16.7
2012,11,20,1,0,16.7
2012,11,20,2,0,16.7
2012,11,20,3,0,16.7
2012,11,20,4,0,16.8
2012,11,20,5,13,17.1
2012,11,20,6,35,17.8
2012,11,20,7,88,18.5
2012,11,20,8,156,19.1
2012,11,20,9,195,19.4
2012,11,20,10,259,20.2
2012,11,20,11,498,20.5
2012,11,20,12,675,20.6
2012,11,20,13,592,20.6
2012,11,20,14,496,20.4
2012,11,20,15,398,20
2012,11,20,16,229,19.5
2012,11,20,17,90,18.8
2012,11,20,18,8,18.1
2012,11,20,19,0,17.7
2012,11,20,20,0,17.6
2012,11,20,21,0,17.6
2012,11,20,22,0,17.6
2012,11,20,23,0,17.5
2012,11,21,0,0,17.4
2012,11,21,1,0,17
2012,11,21,2,0,16.6
2012,11,21,3,0,16.2
2012,11,21,4,0,15.8
2012,11,21,5,102,16.3
2012,11,21,6,286,17.7
2012,11,21,7,486,19.2
2012,11,21,8,633,20.5
2012,11,21,9,749,21
2012,11,21,10,723,22.3
2012,11,21,11,713,22.9
2012,11,21,12,788,23.4
2012,11,21,13,860,24
2012,11,21,14,774,24.2
2012,11,21,15,609,23.9
2012,11,21,16,402,23.1
2012,11,21,17,185,21.7
2012,11,21,18,11,20.3
2012,11,21,19,0,19.6
2012,11,21,20,0,19.3
2012,11,21,21,0,19
2012,11,21,22,0,18.7
2012,11,21,23,0,18.5
2012,11,22,0,0,18.5
2012,11,22,1,0,18.4
2012,11,22,2,0,18.2
2012,11,22,3,0,17.9
2012,11,22,4,0,17.7
2012,11,22,5,18,17.8
2012,11,22,6,55,18
2012,11,22,7,120,18.4
2012,11,22,8,205,18.7
2012,11,22,9,290,18.9
2012,11,22,10,344,19.3
2012,11,22,11,369,19.4
2012,11,22,12,333,19.5
2012,11,22,13,282,19.4
2012,11,22,14,240,19.1
2012,11,22,15,169,18.7
2012,11,22,16,84,18.1
2012,11,22,17,46,17.5
2012,11,22,18,8,17
2012,11,22,19,0,16.8
2012,11,22,20,0,16.7
2012,11,22,21,0,16.5
2012,11,22,22,0,16.3
2012,11,22,23,0,16.2
2012,11,23,0,0,16.1
2012,11,23,1,0,16
2012,11,23,2,0,15.8
2012,11,23,3,0,15.7
2012,11,23,4,0,15.8
2012,11,23,5,87,16.5
2012,11,23,6,248,17.7
2012,11,23,7,355,18.6
2012,11,23,8,443,19.3
2012,11,23,9,569,19.6
2012,11,23,10,614,20.2
2012,11,23,11,703,20.4
2012,11,23,12,703,20.4
2012,11,23,13,715,20.3
2012,11,23,14,695,20.1
2012,11,23,15,511,19.7
2012,11,23,16,340,19.2
2012,11,23,17,130,18.6
2012,11,23,18,8,17.9
2012,11,23,19,0,17.5
2012,11,23,20,0,17.3
2012,11,23,21,0,17.3
2012,11,23,22,0,17.2
2012,11,23,23,0,17.1
2012,11,24,0,0,17
2012,11,24,1,0,16.9
2012,11,24,2,0,16.9
2012,11,24,3,0,16.9
2012,11,24,4,0,17.1
2012,11,24,5,28,18.1
2012,11,24,6,83,19.4
2012,11,24,7,110,20.5
2012,11,24,8,166,21.6
2012,11,24,9,302,22
2012,11,24,10,421,23.2
2012,11,24,11,696,23.8
2012,11,24,12,865,24.2
2012,11,24,13,765,24.3
2012,11,24,14,630,24.1
2012,11,24,15,502,23.6
2012,11,24,16,321,22.8
2012,11,24,17,143,21.8
2012,11,24,18,16,20.9
2012,11,24,19,0,20.5
2012,11,24,20,0,20.5
2012,11,24,21,0,20.4
2012,11,24,22,0,20.4
2012,11,24,23,0,20.3
2012,11,25,0,0,20.2
2012,11,25,1,0,20
2012,11,25,2,0,19.7
2012,11,25,3,0,19.5
2012,11,25,4,0,19.5
2012,11,25,5,103,20.1
2012,11,25,6,303,21.5
2012,11,25,7,519,23.9
2012,11,25,8,708,26.6
2012,11,25,9,879,27.8
2012,11,25,10,1004,29.8
2012,11,25,11,1049,29.7
2012,11,25,12,1027,29.1
2012,11,25,13,936,28.4
2012,11,25,14,623,27.5
2012,11,25,15,466,26.6
2012,11,25,16,298,25.5
2012,11,25,17,180,24.3
2012,11,25,18,7,23.2
2012,11,25,19,0,22.5
2012,11,25,20,0,22.2
2012,11,25,21,0,22
2012,11,25,22,0,21.7
2012,11,25,23,0,21.5
2012,11,26,0,0,21
2012,11,26,1,0,20.5
2012,11,26,2,0,20.2
2012,11,26,3,0,20.1
2012,11,26,4,0,20.2
2012,11,26,5,102,20.9
2012,11,26,6,303,22
2012,11,26,7,514,23.2
2012,11,26,8,681,24.3
2012,11,26,9,817,24.9
2012,11,26,10,905,26.1
2012,11,26,11,900,26.4
2012,11,26,12,818,26.4
2012,11,26,13,454,26
2012,11,26,14,156,25.3
2012,11,26,15,89,24.2
2012,11,26,16,84,23.1
2012,11,26,17,63,22.1
2012,11,26,18,11,21.5
2012,11,26,19,0,21.3
2012,11,26,20,0,21.2
2012,11,26,21,0,21.2
2012,11,26,22,0,21.1
2012,11,26,23,0,21
2012,11,27,0,0,20.7
2012,11,27,1,0,20.5
2012,11,27,2,0,20.3
2012,11,27,3,0,20.2
2012,11,27,4,0,20.2
2012,11,27,5,43,20.4
2012,11,27,6,130,20.8
2012,11,27,7,251,21.4
2012,11,27,8,372,22.2
2012,11,27,9,474,22.7
2012,11,27,10,258,23.2
2012,11,27,11,221,22.8
2012,11,27,12,231,22.3
2012,11,27,13,229,21.8
2012,11,27,14,187,21.3
2012,11,27,15,136,20.8
2012,11,27,16,74,20.3
2012,11,27,17,20,19.9
2012,11,27,18,5,19.6
2012,11,27,19,0,19.4
2012,11,27,20,0,19.3
2012,11,27,21,0,19.2
2012,11,27,22,0,19.2
2012,11,27,23,0,19.2
2012,11,28,0,0,19.1
2012,11,28,1,0,19.1
2012,11,28,2,0,19
2012,11,28,3,0,19
2012,11,28,4,0,19.3
2012,11,28,5,27,19.7
2012,11,28,6,66,20.1
2012,11,28,7,100,20.5
2012,11,28,8,136,21.1
2012,11,28,9,162,21.4
2012,11,28,10,205,22.1
2012,11,28,11,229,22.2
2012,11,28,12,117,22.3
2012,11,28,13,80,22.3
2012,11,28,14,59,22.2
2012,11,28,15,37,21.9
2012,11,28,16,20,21.5
2012,11,28,17,9,20.9
2012,11,28,18,4,20.2
2012,11,28,19,0,19.7
2012,11,28,20,0,19.5
2012,11,28,21,0,19.4
2012,11,28,22,0,19.3
2012,11,28,23,0,19.3
2012,11,29,0,0,19.3
2012,11,29,1,0,19.4
2012,11,29,2,0,19.3
2012,11,29,3,0,19.3
2012,11,29,4,0,19.5
2012,11,29,5,54,20.2
2012,11,29,6,98,21.1
2012,11,29,7,151,21.9
2012,11,29,8,228,22.8
2012,11,29,9,274,23.2
2012,11,29,10,519,24.8
2012,11,29,11,822,25.6
2012,11,29,12,1015,26.1
2012,11,29,13,943,26.2
2012,11,29,14,805,26
2012,11,29,15,524,25.4
2012,11,29,16,380,24.6
2012,11,29,17,194,23.4
2012,11,29,18,26,22.3
2012,11,29,19,0,21.7
2012,11,29,20,0,21.5
2012,11,29,21,0,21.4
2012,11,29,22,0,21.3
2012,11,29,23,0,21.2
2012,11,30,0,0,21.1
2012,11,30,1,0,20.9
2012,11,30,2,0,20.7
2012,11,30,3,0,20.5
2012,11,30,4,0,20.7
2012,11,30,5,107,21.4
2012,11,30,6,306,22.6
2012,11,30,7,511,24.2
2012,11,30,8,680,26.2
2012,11,30,9,828,27.3
2012,11,30,10,966,30.6
2012,11,30,11,1017,32.3
2012,11,30,12,998,33.3
2012,11,30,13,817,33.4
2012,11,30,14,622,32.7
2012,11,30,15,362,31.5
2012,11,30,16,186,29.8
2012,11,30,17,107,27.7
2012,11,30,18,21,25.7
2012,11,30,19,0,24.2
2012,11,30,20,0,23.3
2012,11,30,21,0,22.7
2012,11,30,22,0,22.3
2012,11,30,23,0,21.9
2012,12,1,0,0,21.7
2012,12,1,1,0,21.6
2012,12,1,2,0,21.6
2012,12,1,3,0,21.6
2012,12,1,4,0,21.8
2012,12,1,5,67,22.2
2012,12,1,6,144,23
2012,12,1,7,192,24.3
2012,12,1,8,185,26
2012,12,1,9,199,26.9
2012,12,1,10,264,29.2
2012,12,1,11,420,30.6
2012,12,1,12,597,31.8
2012,12,1,13,580,33
2012,12,1,14,190,33.9
2012,12,1,15,73,34
2012,12,1,16,30,32.8
2012,12,1,17,12,30.6
2012,12,1,18,5,28.5
2012,12,1,19,0,26.9
2012,12,1,20,0,25.6
2012,12,1,21,0,24.8
2012,12,1,22,0,24.3
2012,12,1,23,0,24
2012,12,2,0,0,23.7
2012,12,2,1,0,23.3
2012,12,2,2,0,22.8
2012,12,2,3,0,22.4
2012,12,2,4,0,22
2012,12,2,5,46,21.8
2012,12,2,6,88,22.3
2012,12,2,7,142,22.9
2012,12,2,8,248,23.3
2012,12,2,9,386,23.5
2012,12,2,10,118,23.5
2012,12,2,11,108,23.2
2012,12,2,12,95,22.6
2012,12,2,13,81,22
2012,12,2,14,60,21.5
2012,12,2,15,38,21
2012,12,2,16,41,20.5
2012,12,2,17,28,20
2012,12,2,18,8,19.6
2012,12,2,19,0,19.3
2012,12,2,20,0,19.2
2012,12,2,21,0,19.1
2012,12,2,22,0,19.1
2012,12,2,23,0,19
2012,12,3,0,0,18.9
2012,12,3,1,0,18.7
2012,12,3,2,0,18.6
2012,12,3,3,0,18.6
2012,12,3,4,0,18.7
2012,12,3,5,17,19
2012,12,3,6,50,19.5
2012,12,3,7,83,20.1
2012,12,3,8,125,20.7
2012,12,3,9,186,21
2012,12,3,10,341,22.2
2012,12,3,11,511,23.1
2012,12,3,12,663,23.9
2012,12,3,13,712,24.3
2012,12,3,14,669,24.2
2012,12,3,15,533,23.6
2012,12,3,16,296,22.8
2012,12,3,17,105,21.7
2012,12,3,18,19,20.9
2012,12,3,19,0,20.4
2012,12,3,20,0,20.3
2012,12,3,21,0,20.1
2012,12,3,22,0,20
2012,12,3,23,0,19.8
2012,12,4,0,0,19.4
2012,12,4,1,0,19.1
2012,12,4,2,0,18.9
2012,12,4,3,0,18.6
2012,12,4,4,0,18.6
2012,12,4,5,126,19.3
2012,12,4,6,347,20.5
2012,12,4,7,576,21.6
2012,12,4,8,784,22.6
2012,12,4,9,951,23.2
2012,12,4,10,1066,24.9
2012,12,4,11,1117,25.8
2012,12,4,12,1105,26.3
2012,12,4,13,1027,26.3
2012,12,4,14,884,25.9
2012,12,4,15,690,25.3
2012,12,4,16,468,24.4
2012,12,4,17,237,23.1
2012,12,4,18,42,21.2
2012,12,4,19,0,19.8
2012,12,4,20,0,19
2012,12,4,21,0,18.3
2012,12,4,22,0,17.7
2012,12,4,23,0,17.2
2012,12,5,0,0,16.8
2012,12,5,1,0,16.6
2012,12,5,2,0,16.2
2012,12,5,3,0,15.9
2012,12,5,4,0,15.9
2012,12,5,5,128,16.7
2012,12,5,6,347,17.9
2012,12,5,7,574,19
2012,12,5,8,785,20
2012,12,5,9,328,20.6
2012,12,5,10,286,21.9
2012,12,5,11,586,22.6
2012,12,5,12,972,23.2
2012,12,5,13,843,23.6
2012,12,5,14,698,23.7
2012,12,5,15,498,23.4
2012,12,5,16,141,22.5
2012,12,5,17,39,21
2012,12,5,18,7,19.4
2012,12,5,19,0,18.3
2012,12,5,20,0,17.6
2012,12,5,21,0,17.2
2012,12,5,22,0,16.8
2012,12,5,23,0,16.5
2012,12,6,0,0,16.4
2012,12,6,1,0,16.4
2012,12,6,2,0,16.3
2012,12,6,3,0,16.2
2012,12,6,4,0,16.2
2012,12,6,5,38,16.8
2012,12,6,6,81,17.9
2012,12,6,7,223,18.9
2012,12,6,8,372,19.7
2012,12,6,9,330,20
2012,12,6,10,345,20.6
2012,12,6,11,572,20.7
2012,12,6,12,932,20.7
2012,12,6,13,985,20.3
2012,12,6,14,845,19.8
2012,12,6,15,659,19.2
2012,12,6,16,442,18.7
2012,12,6,17,223,18.1
2012,12,6,18,40,17.5
2012,12,6,19,0,17.2
2012,12,6,20,0,17
2012,12,6,21,0,16.8
2012,12,6,22,0,16.7
2012,12,6,23,0,16.5
2012,12,7,0,0,16.4
2012,12,7,1,0,16.3
2012,12,7,2,0,16.3
2012,12,7,3,0,16.3
2012,12,7,4,0,16.6
2012,12,7,5,79,17.4
2012,12,7,6,151,18.4
2012,12,7,7,206,19
2012,12,7,8,254,19.5
2012,12,7,9,311,19.7
2012,12,7,10,348,20.3
2012,12,7,11,415,20.8
2012,12,7,12,499,21.3
2012,12,7,13,509,21.7
2012,12,7,14,398,21.8
2012,12,7,15,293,21.5
2012,12,7,16,184,21
2012,12,7,17,88,20.4
2012,12,7,18,21,19.7
2012,12,7,19,0,19.4
2012,12,7,20,0,19.3
2012,12,7,21,0,19.2
2012,12,7,22,0,19.1
2012,12,7,23,0,19
2012,12,8,0,0,18.9
2012,12,8,1,0,18.8
2012,12,8,2,0,18.7
2012,12,8,3,0,18.6
2012,12,8,4,0,18.8
2012,12,8,5,43,19.6
2012,12,8,6,137,21
2012,12,8,7,191,22.2
2012,12,8,8,219,23.1
2012,12,8,9,265,23.5
2012,12,8,10,806,24.7
2012,12,8,11,984,25.3
2012,12,8,12,974,25.6
2012,12,8,13,957,25.5
2012,12,8,14,818,25.1
2012,12,8,15,633,24.4
2012,12,8,16,420,23.5
2012,12,8,17,208,22.6
2012,12,8,18,35,21.7
2012,12,8,19,0,21.3
2012,12,8,20,0,21.2
2012,12,8,21,0,21.1
2012,12,8,22,0,21
2012,12,8,23,0,20.9
2012,12,9,0,0,20.7
2012,12,9,1,0,20.6
2012,12,9,2,0,20.5
2012,12,9,3,0,20.3
2012,12,9,4,0,20.5
2012,12,9,5,45,21.2
2012,12,9,6,187,22.3
2012,12,9,7,409,23.4
2012,12,9,8,285,24.1
2012,12,9,9,233,24.3
2012,12,9,10,163,23.9
2012,12,9,11,187,22.7
2012,12,9,12,259,21.4
2012,12,9,13,281,20.5
2012,12,9,14,168,19.9
2012,12,9,15,100,19.3
2012,12,9,16,52,18.7
2012,12,9,17,22,18
2012,12,9,18,6,17.6
2012,12,9,19,0,17.4
2012,12,9,20,0,17.4
2012,12,9,21,0,17.5
2012,12,9,22,0,17.6
2012,12,9,23,0,17.7
2012,12,10,0,0,17.8
2012,12,10,1,0,17.9
2012,12,10,2,0,17.9
2012,12,10,3,0,17.9
2012,12,10,4,0,18
2012,12,10,5,12,18.2
2012,12,10,6,38,18.6
2012,12,10,7,77,18.9
2012,12,10,8,119,19.2
2012,12,10,9,151,19.3
2012,12,10,10,160,19.5
2012,12,10,11,168,19.6
2012,12,10,12,192,19.6
2012,12,10,13,227,19.5
2012,12,10,14,224,19.3
2012,12,10,15,170,19.1
2012,12,10,16,95,18.7
2012,12,10,17,39,18.4
2012,12,10,18,8,18.1
2012,12,10,19,0,17.9
2012,12,10,20,0,17.8
2012,12,10,21,0,17.8
2012,12,10,22,0,17.7
2012,12,10,23,0,17.7
2012,12,11,0,0,17.7
2012,12,11,1,0,17.6
2012,12,11,2,0,17.6
2012,12,11,3,0,17.6
2012,12,11,4,0,17.6
2012,12,11,5,12,17.9
2012,12,11,6,31,18.3
2012,12,11,7,49,18.8
2012,12,11,8,66,19.1
2012,12,11,9,80,19.2
2012,12,11,10,84,19.5
2012,12,11,11,80,19.8
2012,12,11,12,78,20
2012,12,11,13,84,20
2012,12,11,14,65,20.1
2012,12,11,15,53,20
2012,12,11,16,33,19.8
2012,12,11,17,15,19.6
2012,12,11,18,4,19.2
2012,12,11,19,0,19
2012,12,11,20,0,19.1
2012,12,11,21,0,19.1
2012,12,11,22,0,19.1
2012,12,11,23,0,19
2012,12,12,0,0,18.9
2012,12,12,1,0,18.8
2012,12,12,2,0,18.7
2012,12,12,3,0,18.6
2012,12,12,4,0,18.8
2012,12,12,5,14,19.5
2012,12,12,6,39,20.4
2012,12,12,7,68,21.3
2012,12,12,8,99,22.2
2012,12,12,9,123,22.6
2012,12,12,10,120,23.2
2012,12,12,11,177,23.5
2012,12,12,12,453,23.6
2012,12,12,13,716,23.6
2012,12,12,14,868,23.4
2012,12,12,15,688,23.1
2012,12,12,16,475,22.6
2012,12,12,17,252,21.9
2012,12,12,18,57,21.1
2012,12,12,19,0,20.4
2012,12,12,20,0,19.9
2012,12,12,21,0,19.6
2012,12,12,22,0,19.3
2012,12,12,23,0,19.1
2012,12,13,0,0,18.9
2012,12,13,1,0,18.7
2012,12,13,2,0,18.5
2012,12,13,3,0,18.5
2012,12,13,4,0,18.7
2012,12,13,5,60,19.5
2012,12,13,6,225,20.8
2012,12,13,7,431,22
2012,12,13,8,627,22.9
2012,12,13,9,794,23.2
2012,12,13,10,922,24.2
2012,12,13,11,1024,24.7
2012,12,13,12,1026,24.9
2012,12,13,13,1010,24.9
2012,12,13,14,874,24.6
2012,12,13,15,691,24.1
2012,12,13,16,474,23.5
2012,12,13,17,251,22.6
2012,12,13,18,56,21.6
2012,12,13,19,0,20.9
2012,12,13,20,0,20.5
2012,12,13,21,0,20.2
2012,12,13,22,0,20
2012,12,13,23,0,19.8
2012,12,14,0,0,19.4
2012,12,14,1,0,19.1
2012,12,14,2,0,18.8
2012,12,14,3,0,18.4
2012,12,14,4,0,18.5
2012,12,14,5,112,19.3
2012,12,14,6,235,20.8
2012,12,14,7,352,22.3
2012,12,14,8,534,23.8
2012,12,14,9,697,24.6
2012,12,14,10,804,26.2
2012,12,14,11,776,26.5
2012,12,14,12,688,26.3
2012,12,14,13,559,26
2012,12,14,14,371,25.4
2012,12,14,15,230,24.7
2012,12,14,16,148,23.7
2012,12,14,17,67,22.7
2012,12,14,18,16,21.9
2012,12,14,19,0,21.4
2012,12,14,20,0,21.2
2012,12,14,21,0,21.1
2012,12,14,22,0,21
2012,12,14,23,0,20.8
2012,12,15,0,0,20.6
2012,12,15,1,0,20.5
2012,12,15,2,0,20.4
2012,12,15,3,0,20.3
2012,12,15,4,0,20.3
2012,12,15,5,48,20.7
2012,12,15,6,172,21.6
2012,12,15,7,226,22.7
2012,12,15,8,252,23.9
2012,12,15,9,329,24.4
2012,12,15,10,263,25.5
2012,12,15,11,188,26.1
2012,12,15,12,161,26
2012,12,15,13,156,25.6
2012,12,15,14,151,25.1
2012,12,15,15,126,24.7
2012,12,15,16,85,24.3
2012,12,15,17,41,23.9
2012,12,15,18,14,23.3
2012,12,15,19,0,23
2012,12,15,20,0,22.7
2012,12,15,21,0,22.5
2012,12,15,22,0,22.3
2012,12,15,23,0,22
2012,12,16,0,0,21.7
2012,12,16,1,0,21.3
2012,12,16,2,0,21
2012,12,16,3,0,20.6
2012,12,16,4,0,20.5
2012,12,16,5,106,21.2
2012,12,16,6,311,22.7
2012,12,16,7,530,24.9
2012,12,16,8,732,27.2
2012,12,16,9,897,28.2
2012,12,16,10,1008,30.2
2012,12,16,11,594,31
2012,12,16,12,419,31.3
2012,12,16,13,334,31.1
2012,12,16,14,238,30.4
2012,12,16,15,147,29.4
2012,12,16,16,77,28
2012,12,16,17,36,26.4
2012,12,16,18,12,24.7
2012,12,16,19,0,23.5
2012,12,16,20,0,22.6
2012,12,16,21,0,21.9
2012,12,16,22,0,21
2012,12,16,23,0,19.9
2012,12,17,0,0,19
2012,12,17,1,0,18.5
2012,12,17,2,0,18.4
2012,12,17,3,0,18.3
2012,12,17,4,0,18.4
2012,12,17,5,18,18.7
2012,12,17,6,58,19.1
2012,12,17,7,113,19.6
2012,12,17,8,148,20
2012,12,17,9,164,20.2
2012,12,17,10,183,20.6
2012,12,17,11,271,20.9
2012,12,17,12,424,21.1
2012,12,17,13,443,21.2
2012,12,17,14,377,21.1
2012,12,17,15,321,20.8
2012,12,17,16,227,20.3
2012,12,17,17,95,19.7
2012,12,17,18,18,19.3
2012,12,17,19,0,19.1
2012,12,17,20,0,19
2012,12,17,21,0,18.9
2012,12,17,22,0,18.9
2012,12,17,23,0,18.8
2012,12,18,0,0,18.8
2012,12,18,1,0,18.7
2012,12,18,2,0,18.7
2012,12,18,3,0,18.6
2012,12,18,4,0,18.7
2012,12,18,5,16,19.3
2012,12,18,6,54,20.2
2012,12,18,7,146,21.4
2012,12,18,8,410,22.5
2012,12,18,9,643,23.1
2012,12,18,10,761,24.6
2012,12,18,11,864,25.2
2012,12,18,12,953,25.2
2012,12,18,13,922,24.9
2012,12,18,14,842,24.2
2012,12,18,15,673,23.4
2012,12,18,16,473,22.6
2012,12,18,17,253,21.7
2012,12,18,18,61,20.9
2012,12,18,19,0,20.5
2012,12,18,20,0,20.3
2012,12,18,21,0,20.2
2012,12,18,22,0,20.1
2012,12,18,23,0,20.2
2012,12,19,0,0,20.2
2012,12,19,1,0,20.1
2012,12,19,2,0,20
2012,12,19,3,0,19.9
2012,12,19,4,0,20.1
2012,12,19,5,35,21.1
2012,12,19,6,96,22.4
2012,12,19,7,252,23.4
2012,12,19,8,434,24.1
2012,12,19,9,493,24.4
2012,12,19,10,460,25.3
2012,12,19,11,529,25.6
2012,12,19,12,660,25.8
2012,12,19,13,728,25.8
2012,12,19,14,671,25.5
2012,12,19,15,580,24.8
2012,12,19,16,414,24
2012,12,19,17,198,23.1
2012,12,19,18,43,22.4
2012,12,19,19,0,22.2
2012,12,19,20,0,22.2
2012,12,19,21,0,22.2
2012,12,19,22,0,22.2
2012,12,19,23,0,22.2
2012,12,20,0,0,22.1
2012,12,20,1,0,22.1
2012,12,20,2,0,22
2012,12,20,3,0,22
2012,12,20,4,0,22.7
2012,12,20,5,18,24.2
2012,12,20,6,67,25.8
2012,12,20,7,177,27.4
2012,12,20,8,439,29.1
2012,12,20,9,757,29.9
2012,12,20,10,859,31
2012,12,20,11,466,29.4
2012,12,20,12,337,26.7
2012,12,20,13,448,24.7
2012,12,20,14,489,23.7
2012,12,20,15,291,22.8
2012,12,20,16,137,21.7
2012,12,20,17,66,20.5
2012,12,20,18,20,19.8
2012,12,20,19,0,19.5
2012,12,20,20,0,19.4
2012,12,20,21,0,19.3
2012,12,20,22,0,19.2
2012,12,20,23,0,19
2012,12,21,0,0,18.9
2012,12,21,1,0,18.9
2012,12,21,2,0,18.8
2012,12,21,3,0,18.8
2012,12,21,4,0,19.1
2012,12,21,5,100,19.8
2012,12,21,6,302,20.7
2012,12,21,7,521,21.5
2012,12,21,8,520,22.1
2012,12,21,9,603,22.4
2012,12,21,10,498,22.7
2012,12,21,11,493,22.6
2012,12,21,12,562,22.5
2012,12,21,13,639,22.5
2012,12,21,14,645,22.4
2012,12,21,15,551,22.3
2012,12,21,16,366,22
2012,12,21,17,158,21.6
2012,12,21,18,27,21.1
2012,12,21,19,0,20.8
2012,12,21,20,0,20.6
2012,12,21,21,0,20.5
2012,12,21,22,0,20.3
2012,12,21,23,0,20.3
2012,12,22,0,0,20.1
2012,12,22,1,0,20
2012,12,22,2,0,19.8
2012,12,22,3,0,19.8
2012,12,22,4,0,20
2012,12,22,5,51,20.9
2012,12,22,6,157,22.2
2012,12,22,7,251,23.2
2012,12,22,8,316,23.8
2012,12,22,9,391,24.1
2012,12,22,10,519,25
2012,12,22,11,477,25.4
2012,12,22,12,234,25.7
2012,12,22,13,122,25.7
2012,12,22,14,87,25.5
2012,12,22,15,45,25
2012,12,22,16,24,24.3
2012,12,22,17,12,23.5
2012,12,22,18,8,22.8
2012,12,22,19,0,22.5
2012,12,22,20,0,22.4
2012,12,22,21,0,22.4
2012,12,22,22,0,22.3
2012,12,22,23,0,22.1
2012,12,23,0,0,21.9
2012,12,23,1,0,21.7
2012,12,23,2,0,21.6
2012,12,23,3,0,21.6
2012,12,23,4,0,21.8
2012,12,23,5,10,22.6
2012,12,23,6,24,23.7
2012,12,23,7,46,24.8
2012,12,23,8,72,25.9
2012,12,23,9,101,26.4
2012,12,23,10,115,27.4
2012,12,23,11,140,27.7
2012,12,23,12,149,27.7
2012,12,23,13,129,27.5
2012,12,23,14,105,27
2012,12,23,15,106,26.4
2012,12,23,16,114,25.7
2012,12,23,17,79,24.8
2012,12,23,18,26,24
2012,12,23,19,0,23.4
2012,12,23,20,0,23
2012,12,23,21,0,22.8
2012,12,23,22,0,22.6
2012,12,23,23,0,22.3
2012,12,24,0,0,22
2012,12,24,1,0,21.8
2012,12,24,2,0,21.5
2012,12,24,3,0,21.4
2012,12,24,4,0,21.6
2012,12,24,5,91,22.3
2012,12,24,6,288,23.6
2012,12,24,7,491,24.9
2012,12,24,8,628,26.4
2012,12,24,9,740,27.1
2012,12,24,10,837,28.4
2012,12,24,11,830,28.9
2012,12,24,12,620,29.2
2012,12,24,13,475,29.2
2012,12,24,14,432,28.9
2012,12,24,15,303,28.2
2012,12,24,16,155,27.3
2012,12,24,17,56,26.1
2012,12,24,18,19,24.9
2012,12,24,19,0,23.9
2012,12,24,20,0,23.3
2012,12,24,21,0,22.8
2012,12,24,22,0,22.4
2012,12,24,23,0,22.1
2012,12,25,0,0,21.9
2012,12,25,1,0,21.8
2012,12,25,2,0,21.7
2012,12,25,3,0,21.6
2012,12,25,4,0,21.2
2012,12,25,5,9,20.7
2012,12,25,6,19,20.6
2012,12,25,7,38,20.8
2012,12,25,8,65,21.2
2012,12,25,9,93,21.3
2012,12,25,10,134,21.4
2012,12,25,11,185,21.1
2012,12,25,12,191,20.7
2012,12,25,13,160,20.1
2012,12,25,14,121,19.4
2012,12,25,15,73,18.8
2012,12,25,16,41,18.3
2012,12,25,17,26,17.9
2012,12,25,18,10,17.8
2012,12,25,19,0,18
2012,12,25,20,0,18.3
2012,12,25,21,0,18.5
2012,12,25,22,0,18.6
2012,12,25,23,0,18.6
2012,12,26,0,0,18.7
2012,12,26,1,0,18.6
2012,12,26,2,0,18.6
2012,12,26,3,0,18.6
2012,12,26,4,0,18.7
2012,12,26,5,16,19
2012,12,26,6,49,19.5
2012,12,26,7,117,20
2012,12,26,8,180,20.4
2012,12,26,9,239,20.5
2012,12,26,10,275,21
2012,12,26,11,669,21.3
2012,12,26,12,665,21.4
2012,12,26,13,316,21.3
2012,12,26,14,288,21
2012,12,26,15,201,20.7
2012,12,26,16,240,20.3
2012,12,26,17,115,19.8
2012,12,26,18,27,19.2
2012,12,26,19,0,18.7
2012,12,26,20,0,18.5
2012,12,26,21,0,18.4
2012,12,26,22,0,18.2
2012,12,26,23,0,18.1
2012,12,27,0,0,17.9
2012,12,27,1,0,17.7
2012,12,27,2,0,17.5
2012,12,27,3,0,17.3
2012,12,27,4,0,17.5
2012,12,27,5,102,18.5
2012,12,27,6,314,19.7
2012,12,27,7,542,20.5
2012,12,27,8,437,21.3
2012,12,27,9,620,21.7
2012,12,27,10,219,22.6
2012,12,27,11,1112,23.1
2012,12,27,12,1108,23.4
2012,12,27,13,1029,23.4
2012,12,27,14,895,23.1
2012,12,27,15,713,22.5
2012,12,27,16,497,21.7
2012,12,27,17,272,20.8
2012,12,27,18,52,20
2012,12,27,19,0,19.6
2012,12,27,20,0,19.5
2012,12,27,21,0,19.5
2012,12,27,22,0,19.4
2012,12,27,23,0,19.3
2012,12,28,0,0,19.1
2012,12,28,1,0,18.8
2012,12,28,2,0,18.5
2012,12,28,3,0,18.3
2012,12,28,4,0,18.4
2012,12,28,5,90,19.1
2012,12,28,6,290,20.5
2012,12,28,7,508,22.4
2012,12,28,8,714,24.4
2012,12,28,9,886,25.4
2012,12,28,10,1008,28.4
2012,12,28,11,912,30.1
2012,12,28,12,876,29.8
2012,12,28,13,979,27
2012,12,28,14,844,23.7
2012,12,28,15,668,21.3
2012,12,28,16,464,20
2012,12,28,17,250,19.1
2012,12,28,18,65,18.6
2012,12,28,19,0,18.5
2012,12,28,20,0,18.7
2012,12,28,21,0,18.8
2012,12,28,22,0,18.8
2012,12,28,23,0,18.7
2012,12,29,0,0,18.6
2012,12,29,1,0,18.5
2012,12,29,2,0,18.3
2012,12,29,3,0,18.2
2012,12,29,4,0,18.3
2012,12,29,5,83,18.8
2012,12,29,6,280,19.5
2012,12,29,7,500,20.2
2012,12,29,8,199,21
2012,12,29,9,881,21.4
2012,12,29,10,1022,22.7
2012,12,29,11,1084,23.2
2012,12,29,12,1077,23.4
2012,12,29,13,1007,23.1
2012,12,29,14,879,22.6
2012,12,29,15,701,21.8
2012,12,29,16,494,20.9
2012,12,29,17,271,19.8
2012,12,29,18,73,18.9
2012,12,29,19,0,18.6
2012,12,29,20,0,18.6
2012,12,29,21,0,18.5
2012,12,29,22,0,18.4
2012,12,29,23,0,18.4
2012,12,30,0,0,18.2
2012,12,30,1,0,18.1
2012,12,30,2,0,18.1
2012,12,30,3,0,18.1
2012,12,30,4,0,18.3
2012,12,30,5,87,19.1
2012,12,30,6,286,20
2012,12,30,7,40,20.6
2012,12,30,8,710,21.1
2012,12,30,9,202,21.3
2012,12,30,10,425,21.8
2012,12,30,11,870,21.9
2012,12,30,12,1042,21.9
2012,12,30,13,982,21.8
2012,12,30,14,857,21.7
2012,12,30,15,684,21.4
2012,12,30,16,474,21.1
2012,12,30,17,258,20.6
2012,12,30,18,68,20.1
2012,12,30,19,0,19.8
2012,12,30,20,0,19.7
2012,12,30,21,0,19.6
2012,12,30,22,0,19.6
2012,12,30,23,0,19.6
2012,12,31,0,0,19.5
2012,12,31,1,0,19.5
2012,12,31,2,0,19.4
2012,12,31,3,0,19.2
2012,12,31,4,0,19.4
2012,12,31,5,81,20.3
2012,12,31,6,277,21.7
2012,12,31,7,494,22.9
2012,12,31,8,696,23.8
2012,12,31,9,866,24.3
2012,12,31,10,989,26
2012,12,31,11,1053,27.1
2012,12,31,12,1050,27.8
2012,12,31,13,989,28.2
2012,12,31,14,862,28.2
2012,12,31,15,688,27.8
2012,12,31,16,482,26.8
2012,12,31,17,266,25.5
2012,12,31,18,72,24
2012,12,31,19,0,23.1
2012,12,31,20,0,22.7
2012,12,31,21,0,22.3
2012,12,31,22,0,22
2012,12,31,23,0,21.8
2013,1,1,0,0,20
2013,1,1,1,0,19.9
2013,1,1,2,0,19.8
2013,1,1,3,0,19.7
2013,1,1,4,0,19.9
2013,1,1,5,70,20.7
2013,1,1,6,291,21.7
2013,1,1,7,515,22.6
2013,1,1,8,617,23.6
2013,1,1,9,679,24.1
2013,1,1,10,1009,29.6
2013,1,1,11,1072,31.4
2013,1,1,12,1071,32.5
2013,1,1,13,1007,32.8
2013,1,1,14,746,32.3
2013,1,1,15,709,30.8
2013,1,1,16,501,28.4
2013,1,1,17,280,25.9
2013,1,1,18,78,23.9
2013,1,1,19,0,22.8
2013,1,1,20,0,22.5
2013,1,1,21,0,22.4
2013,1,1,22,0,21.9
2013,1,1,23,0,21.6
2013,1,2,0,0,21.2
2013,1,2,1,0,20.7
2013,1,2,2,0,20.4
2013,1,2,3,0,20.2
2013,1,2,4,0,20.2
2013,1,2,5,79,20.6
2013,1,2,6,273,21.2
2013,1,2,7,486,21.7
2013,1,2,8,688,22.1
2013,1,2,9,858,22.2
2013,1,2,10,976,22.2
2013,1,2,11,1033,21.9
2013,1,2,12,1028,21.6
2013,1,2,13,971,21.2
2013,1,2,14,844,20.9
2013,1,2,15,208,20.5
2013,1,2,16,72,19.9
2013,1,2,17,28,19.3
2013,1,2,18,63,18.7
2013,1,2,19,0,18.4
2013,1,2,20,0,18.4
2013,1,2,21,0,18.4
2013,1,2,22,0,18.4
2013,1,2,23,0,18.3
2013,1,3,0,0,18.1
2013,1,3,1,0,18.1
2013,1,3,2,0,18
2013,1,3,3,0,17.9
2013,1,3,4,0,18.2
2013,1,3,5,77,19.2
2013,1,3,6,273,20.3
2013,1,3,7,491,21.2
2013,1,3,8,698,22
2013,1,3,9,871,22.4
2013,1,3,10,1002,23.4
2013,1,3,11,1067,23.9
2013,1,3,12,1067,24.2
2013,1,3,13,1004,24.2
2013,1,3,14,879,24
2013,1,3,15,705,23.4
2013,1,3,16,498,22.7
2013,1,3,17,278,21.9
2013,1,3,18,78,21.1
2013,1,3,19,0,20.7
2013,1,3,20,0,20.5
2013,1,3,21,0,20.3
2013,1,3,22,0,20.1
2013,1,3,23,0,19.8
2013,1,4,0,0,19.5
2013,1,4,1,0,19.2
2013,1,4,2,0,18.9
2013,1,4,3,0,18.7
2013,1,4,4,0,18.9
2013,1,4,5,76,19.8
2013,1,4,6,274,21.2
2013,1,4,7,495,22.5
2013,1,4,8,704,23.6
2013,1,4,9,879,24.2
2013,1,4,10,1009,25.9
2013,1,4,11,1074,26.6
2013,1,4,12,1073,27
2013,1,4,13,1009,26.9
2013,1,4,14,885,26.4
2013,1,4,15,710,25.7
2013,1,4,16,503,24.8
2013,1,4,17,280,23.6
2013,1,4,18,78,22.4
2013,1,4,19,0,21.7
2013,1,4,20,0,21.3
2013,1,4,21,0,21
2013,1,4,22,0,20.8
2013,1,4,23,0,20.6
2013,1,5,0,0,20.4
2013,1,5,1,0,20.1
2013,1,5,2,0,19.9
2013,1,5,3,0,19.7
2013,1,5,4,0,19.8
2013,1,5,5,75,20.7
2013,1,5,6,276,22
2013,1,5,7,500,23.4
2013,1,5,8,711,24.7
2013,1,5,9,889,25.4
2013,1,5,10,1016,27.2
2013,1,5,11,1085,28.1
2013,1,5,12,1086,28.5
2013,1,5,13,1022,28.5
2013,1,5,14,897,28.2
2013,1,5,15,718,27.6
2013,1,5,16,506,26.7
2013,1,5,17,281,25.4
2013,1,5,18,79,23.9
2013,1,5,19,0,22.9
2013,1,5,20,0,22.2
2013,1,5,21,0,21.7
2013,1,5,22,0,21.3
2013,1,5,23,0,21
2013,1,6,0,0,20.8
2013,1,6,1,0,20.6
2013,1,6,2,0,20.5
2013,1,6,3,0,20.4
2013,1,6,4,0,20.6
2013,1,6,5,72,21.5
2013,1,6,6,268,22.7
2013,1,6,7,488,23.8
2013,1,6,8,697,24.7
2013,1,6,9,872,25.2
2013,1,6,10,1001,26.2
2013,1,6,11,1069,26.6
2013,1,6,12,1069,26.6
2013,1,6,13,1006,26.4
2013,1,6,14,881,26
2013,1,6,15,708,25.4
2013,1,6,16,499,24.6
2013,1,6,17,278,23.6
2013,1,6,18,78,22.7
2013,1,6,19,0,22
2013,1,6,20,0,21.7
2013,1,6,21,0,21.5
2013,1,6,22,0,21.4
2013,1,6,23,0,21.3
2013,1,7,0,0,21.2
2013,1,7,1,0,21
2013,1,7,2,0,20.9
2013,1,7,3,0,20.9
2013,1,7,4,0,21.1
2013,1,7,5,67,21.7
2013,1,7,6,260,22.6
2013,1,7,7,478,23.4
2013,1,7,8,683,24.1
2013,1,7,9,858,24.5
2013,1,7,10,980,25.4
2013,1,7,11,1047,26
2013,1,7,12,1048,26.3
2013,1,7,13,993,26.3
2013,1,7,14,869,26.1
2013,1,7,15,696,25.6
2013,1,7,16,491,25
2013,1,7,17,273,24.2
2013,1,7,18,76,23.4
2013,1,7,19,0,22.8
2013,1,7,20,0,22.5
2013,1,7,21,0,22.3
2013,1,7,22,0,22.1
2013,1,7,23,0,21.9
2013,1,8,0,0,21.7
2013,1,8,1,0,21.5
2013,1,8,2,0,21.3
2013,1,8,3,0,21.2
2013,1,8,4,0,21.4
2013,1,8,5,69,22.4
2013,1,8,6,60,24.2
2013,1,8,7,58,26.7
2013,1,8,8,459,29.4
2013,1,8,9,518,30.7
2013,1,8,10,678,32.8
2013,1,8,11,1037,33.6
2013,1,8,12,1038,34.1
2013,1,8,13,575,34.5
2013,1,8,14,870,34.5
2013,1,8,15,535,34.4
2013,1,8,16,267,33.9
2013,1,8,17,266,32.9
2013,1,8,18,72,31.5
2013,1,8,19,0,30.6
2013,1,8,20,0,30
2013,1,8,21,0,29.4
2013,1,8,22,0,28.8
2013,1,8,23,0,28.3
2013,1,9,0,0,27.7
2013,1,9,1,0,26.9
2013,1,9,2,0,26.1
2013,1,9,3,0,24.7
2013,1,9,4,0,22.8
2013,1,9,5,23,21.6
2013,1,9,6,104,21.3
2013,1,9,7,458,21.6
2013,1,9,8,672,22.2
2013,1,9,9,854,22.4
2013,1,9,10,992,22.1
2013,1,9,11,1057,21.5
2013,1,9,12,1056,21
2013,1,9,13,1006,20.8
2013,1,9,14,878,20.7
2013,1,9,15,703,20.5
2013,1,9,16,498,20.2
2013,1,9,17,276,19.7
2013,1,9,18,76,19.3
2013,1,9,19,0,19.1
2013,1,9,20,0,19.1
2013,1,9,21,0,19.1
2013,1,9,22,0,19.1
2013,1,9,23,0,19.2
2013,1,10,0,0,19.2
2013,1,10,1,0,19.3
2013,1,10,2,0,19.4
2013,1,10,3,0,19.6
2013,1,10,4,0,19.9
2013,1,10,5,60,20.8
2013,1,10,6,249,21.8
2013,1,10,7,38,22.5
2013,1,10,8,121,23
2013,1,10,9,289,23.2
2013,1,10,10,508,23.7
2013,1,10,11,731,23.8
2013,1,10,12,685,23.9
2013,1,10,13,981,23.9
2013,1,10,14,857,23.6
2013,1,10,15,684,23.3
2013,1,10,16,484,22.8
2013,1,10,17,266,22.3
2013,1,10,18,72,21.8
2013,1,10,19,0,21.6
2013,1,10,20,0,21.5
2013,1,10,21,0,21.4
2013,1,10,22,0,21.3
2013,1,10,23,0,21.1
2013,1,11,0,0,20.9
2013,1,11,1,0,20.7
2013,1,11,2,0,20.6
2013,1,11,3,0,20.5
2013,1,11,4,0,20.7
2013,1,11,5,57,21.4
2013,1,11,6,245,22.5
2013,1,11,7,462,23.6
2013,1,11,8,670,24.8
2013,1,11,9,853,25.4
2013,1,11,10,997,27.8
2013,1,11,11,1064,29.1
2013,1,11,12,1064,30
2013,1,11,13,1001,30.5
2013,1,11,14,876,30.6
2013,1,11,15,701,30.1
2013,1,11,16,493,28.9
2013,1,11,17,272,27.3
2013,1,11,18,75,25.8
2013,1,11,19,0,24.9
2013,1,11,20,0,24.5
2013,1,11,21,0,24.3
2013,1,11,22,0,24.1
2013,1,11,23,0,24
2013,1,12,0,0,23.9
2013,1,12,1,0,23.8
2013,1,12,2,0,23.5
2013,1,12,3,0,23.3
2013,1,12,4,0,23.4
2013,1,12,5,61,24.4
2013,1,12,6,87,26
2013,1,12,7,115,28.1
2013,1,12,8,148,31
2013,1,12,9,422,32.5
2013,1,12,10,279,34
2013,1,12,11,594,33.8
2013,1,12,12,734,32.9
2013,1,12,13,766,31.1
2013,1,12,14,647,28.4
2013,1,12,15,208,25.6
2013,1,12,16,376,23.4
2013,1,12,17,163,21.9
2013,1,12,18,44,21.1
2013,1,12,19,0,20.8
2013,1,12,20,0,20.6
2013,1,12,21,0,20.5
2013,1,12,22,0,20.4
2013,1,12,23,0,20.4
2013,1,13,0,0,20.4
2013,1,13,1,0,20.3
2013,1,13,2,0,20.2
2013,1,13,3,0,20.2
2013,1,13,4,0,20.4
2013,1,13,5,42,20.8
2013,1,13,6,184,21.5
2013,1,13,7,434,22.2
2013,1,13,8,636,22.9
2013,1,13,9,225,23.2
2013,1,13,10,385,23.4
2013,1,13,11,116,23.2
2013,1,13,12,326,23.1
2013,1,13,13,203,23
2013,1,13,14,218,22.6
2013,1,13,15,160,22
2013,1,13,16,78,21.3
2013,1,13,17,116,20.8
2013,1,13,18,27,20.3
2013,1,13,19,0,20
2013,1,13,20,0,19.9
2013,1,13,21,0,19.6
2013,1,13,22,0,19.2
2013,1,13,23,0,18.8
2013,1,14,0,0,18.6
2013,1,14,1,0,18.5
2013,1,14,2,0,18.5
2013,1,14,3,0,18.5
2013,1,14,4,0,18.6
2013,1,14,5,20,18.7
2013,1,14,6,102,18.9
2013,1,14,7,92,19.3
2013,1,14,8,695,19.9
2013,1,14,9,883,20.2
2013,1,14,10,1018,20.9
2013,1,14,11,1086,21.2
2013,1,14,12,1084,21.3
2013,1,14,13,1016,21.4
2013,1,14,14,885,21.4
2013,1,14,15,708,21.2
2013,1,14,16,498,20.9
2013,1,14,17,20,20.5
2013,1,14,18,6,20
2013,1,14,19,0,19.6
2013,1,14,20,0,19.4
2013,1,14,21,0,19.3
2013,1,14,22,0,19.1
2013,1,14,23,0,18.9
2013,1,15,0,0,18.8
2013,1,15,1,0,18.7
2013,1,15,2,0,18.6
2013,1,15,3,0,18.5
2013,1,15,4,0,18.7
2013,1,15,5,57,19.4
2013,1,15,6,255,20.3
2013,1,15,7,482,21.2
2013,1,15,8,402,22
2013,1,15,9,875,22.4
2013,1,15,10,998,23.6
2013,1,15,11,1066,24.2
2013,1,15,12,1071,24.5
2013,1,15,13,1013,24.5
2013,1,15,14,887,24.1
2013,1,15,15,714,23.5
2013,1,15,16,504,22.7
2013,1,15,17,281,22
2013,1,15,18,78,21.4
2013,1,15,19,0,21
2013,1,15,20,0,20.9
2013,1,15,21,0,20.7
2013,1,15,22,0,20.4
2013,1,15,23,0,20.1
2013,1,16,0,0,19.8
2013,1,16,1,0,19.5
2013,1,16,2,0,19.2
2013,1,16,3,0,19.1
2013,1,16,4,0,19.2
2013,1,16,5,52,20
2013,1,16,6,244,21.4
2013,1,16,7,465,23
2013,1,16,8,632,24.4
2013,1,16,9,720,25.1
2013,1,16,10,980,26.7
2013,1,16,11,899,27.2
2013,1,16,12,1057,27.3
2013,1,16,13,999,27
2013,1,16,14,877,26.5
2013,1,16,15,608,25.7
2013,1,16,16,332,24.7
2013,1,16,17,130,23.6
2013,1,16,18,73,22.7
2013,1,16,19,0,22.2
2013,1,16,20,0,21.8
2013,1,16,21,0,21.4
2013,1,16,22,0,21.1
2013,1,16,23,0,20.8
2013,1,17,0,0,20.6
2013,1,17,1,0,20.4
2013,1,17,2,0,20.3
2013,1,17,3,0,20.2
2013,1,17,4,0,20.4
2013,1,17,5,46,21
2013,1,17,6,230,22.2
2013,1,17,7,447,23.6
2013,1,17,8,656,24.8
2013,1,17,9,834,25.4
2013,1,17,10,979,27
2013,1,17,11,1047,27.8
2013,1,17,12,1049,28.2
2013,1,17,13,987,28.1
2013,1,17,14,864,27.7
2013,1,17,15,691,27
2013,1,17,16,485,26
2013,1,17,17,264,24.9
2013,1,17,18,69,24
2013,1,17,19,0,23.5
2013,1,17,20,0,23.2
2013,1,17,21,0,23
2013,1,17,22,0,22.8
2013,1,17,23,0,22.7
2013,1,18,0,0,22.6
2013,1,18,1,0,22.4
2013,1,18,2,0,22.3
2013,1,18,3,0,22.2
2013,1,18,4,0,22.2
2013,1,18,5,42,23
2013,1,18,6,222,24.7
2013,1,18,7,438,27.3
2013,1,18,8,645,30.7
2013,1,18,9,822,32.5
2013,1,18,10,945,36
2013,1,18,11,1013,37
2013,1,18,12,1018,37.4
2013,1,18,13,959,37.1
2013,1,18,14,341,36.2
2013,1,18,15,160,35
2013,1,18,16,138,34
2013,1,18,17,159,33.1
2013,1,18,18,41,30.9
2013,1,18,19,0,27
2013,1,18,20,0,23.6
2013,1,18,21,0,21.7
2013,1,18,22,0,21
2013,1,18,23,0,20.6
2013,1,19,0,0,20.4
2013,1,19,1,0,20.4
2013,1,19,2,0,20.5
2013,1,19,3,0,20.6
2013,1,19,4,0,20.7
2013,1,19,5,28,21.3
2013,1,19,6,145,22
2013,1,19,7,349,22.6
2013,1,19,8,519,23.1
2013,1,19,9,582,23.3
2013,1,19,10,586,23.4
2013,1,19,11,640,23.2
2013,1,19,12,500,22.8
2013,1,19,13,209,22.4
2013,1,19,14,248,22
2013,1,19,15,251,21.5
2013,1,19,16,144,20.9
2013,1,19,17,140,20.3
2013,1,19,18,36,19.9
2013,1,19,19,0,19.8
2013,1,19,20,0,19.9
2013,1,19,21,0,20
2013,1,19,22,0,20
2013,1,19,23,0,20
2013,1,20,0,0,20
2013,1,20,1,0,20
2013,1,20,2,0,20
2013,1,20,3,0,20.1
2013,1,20,4,0,20.2
2013,1,20,5,4,20.4
2013,1,20,6,11,20.6
2013,1,20,7,211,21
2013,1,20,8,96,21.4
2013,1,20,9,67,21.6
2013,1,20,10,242,22.4
2013,1,20,11,196,23
2013,1,20,12,230,23.4
2013,1,20,13,405,23.5
2013,1,20,14,251,23.4
2013,1,20,15,157,23.1
2013,1,20,16,243,22.7
2013,1,20,17,130,22.2
2013,1,20,18,62,21.8
2013,1,20,19,0,21.5
2013,1,20,20,0,21.4
2013,1,20,21,0,21.2
2013,1,20,22,0,21.1
2013,1,20,23,0,20.9
2013,1,21,0,0,20.7
2013,1,21,1,0,20.6
2013,1,21,2,0,20.7
2013,1,21,3,0,20.7
2013,1,21,4,0,21
2013,1,21,5,10,21.8
2013,1,21,6,209,22.8
2013,1,21,7,140,23.6
2013,1,21,8,628,24.2
2013,1,21,9,808,24.6
2013,1,21,10,947,25.3
2013,1,21,11,1020,25.6
2013,1,21,12,1030,25.7
2013,1,21,13,988,25.6
2013,1,21,14,869,25.4
2013,1,21,15,699,24.9
2013,1,21,16,492,24.3
2013,1,21,17,270,23.6
2013,1,21,18,71,23
2013,1,21,19,0,22.5
2013,1,21,20,0,22.3
2013,1,21,21,0,22
2013,1,21,22,0,21.7
2013,1,21,23,0,21.4
2013,1,22,0,0,21.2
2013,1,22,1,0,21
2013,1,22,2,0,20.9
2013,1,22,3,0,20.8
2013,1,22,4,0,21
2013,1,22,5,37,21.8
2013,1,22,6,216,23.1
2013,1,22,7,433,24.7
2013,1,22,8,641,26.1
2013,1,22,9,814,26.8
2013,1,22,10,939,28
2013,1,22,11,1009,28.2
2013,1,22,12,833,28.1
2013,1,22,13,206,27.8
2013,1,22,14,357,27.6
2013,1,22,15,236,27.2
2013,1,22,16,123,26.4
2013,1,22,17,146,25.5
2013,1,22,18,37,24.7
2013,1,22,19,0,24.1
2013,1,22,20,0,23.7
2013,1,22,21,0,23.4
2013,1,22,22,0,23
2013,1,22,23,0,22.8
2013,1,23,0,0,22.6
2013,1,23,1,0,22.4
2013,1,23,2,0,22
2013,1,23,3,0,21.5
2013,1,23,4,0,21.1
2013,1,23,5,20,21.1
2013,1,23,6,14,21.4
2013,1,23,7,408,21.8
2013,1,23,8,617,22.3
2013,1,23,9,796,22.6
2013,1,23,10,921,23.2
2013,1,23,11,997,23.5
2013,1,23,12,1007,23.6
2013,1,23,13,970,23.5
2013,1,23,14,847,23.2
2013,1,23,15,675,22.7
2013,1,23,16,467,22.3
2013,1,23,17,132,21.8
2013,1,23,18,34,21.4
2013,1,23,19,0,21.3
2013,1,23,20,0,21.3
2013,1,23,21,0,21.2
2013,1,23,22,0,21.2
2013,1,23,23,0,21.1
2013,1,24,0,0,21.1
2013,1,24,1,0,21
2013,1,24,2,0,20.9
2013,1,24,3,0,20.8
2013,1,24,4,0,21
2013,1,24,5,30,21.5
2013,1,24,6,204,22.3
2013,1,24,7,418,23.1
2013,1,24,8,626,23.9
2013,1,24,9,806,24.3
2013,1,24,10,942,25.4
2013,1,24,11,1015,25.8
2013,1,24,12,1023,26.1
2013,1,24,13,980,26.2
2013,1,24,14,864,26.1
2013,1,24,15,696,25.8
2013,1,24,16,491,25.2
2013,1,24,17,271,24.5
2013,1,24,18,70,23.7
2013,1,24,19,0,23.3
2013,1,24,20,0,23.1
2013,1,24,21,0,23
2013,1,24,22,0,22.9
2013,1,24,23,0,22.8
2013,1,25,0,0,22.7
2013,1,25,1,0,22.4
2013,1,25,2,0,22.2
2013,1,25,3,0,22.1
2013,1,25,4,0,22.2
2013,1,25,5,34,23
2013,1,25,6,219,24.2
2013,1,25,7,438,25.2
2013,1,25,8,647,26
2013,1,25,9,826,26.4
2013,1,25,10,954,27.4
2013,1,25,11,1025,27.8
2013,1,25,12,1033,27.9
2013,1,25,13,979,27.8
2013,1,25,14,859,27.4
2013,1,25,15,690,26.9
2013,1,25,16,484,26.3
2013,1,25,17,263,25.5
2013,1,25,18,64,24.7
2013,1,25,19,0,24.3
2013,1,25,20,0,24.1
2013,1,25,21,0,24
2013,1,25,22,0,23.9
2013,1,25,23,0,23.8
2013,1,26,0,0,23.8
2013,1,26,1,0,23.7
2013,1,26,2,0,23.6
2013,1,26,3,0,23.5
2013,1,26,4,0,23.5
2013,1,26,5,28,24
2013,1,26,6,134,24.8
2013,1,26,7,345,25.7
2013,1,26,8,437,26.5
2013,1,26,9,458,26.9
2013,1,26,10,504,27.6
2013,1,26,11,767,27.7
2013,1,26,12,848,27.5
2013,1,26,13,701,27.2
2013,1,26,14,536,26.7
2013,1,26,15,657,26.2
2013,1,26,16,459,25.6
2013,1,26,17,241,25
2013,1,26,18,55,24.5
2013,1,26,19,0,24.2
2013,1,26,20,0,24.2
2013,1,26,21,0,24.2
2013,1,26,22,0,24.2
2013,1,26,23,0,24.2
2013,1,27,0,0,23.9
2013,1,27,1,0,23.4
2013,1,27,2,0,22.9
2013,1,27,3,0,22.7
2013,1,27,4,0,22.7
2013,1,27,5,9,22.8
2013,1,27,6,43,23
2013,1,27,7,27,23.3
2013,1,27,8,71,23.6
2013,1,27,9,50,23.7
2013,1,27,10,169,24.2
2013,1,27,11,78,24.3
2013,1,27,12,111,24.3
2013,1,27,13,122,24.2
2013,1,27,14,135,23.9
2013,1,27,15,144,23.6
2013,1,27,16,147,23.2
2013,1,27,17,21,22.8
2013,1,27,18,8,22.4
2013,1,27,19,0,22.4
2013,1,27,20,0,22.5
2013,1,27,21,0,22.6
2013,1,27,22,0,22.6
2013,1,27,23,0,22.6
2013,1,28,0,0,22.4
2013,1,28,1,0,22.2
2013,1,28,2,0,22.1
2013,1,28,3,0,22
2013,1,28,4,0,22
2013,1,28,5,3,22.2
2013,1,28,6,8,22.5
2013,1,28,7,15,22.8
2013,1,28,8,45,23.1
2013,1,28,9,46,23.2
2013,1,28,10,77,23.1
2013,1,28,11,112,22.8
2013,1,28,12,96,22.6
2013,1,28,13,65,22.4
2013,1,28,14,65,22.3
2013,1,28,15,105,22.2
2013,1,28,16,21,22.1
2013,1,28,17,125,21.9
2013,1,28,18,30,21.8
2013,1,28,19,0,21.7
2013,1,28,20,0,21.7
2013,1,28,21,0,21.7
2013,1,28,22,0,21.8
2013,1,28,23,0,21.9
2013,1,29,0,0,21.9
2013,1,29,1,0,21.8
2013,1,29,2,0,21.8
2013,1,29,3,0,21.9
2013,1,29,4,0,22.1
2013,1,29,5,8,22.4
2013,1,29,6,94,22.8
2013,1,29,7,235,23.3
2013,1,29,8,340,23.9
2013,1,29,9,516,24.3
2013,1,29,10,159,25.1
2013,1,29,11,995,25.5
2013,1,29,12,1011,25.5
2013,1,29,13,952,24.8
2013,1,29,14,687,23.7
2013,1,29,15,672,22.9
2013,1,29,16,470,22.2
2013,1,29,17,252,21.5
2013,1,29,18,58,21
2013,1,29,19,0,20.7
2013,1,29,20,0,20.7
2013,1,29,21,0,20.7
2013,1,29,22,0,20.8
2013,1,29,23,0,20.8
2013,1,30,0,0,20.8
2013,1,30,1,0,20.7
2013,1,30,2,0,20.6
2013,1,30,3,0,20.5
2013,1,30,4,0,20.5
2013,1,30,5,18,20.7
2013,1,30,6,184,21.1
2013,1,30,7,400,21.5
2013,1,30,8,613,22
2013,1,30,9,799,22.2
2013,1,30,10,928,22.8
2013,1,30,11,1001,23.1
2013,1,30,12,1009,23.2
2013,1,30,13,954,23.3
2013,1,30,14,837,23.3
2013,1,30,15,668,23.2
2013,1,30,16,460,23
2013,1,30,17,241,22.6
2013,1,30,18,53,22.1
2013,1,30,19,0,21.9
2013,1,30,20,0,21.9
2013,1,30,21,0,21.8
2013,1,30,22,0,21.7
2013,1,30,23,0,21.6
2013,1,31,0,0,21.4
2013,1,31,1,0,21.2
2013,1,31,2,0,21.1
2013,1,31,3,0,20.9
2013,1,31,4,0,20.9
2013,1,31,5,20,21.4
2013,1,31,6,190,22.4
2013,1,31,7,411,23.4
2013,1,31,8,627,24.1
2013,1,31,9,811,24.4
2013,1,31,10,947,25.3
2013,1,31,11,1019,25.8
2013,1,31,12,1024,26.1
2013,1,31,13,974,26.2
2013,1,31,14,852,25.9
2013,1,31,15,682,25.4
2013,1,31,16,477,24.8
2013,1,31,17,256,24
2013,1,31,18,58,23.2
2013,1,31,19,0,22.9
2013,1,31,20,0,22.8
2013,1,31,21,0,22.8
2013,1,31,22,0,22.7
2013,1,31,23,0,22.5
2013,2,1,0,0,22.4
2013,2,1,1,0,22.2
2013,2,1,2,0,22.1
2013,2,1,3,0,21.9
2013,2,1,4,0,21.9
2013,2,1,5,16,22.3
2013,2,1,6,87,23
2013,2,1,7,284,23.6
2013,2,1,8,593,23.7
2013,2,1,9,753,23.6
2013,2,1,10,600,22
2013,2,1,11,138,21.1
2013,2,1,12,402,20.5
2013,2,1,13,110,20.2
2013,2,1,14,52,19.9
2013,2,1,15,82,19.5
2013,2,1,16,48,19.3
2013,2,1,17,73,19.1
2013,2,1,18,18,18.9
2013,2,1,19,0,18.8
2013,2,1,20,0,18.5
2013,2,1,21,0,18.3
2013,2,1,22,0,18.1
2013,2,1,23,0,17.9
2013,2,2,0,0,17.8
2013,2,2,1,0,17.6
2013,2,2,2,0,17.3
2013,2,2,3,0,17.1
2013,2,2,4,0,16.9
2013,2,2,5,2,17
2013,2,2,6,7,17.4
2013,2,2,7,16,18
2013,2,2,8,29,18.7
2013,2,2,9,104,19
2013,2,2,10,150,19.4
2013,2,2,11,278,19.2
2013,2,2,12,595,19.1
2013,2,2,13,955,19.1
2013,2,2,14,383,19.1
2013,2,2,15,498,18.9
2013,2,2,16,166,18.7
2013,2,2,17,200,18.3
2013,2,2,18,41,18
2013,2,2,19,0,17.8
2013,2,2,20,0,17.7
2013,2,2,21,0,17.6
2013,2,2,22,0,17.4
2013,2,2,23,0,17.4
2013,2,3,0,0,17.3
2013,2,3,1,0,17.1
2013,2,3,2,0,17
2013,2,3,3,0,17
2013,2,3,4,0,17.1
2013,2,3,5,4,17.5
2013,2,3,6,46,18.2
2013,2,3,7,118,18.9
2013,2,3,8,240,19.6
2013,2,3,9,551,19.8
2013,2,3,10,949,20.4
2013,2,3,11,214,20.7
2013,2,3,12,363,20.9
2013,2,3,13,812,21
2013,2,3,14,864,21
2013,2,3,15,689,20.8
2013,2,3,16,152,20.6
2013,2,3,17,138,20.1
2013,2,3,18,25,19.6
2013,2,3,19,0,19.4
2013,2,3,20,0,19.3
2013,2,3,21,0,19.2
2013,2,3,22,0,19.1
2013,2,3,23,0,19.1
2013,2,4,0,0,19
2013,2,4,1,0,18.9
2013,2,4,2,0,18.8
2013,2,4,3,0,18.7
2013,2,4,4,0,18.8
2013,2,4,5,16,19.4
2013,2,4,6,189,20.2
2013,2,4,7,411,20.8
2013,2,4,8,339,21.3
2013,2,4,9,810,21.5
2013,2,4,10,941,22
2013,2,4,11,1018,22.2
2013,2,4,12,1032,22.2
2013,2,4,13,973,22.1
2013,2,4,14,853,21.9
2013,2,4,15,683,21.7
2013,2,4,16,468,21.5
2013,2,4,17,247,21
2013,2,4,18,51,20.4
2013,2,4,19,0,20.1
2013,2,4,20,0,20
2013,2,4,21,0,19.9
2013,2,4,22,0,19.8
2013,2,4,23,0,19.7
2013,2,5,0,0,19.7
2013,2,5,1,0,19.5
2013,2,5,2,0,19.4
2013,2,5,3,0,19.4
2013,2,5,4,0,19.4
2013,2,5,5,4,20
2013,2,5,6,62,20.7
2013,2,5,7,161,21.3
2013,2,5,8,436,22
2013,2,5,9,480,22.3
2013,2,5,10,945,22.9
2013,2,5,11,1022,23.2
2013,2,5,12,1032,23.3
2013,2,5,13,972,23.2
2013,2,5,14,855,23
2013,2,5,15,683,22.7
2013,2,5,16,474,22.3
2013,2,5,17,249,21.8
2013,2,5,18,51,21.1
2013,2,5,19,0,20.7
2013,2,5,20,0,20.4
2013,2,5,21,0,20.1
2013,2,5,22,0,20
2013,2,5,23,0,19.8
2013,2,6,0,0,19.8
2013,2,6,1,0,19.7
2013,2,6,2,0,19.6
2013,2,6,3,0,19.5
2013,2,6,4,0,19.5
2013,2,6,5,13,20
2013,2,6,6,182,21
2013,2,6,7,319,21.9
2013,2,6,8,624,22.6
2013,2,6,9,811,22.9
2013,2,6,10,949,23.5
2013,2,6,11,1027,23.7
2013,2,6,12,1037,23.8
2013,2,6,13,981,23.8
2013,2,6,14,860,23.6
2013,2,6,15,688,23.3
2013,2,6,16,476,22.9
2013,2,6,17,249,22.2
2013,2,6,18,50,21.4
2013,2,6,19,0,20.9
2013,2,6,20,0,20.5
2013,2,6,21,0,20.3
2013,2,6,22,0,20
2013,2,6,23,0,19.8
2013,2,7,0,0,19.6
2013,2,7,1,0,19.4
2013,2,7,2,0,19.2
2013,2,7,3,0,19
2013,2,7,4,0,18.9
2013,2,7,5,12,19.5
2013,2,7,6,178,20.7
2013,2,7,7,402,21.9
2013,2,7,8,619,23
2013,2,7,9,806,23.5
2013,2,7,10,942,24.4
2013,2,7,11,1019,24.7
2013,2,7,12,1032,24.9
2013,2,7,13,977,25
2013,2,7,14,858,24.8
2013,2,7,15,683,24.5
2013,2,7,16,471,24
2013,2,7,17,244,23.2
2013,2,7,18,47,22.3
2013,2,7,19,0,21.9
2013,2,7,20,0,21.6
2013,2,7,21,0,21.3
2013,2,7,22,0,21
2013,2,7,23,0,20.6
2013,2,8,0,0,20.2
2013,2,8,1,0,19.9
2013,2,8,2,0,19.7
2013,2,8,3,0,19.5
2013,2,8,4,0,19.4
2013,2,8,5,0,20.1
2013,2,8,6,177,21.3
2013,2,8,7,400,22.6
2013,2,8,8,616,23.8
2013,2,8,9,802,24.3
2013,2,8,10,934,25.4
2013,2,8,11,1010,25.9
2013,2,8,12,1017,26.2
2013,2,8,13,962,26.3
2013,2,8,14,842,26.2
2013,2,8,15,669,25.9
2013,2,8,16,458,25.3
2013,2,8,17,235,24.4
2013,2,8,18,43,23.5
2013,2,8,19,0,23
2013,2,8,20,0,22.6
2013,2,8,21,0,22.2
2013,2,8,22,0,21.9
2013,2,8,23,0,21.5
2013,2,9,0,0,21.2
2013,2,9,1,0,20.9
2013,2,9,2,0,20.8
2013,2,9,3,0,20.7
2013,2,9,4,0,20.8
2013,2,9,5,0,21.3
2013,2,9,6,102,22.4
2013,2,9,7,386,23.5
2013,2,9,8,602,24.5
2013,2,9,9,787,24.9
2013,2,9,10,699,25.8
2013,2,9,11,770,26.3
2013,2,9,12,809,26.5
2013,2,9,13,690,26.6
2013,2,9,14,576,26.4
2013,2,9,15,330,26
2013,2,9,16,265,25.4
2013,2,9,17,186,24.5
2013,2,9,18,33,23.8
2013,2,9,19,0,23.3
2013,2,9,20,0,23
2013,2,9,21,0,22.7
2013,2,9,22,0,22.3
2013,2,9,23,0,22
2013,2,10,0,0,21.9
2013,2,10,1,0,22
2013,2,10,2,0,22
2013,2,10,3,0,21.9
2013,2,10,4,0,21.8
2013,2,10,5,0,22.1
2013,2,10,6,123,23
2013,2,10,7,369,24.1
2013,2,10,8,581,25.3
2013,2,10,9,763,25.9
2013,2,10,10,901,26.1
2013,2,10,11,971,25.8
2013,2,10,12,975,25.2
2013,2,10,13,772,24.4
2013,2,10,14,141,23.5
2013,2,10,15,322,22.7
2013,2,10,16,354,21.9
2013,2,10,17,56,21.2
2013,2,10,18,12,20.8
2013,2,10,19,0,20.7
2013,2,10,20,0,20.7
2013,2,10,21,0,20.7
2013,2,10,22,0,20.7
2013,2,10,23,0,20.7
2013,2,11,0,0,20.5
2013,2,11,1,0,20.3
2013,2,11,2,0,20.1
2013,2,11,3,0,20
2013,2,11,4,0,19.9
2013,2,11,5,0,20
2013,2,11,6,144,20.5
2013,2,11,7,352,21
2013,2,11,8,561,21.5
2013,2,11,9,741,21.6
2013,2,11,10,122,21.8
2013,2,11,11,208,21.8
2013,2,11,12,407,21.8
2013,2,11,13,248,21.7
2013,2,11,14,176,21.5
2013,2,11,15,230,21.3
2013,2,11,16,411,21.1
2013,2,11,17,202,20.8
2013,2,11,18,28,20.5
2013,2,11,19,0,20.5
2013,2,11,20,0,20.5
2013,2,11,21,0,20.5
2013,2,11,22,0,20.5
2013,2,11,23,0,20.5
2013,2,12,0,0,20.4
2013,2,12,1,0,20.3
2013,2,12,2,0,20.2
2013,2,12,3,0,20.1
2013,2,12,4,0,20.1
2013,2,12,5,0,20.3
2013,2,12,6,98,20.7
2013,2,12,7,259,21.1
2013,2,12,8,67,21.5
2013,2,12,9,65,21.7
2013,2,12,10,897,22
2013,2,12,11,976,22.1
2013,2,12,12,345,22.1
2013,2,12,13,181,22.1
2013,2,12,14,223,22.1
2013,2,12,15,218,21.9
2013,2,12,16,199,21.6
2013,2,12,17,155,21.1
2013,2,12,18,33,20.6
2013,2,12,19,0,20.4
2013,2,12,20,0,20.2
2013,2,12,21,0,20.1
2013,2,12,22,0,20.1
2013,2,12,23,0,20
2013,2,13,0,0,20
2013,2,13,1,0,19.9
2013,2,13,2,0,19.9
2013,2,13,3,0,19.9
2013,2,13,4,0,20
2013,2,13,5,0,20.4
2013,2,13,6,106,21.1
2013,2,13,7,382,21.7
2013,2,13,8,600,22.1
2013,2,13,9,787,22.4
2013,2,13,10,764,22.7
2013,2,13,11,668,22.7
2013,2,13,12,1003,22.7
2013,2,13,13,947,22.7
2013,2,13,14,829,22.6
2013,2,13,15,658,22.4
2013,2,13,16,446,22
2013,2,13,17,112,21.4
2013,2,13,18,34,20.6
2013,2,13,19,0,20.3
2013,2,13,20,0,20.2
2013,2,13,21,0,20.2
2013,2,13,22,0,20.1
2013,2,13,23,0,20.1
2013,2,14,0,0,20
2013,2,14,1,0,20
2013,2,14,2,0,20
2013,2,14,3,0,20
2013,2,14,4,0,20
2013,2,14,5,0,20.3
2013,2,14,6,159,21.1
2013,2,14,7,382,21.9
2013,2,14,8,601,22.5
2013,2,14,9,786,22.8
2013,2,14,10,924,23.6
2013,2,14,11,1004,24.1
2013,2,14,12,1015,24.3
2013,2,14,13,957,24.3
2013,2,14,14,836,24.1
2013,2,14,15,662,23.9
2013,2,14,16,451,23.4
2013,2,14,17,225,22.6
2013,2,14,18,33,21.8
2013,2,14,19,0,21.4
2013,2,14,20,0,21.2
2013,2,14,21,0,21.1
2013,2,14,22,0,21
2013,2,14,23,0,21
2013,2,15,0,0,20.9
2013,2,15,1,0,20.9
2013,2,15,2,0,20.8
2013,2,15,3,0,20.7
2013,2,15,4,0,20.6
2013,2,15,5,0,21
2013,2,15,6,12,21.7
2013,2,15,7,373,22.2
2013,2,15,8,57,22.8
2013,2,15,9,79,23.2
2013,2,15,10,525,23.8
2013,2,15,11,964,24
2013,2,15,12,978,24.1
2013,2,15,13,934,24.1
2013,2,15,14,815,24
2013,2,15,15,645,23.7
2013,2,15,16,437,23.2
2013,2,15,17,216,22.6
2013,2,15,18,30,22.1
2013,2,15,19,0,21.8
2013,2,15,20,0,21.7
2013,2,15,21,0,21.6
2013,2,15,22,0,21.4
2013,2,15,23,0,21.3
2013,2,16,0,0,21.1
2013,2,16,1,0,20.8
2013,2,16,2,0,20.6
2013,2,16,3,0,20.4
2013,2,16,4,0,20.4
2013,2,16,5,0,21
2013,2,16,6,57,21.7
2013,2,16,7,374,22.3
2013,2,16,8,404,22.8
2013,2,16,9,546,23.1
2013,2,16,10,672,23.7
2013,2,16,11,807,24
2013,2,16,12,900,24.2
2013,2,16,13,687,24.1
2013,2,16,14,821,23.8
2013,2,16,15,566,23.4
2013,2,16,16,192,22.9
2013,2,16,17,81,22.2
2013,2,16,18,28,21.5
2013,2,16,19,0,21.2
2013,2,16,20,0,21.1
2013,2,16,21,0,20.9
2013,2,16,22,0,20.9
2013,2,16,23,0,20.8
2013,2,17,0,0,20.8
2013,2,17,1,0,20.8
2013,2,17,2,0,20.7
2013,2,17,3,0,20.7
2013,2,17,4,0,20.7
2013,2,17,5,0,20.8
2013,2,17,6,151,21.1
2013,2,17,7,372,21.6
2013,2,17,8,206,22.2
2013,2,17,9,779,22.6
2013,2,17,10,893,23.6
2013,2,17,11,973,24
2013,2,17,12,989,24.2
2013,2,17,13,947,24.1
2013,2,17,14,828,23.9
2013,2,17,15,655,23.5
2013,2,17,16,443,22.9
2013,2,17,17,217,22.1
2013,2,17,18,27,21.3
2013,2,17,19,0,21
2013,2,17,20,0,20.8
2013,2,17,21,0,20.7
2013,2,17,22,0,20.6
2013,2,17,23,0,20.7
2013,2,18,0,0,20.8
2013,2,18,1,0,20.8
2013,2,18,2,0,20.8
2013,2,18,3,0,20.8
2013,2,18,4,0,20.9
2013,2,18,5,0,21.2
2013,2,18,6,69,21.9
2013,2,18,7,179,22.6
2013,2,18,8,585,23.2
2013,2,18,9,774,23.4
2013,2,18,10,917,24.1
2013,2,18,11,993,24.4
2013,2,18,12,1003,24.5
2013,2,18,13,941,24.5
2013,2,18,14,540,24.3
2013,2,18,15,389,23.9
2013,2,18,16,426,23.4
2013,2,18,17,201,22.8
2013,2,18,18,22,22.3
2013,2,18,19,0,22.1
2013,2,18,20,0,22
2013,2,18,21,0,21.9
2013,2,18,22,0,21.8
2013,2,18,23,0,21.6
2013,2,19,0,0,21.4
2013,2,19,1,0,21.1
2013,2,19,2,0,20.9
2013,2,19,3,0,20.7
2013,2,19,4,0,20.6
2013,2,19,5,0,21
2013,2,19,6,138,22
2013,2,19,7,355,23.2
2013,2,19,8,441,24.2
2013,2,19,9,756,24.6
2013,2,19,10,895,25.5
2013,2,19,11,974,25.8
2013,2,19,12,986,26
2013,2,19,13,932,26
2013,2,19,14,813,25.9
2013,2,19,15,641,25.6
2013,2,19,16,429,25.1
2013,2,19,17,204,24.3
2013,2,19,18,21,23.4
2013,2,19,19,0,22.9
2013,2,19,20,0,22.6
2013,2,19,21,0,22.4
2013,2,19,22,0,22.3
2013,2,19,23,0,22.3
2013,2,20,0,0,22.4
2013,2,20,1,0,22.4
2013,2,20,2,0,22.3
2013,2,20,3,0,22.2
2013,2,20,4,0,22
2013,2,20,5,0,22.3
2013,2,20,6,134,23.1
2013,2,20,7,351,23.8
2013,2,20,8,567,24.4
2013,2,20,9,754,24.7
2013,2,20,10,890,25.1
2013,2,20,11,967,25.3
2013,2,20,12,327,25.4
2013,2,20,13,920,25.3
2013,2,20,14,799,25.1
2013,2,20,15,626,24.8
2013,2,20,16,415,24.3
2013,2,20,17,193,23.6
2013,2,20,18,18,23.1
2013,2,20,19,0,22.8
2013,2,20,20,0,22.7
2013,2,20,21,0,22.6
2013,2,20,22,0,22.5
2013,2,20,23,0,22.3
2013,2,21,0,0,22.2
2013,2,21,1,0,22.1
2013,2,21,2,0,22.1
2013,2,21,3,0,22
2013,2,21,4,0,22
2013,2,21,5,0,22.3
2013,2,21,6,135,22.9
2013,2,21,7,353,23.4
2013,2,21,8,567,24.1
2013,2,21,9,752,24.4
2013,2,21,10,886,25
2013,2,21,11,959,25.3
2013,2,21,12,968,25.4
2013,2,21,13,912,25.3
2013,2,21,14,791,25.1
2013,2,21,15,617,24.8
2013,2,21,16,408,24.2
2013,2,21,17,106,23.5
2013,2,21,18,16,23
2013,2,21,19,0,22.7
2013,2,21,20,0,22.6
2013,2,21,21,0,22.5
2013,2,21,22,0,22.4
2013,2,21,23,0,22.3
2013,2,22,0,0,22.1
2013,2,22,1,0,22
2013,2,22,2,0,22
2013,2,22,3,0,22
2013,2,22,4,0,22.1
2013,2,22,5,0,22.5
2013,2,22,6,114,23
2013,2,22,7,307,23.5
2013,2,22,8,379,23.8
2013,2,22,9,382,24
2013,2,22,10,562,24.2
2013,2,22,11,725,24.1
2013,2,22,12,680,24
2013,2,22,13,702,23.8
2013,2,22,14,584,23.5
2013,2,22,15,365,23.1
2013,2,22,16,255,22.7
2013,2,22,17,105,22.4
2013,2,22,18,8,22.3
2013,2,22,19,0,22.3
2013,2,22,20,0,22.2
2013,2,22,21,0,21.9
2013,2,22,22,0,21.3
2013,2,22,23,0,20.8
2013,2,23,0,0,20.5
2013,2,23,1,0,20.5
2013,2,23,2,0,20.7
2013,2,23,3,0,20.9
2013,2,23,4,0,21.1
2013,2,23,5,0,21.4
2013,2,23,6,6,21.7
2013,2,23,7,14,22
2013,2,23,8,53,22.3
2013,2,23,9,61,22.3
2013,2,23,10,207,22.6
2013,2,23,11,291,23
2013,2,23,12,389,23.3
2013,2,23,13,404,23.6
2013,2,23,14,210,23.7
2013,2,23,15,161,23.6
2013,2,23,16,202,23.5
2013,2,23,17,81,23.4
2013,2,23,18,4,23.5
2013,2,23,19,0,23.6
2013,2,23,20,0,23.7
2013,2,23,21,0,23.8
2013,2,23,22,0,23.8
2013,2,23,23,0,23.7
2013,2,24,0,0,23.7
2013,2,24,1,0,23.7
2013,2,24,2,0,23.8
2013,2,24,3,0,23.7
2013,2,24,4,0,23.6
2013,2,24,5,0,23.6
2013,2,24,6,19,23.9
2013,2,24,7,60,24.4
2013,2,24,8,406,25
2013,2,24,9,464,25.2
2013,2,24,10,853,26
2013,2,24,11,923,26.3
2013,2,24,12,927,26.4
2013,2,24,13,436,26.3
2013,2,24,14,555,26
2013,2,24,15,519,25.5
2013,2,24,16,274,24.9
2013,2,24,17,146,24.4
2013,2,24,18,7,24.1
2013,2,24,19,0,24
2013,2,24,20,0,23.8
2013,2,24,21,0,23.7
2013,2,24,22,0,23.6
2013,2,24,23,0,23.4
2013,2,25,0,0,23.3
2013,2,25,1,0,23.1
2013,2,25,2,0,23
2013,2,25,3,0,22.9
2013,2,25,4,0,22.9
2013,2,25,5,0,23.2
2013,2,25,6,114,23.8
2013,2,25,7,322,24.6
2013,2,25,8,532,25.3
2013,2,25,9,714,25.6
2013,2,25,10,636,26.2
2013,2,25,11,917,26.4
2013,2,25,12,819,26.5
2013,2,25,13,681,26.4
2013,2,25,14,535,26
2013,2,25,15,400,25.5
2013,2,25,16,232,24.9
2013,2,25,17,93,24.2
2013,2,25,18,0,23.8
2013,2,25,19,0,23.6
2013,2,25,20,0,23.4
2013,2,25,21,0,23.2
2013,2,25,22,0,23
2013,2,25,23,0,22.9
2013,2,26,0,0,22.7
2013,2,26,1,0,22.6
2013,2,26,2,0,22.4
2013,2,26,3,0,22.3
2013,2,26,4,0,22.2
2013,2,26,5,0,22.4
2013,2,26,6,111,23
2013,2,26,7,322,23.7
2013,2,26,8,535,24.3
2013,2,26,9,718,24.6
2013,2,26,10,844,25.1
2013,2,26,11,918,25.3
2013,2,26,12,924,25.4
2013,2,26,13,871,25.3
2013,2,26,14,590,25
2013,2,26,15,358,24.6
2013,2,26,16,323,24.2
2013,2,26,17,136,23.7
2013,2,26,18,0,23.4
2013,2,26,19,0,23.2
2013,2,26,20,0,23.1
2013,2,26,21,0,22.9
2013,2,26,22,0,22.7
2013,2,26,23,0,22.5
2013,2,27,0,0,22.4
2013,2,27,1,0,22.2
2013,2,27,2,0,22.1
2013,2,27,3,0,22.1
2013,2,27,4,0,22.1
2013,2,27,5,0,22.3
2013,2,27,6,72,22.6
2013,2,27,7,220,23
2013,2,27,8,447,23.4
2013,2,27,9,711,23.6
2013,2,27,10,849,24.4
2013,2,27,11,927,25
2013,2,27,12,937,25.5
2013,2,27,13,878,25.6
2013,2,27,14,758,25.6
2013,2,27,15,557,25.3
2013,2,27,16,308,24.8
2013,2,27,17,131,24.2
2013,2,27,18,0,23.7
2013,2,27,19,0,23.4
2013,2,27,20,0,23.1
2013,2,27,21,0,22.8
2013,2,27,22,0,22.5
2013,2,27,23,0,22.2
2013,2,28,0,0,22
2013,2,28,1,0,21.9
2013,2,28,2,0,21.8
2013,2,28,3,0,21.7
2013,2,28,4,0,21.7
2013,2,28,5,0,21.9
2013,2,28,6,36,22.4
2013,2,28,7,113,23.4
2013,2,28,8,367,24.6
2013,2,28,9,389,25.1
2013,2,28,10,509,25.7
2013,2,28,11,190,26
2013,2,28,12,66,25.8
2013,2,28,13,240,24.7
2013,2,28,14,357,23.2
2013,2,28,15,51,22.1
2013,2,28,16,108,21.2
2013,2,28,17,41,20.3
2013,2,28,18,0,19.5
2013,2,28,19,0,19.2
2013,2,28,20,0,19.2
2013,2,28,21,0,19.3
2013,2,28,22,0,19.4
2013,2,28,23,0,19.5
2013,3,1,0,0,19.7
2013,3,1,1,0,20
2013,3,1,2,0,20.2
2013,3,1,3,0,20.2
2013,3,1,4,0,20.1
2013,3,1,5,0,20
2013,3,1,6,8,19.9
2013,3,1,7,18,19.9
2013,3,1,8,22,20
2013,3,1,9,148,20.2
2013,3,1,10,96,20.4
2013,3,1,11,121,20.5
2013,3,1,12,137,20.4
2013,3,1,13,145,20.3
2013,3,1,14,125,20.2
2013,3,1,15,184,20.1
2013,3,1,16,120,20
2013,3,1,17,45,19.9
2013,3,1,18,0,19.8
2013,3,1,19,0,19.9
2013,3,1,20,0,19.9
2013,3,1,21,0,20
2013,3,1,22,0,20
2013,3,1,23,0,20.1
2013,3,2,0,0,20.1
2013,3,2,1,0,20
2013,3,2,2,0,19.9
2013,3,2,3,0,19.9
2013,3,2,4,0,19.9
2013,3,2,5,0,20
2013,3,2,6,6,20.1
2013,3,2,7,14,20.4
2013,3,2,8,111,20.7
2013,3,2,9,291,20.8
2013,3,2,10,257,21.1
2013,3,2,11,496,21
2013,3,2,12,245,20.8
2013,3,2,13,627,20.7
2013,3,2,14,503,20.7
2013,3,2,15,376,20.7
2013,3,2,16,117,20.5
2013,3,2,17,44,20.5
2013,3,2,18,0,20.5
2013,3,2,19,0,20.6
2013,3,2,20,0,20.7
2013,3,2,21,0,20.7
2013,3,2,22,0,20.6
2013,3,2,23,0,20.5
2013,3,3,0,0,20.5
2013,3,3,1,0,20.6
2013,3,3,2,0,20.6
2013,3,3,3,0,20.6
2013,3,3,4,0,20.7
2013,3,3,5,0,20.9
2013,3,3,6,17,21.3
2013,3,3,7,58,21.6
2013,3,3,8,402,22
2013,3,3,9,525,22.3
2013,3,3,10,678,22.7
2013,3,3,11,761,22.9
2013,3,3,12,927,23
2013,3,3,13,869,23
2013,3,3,14,748,22.9
2013,3,3,15,575,22.7
2013,3,3,16,365,22.2
2013,3,3,17,148,21.7
2013,3,3,18,0,21.4
2013,3,3,19,0,21.3
2013,3,3,20,0,21.3
2013,3,3,21,0,21.3
2013,3,3,22,0,21.3
2013,3,3,23,0,21.1
2013,3,4,0,0,21
2013,3,4,1,0,20.8
2013,3,4,2,0,20.7
2013,3,4,3,0,20.7
2013,3,4,4,0,20.7
2013,3,4,5,0,20.9
2013,3,4,6,106,21.5
2013,3,4,7,324,22
2013,3,4,8,541,22.5
2013,3,4,9,729,22.7
2013,3,4,10,870,23.3
2013,3,4,11,945,23.5
2013,3,4,12,953,23.6
2013,3,4,13,891,23.5
2013,3,4,14,766,23.2
2013,3,4,15,589,22.9
2013,3,4,16,376,22.6
2013,3,4,17,75,22
2013,3,4,18,0,21.6
2013,3,4,19,0,21.4
2013,3,4,20,0,21.3
2013,3,4,21,0,21.2
2013,3,4,22,0,21.2
2013,3,4,23,0,21.2
2013,3,5,0,0,21.1
2013,3,5,1,0,21
2013,3,5,2,0,21.1
2013,3,5,3,0,21.2
2013,3,5,4,0,21.3
2013,3,5,5,0,21.6
2013,3,5,6,106,22.2
2013,3,5,7,325,22.8
2013,3,5,8,338,23.3
2013,3,5,9,732,23.5
2013,3,5,10,865,24
2013,3,5,11,939,24.3
2013,3,5,12,950,24.4
2013,3,5,13,888,24.3
2013,3,5,14,762,24.1
2013,3,5,15,584,23.8
2013,3,5,16,370,23.4
2013,3,5,17,148,22.7
2013,3,5,18,0,22.2
2013,3,5,19,0,22
2013,3,5,20,0,21.9
2013,3,5,21,0,21.8
2013,3,5,22,0,21.6
2013,3,5,23,0,21.4
2013,3,6,0,0,21.2
2013,3,6,1,0,21.1
2013,3,6,2,0,20.9
2013,3,6,3,0,20.8
2013,3,6,4,0,20.8
2013,3,6,5,0,21
2013,3,6,6,37,21.7
2013,3,6,7,323,22.6
2013,3,6,8,265,23.4
2013,3,6,9,447,23.8
2013,3,6,10,864,24.5
2013,3,6,11,939,24.8
2013,3,6,12,944,25
2013,3,6,13,887,25
2013,3,6,14,761,24.9
2013,3,6,15,580,24.6
2013,3,6,16,368,24.1
2013,3,6,17,146,23.3
2013,3,6,18,0,22.6
2013,3,6,19,0,22.3
2013,3,6,20,0,22.1
2013,3,6,21,0,21.9
2013,3,6,22,0,21.6
2013,3,6,23,0,21.4
2013,3,7,0,0,21
2013,3,7,1,0,20.7
2013,3,7,2,0,20.4
2013,3,7,3,0,20.1
2013,3,7,4,0,19.9
2013,3,7,5,0,20.2
2013,3,7,6,102,21.1
2013,3,7,7,321,22.2
2013,3,7,8,539,23.3
2013,3,7,9,726,23.7
2013,3,7,10,864,24.6
2013,3,7,11,940,25
2013,3,7,12,946,25.3
2013,3,7,13,885,25.3
2013,3,7,14,759,25.2
2013,3,7,15,581,24.9
2013,3,7,16,366,24.4
2013,3,7,17,143,23.6
2013,3,7,18,0,22.9
2013,3,7,19,0,22.6
2013,3,7,20,0,22.4
2013,3,7,21,0,22.1
2013,3,7,22,0,21.8
2013,3,7,23,0,21.6
2013,3,8,0,0,21.3
2013,3,8,1,0,21.1
2013,3,8,2,0,21
2013,3,8,3,0,20.8
2013,3,8,4,0,20.8
2013,3,8,5,0,21.2
2013,3,8,6,35,22
2013,3,8,7,311,22.9
2013,3,8,8,526,23.5
2013,3,8,9,711,23.8
2013,3,8,10,844,24.4
2013,3,8,11,917,24.6
2013,3,8,12,921,24.7
2013,3,8,13,860,24.8
2013,3,8,14,735,24.7
2013,3,8,15,558,24.4
2013,3,8,16,352,23.9
2013,3,8,17,134,23.2
2013,3,8,18,0,22.7
2013,3,8,19,0,22.5
2013,3,8,20,0,22.3
2013,3,8,21,0,22.2
2013,3,8,22,0,22
2013,3,8,23,0,21.8
2013,3,9,0,0,21.6
2013,3,9,1,0,21.5
2013,3,9,2,0,21.3
2013,3,9,3,0,21.1
2013,3,9,4,0,21
2013,3,9,5,0,21.2
2013,3,9,6,34,22
2013,3,9,7,131,23.1
2013,3,9,8,279,24
2013,3,9,9,516,24.3
2013,3,9,10,444,25
2013,3,9,11,914,25.3
2013,3,9,12,919,25.4
2013,3,9,13,854,25.3
2013,3,9,14,727,25
2013,3,9,15,548,24.6
2013,3,9,16,338,23.9
2013,3,9,17,78,23.3
2013,3,9,18,0,22.9
2013,3,9,19,0,22.7
2013,3,9,20,0,22.5
2013,3,9,21,0,22.3
2013,3,9,22,0,22.2
2013,3,9,23,0,22
2013,3,10,0,0,21.8
2013,3,10,1,0,21.7
2013,3,10,2,0,21.4
2013,3,10,3,0,21.2
2013,3,10,4,0,21
2013,3,10,5,0,21.1
2013,3,10,6,88,21.8
2013,3,10,7,297,22.7
2013,3,10,8,373,23.4
2013,3,10,9,696,23.8
2013,3,10,10,835,24.4
2013,3,10,11,666,24.7
2013,3,10,12,914,25
2013,3,10,13,850,25
2013,3,10,14,725,24.8
2013,3,10,15,547,24.4
2013,3,10,16,225,23.9
2013,3,10,17,72,23.3
2013,3,10,18,0,22.8
2013,3,10,19,0,22.5
2013,3,10,20,0,22.3
2013,3,10,21,0,22.1
2013,3,10,22,0,22
2013,3,10,23,0,21.9
2013,3,11,0,0,21.7
2013,3,11,1,0,21.5
2013,3,11,2,0,21.3
2013,3,11,3,0,21.2
2013,3,11,4,0,21.2
2013,3,11,5,0,21.5
2013,3,11,6,89,22.3
2013,3,11,7,300,23.1
2013,3,11,8,512,23.7
2013,3,11,9,365,24.1
2013,3,11,10,829,24.9
2013,3,11,11,900,25.2
2013,3,11,12,904,25.4
2013,3,11,13,842,25.3
2013,3,11,14,516,25
2013,3,11,15,538,24.4
2013,3,11,16,328,23.7
2013,3,11,17,117,23
2013,3,11,18,0,22.5
2013,3,11,19,0,22.3
2013,3,11,20,0,22.2
2013,3,11,21,0,22.1
2013,3,11,22,0,22
2013,3,11,23,0,21.9
2013,3,12,0,0,21.8
2013,3,12,1,0,21.7
2013,3,12,2,0,21.6
2013,3,12,3,0,21.6
2013,3,12,4,0,21.5
2013,3,12,5,0,21.8
2013,3,12,6,6,22.5
2013,3,12,7,20,23.2
2013,3,12,8,224,23.7
2013,3,12,9,691,23.9
2013,3,12,10,824,24.5
2013,3,12,11,899,24.7
2013,3,12,12,905,24.8
2013,3,12,13,845,24.8
2013,3,12,14,721,24.6
2013,3,12,15,546,24.2
2013,3,12,16,336,23.7
2013,3,12,17,119,22.9
2013,3,12,18,0,22.2
2013,3,12,19,0,21.9
2013,3,12,20,0,21.6
2013,3,12,21,0,21.3
2013,3,12,22,0,21
2013,3,12,23,0,20.8
2013,3,13,0,0,20.5
2013,3,13,1,0,20.2
2013,3,13,2,0,20
2013,3,13,3,0,19.8
2013,3,13,4,0,19.6
2013,3,13,5,0,19.8
2013,3,13,6,88,20.6
2013,3,13,7,302,21.8
2013,3,13,8,519,23
2013,3,13,9,705,23.5
2013,3,13,10,842,24.6
2013,3,13,11,913,25.2
2013,3,13,12,911,25.5
2013,3,13,13,852,25.6
2013,3,13,14,719,25.4
2013,3,13,15,536,25.1
2013,3,13,16,321,24.4
2013,3,13,17,107,23.5
2013,3,13,18,0,22.7
2013,3,13,19,0,22.3
2013,3,13,20,0,22.1
2013,3,13,21,0,21.7
2013,3,13,22,0,21.4
2013,3,13,23,0,21
2013,3,14,0,0,20.8
2013,3,14,1,0,20.6
2013,3,14,2,0,20.5
2013,3,14,3,0,20.5
2013,3,14,4,0,20.7
2013,3,14,5,0,21
2013,3,14,6,69,21.6
2013,3,14,7,261,22.4
2013,3,14,8,463,23.1
2013,3,14,9,637,23.5
2013,3,14,10,729,24.1
2013,3,14,11,121,24.4
2013,3,14,12,204,24.5
2013,3,14,13,260,24.3
2013,3,14,14,269,24.1
2013,3,14,15,462,23.6
2013,3,14,16,272,23.1
2013,3,14,17,85,22.5
2013,3,14,18,0,22
2013,3,14,19,0,21.8
2013,3,14,20,0,21.7
2013,3,14,21,0,21.6
2013,3,14,22,0,21.5
2013,3,14,23,0,21.4
2013,3,15,0,0,21.3
2013,3,15,1,0,21.2
2013,3,15,2,0,21.2
2013,3,15,3,0,21.2
2013,3,15,4,0,21.2
2013,3,15,5,0,21.4
2013,3,15,6,6,21.7
2013,3,15,7,22,22.1
2013,3,15,8,38,22.6
2013,3,15,9,216,22.8
2013,3,15,10,769,23.3
2013,3,15,11,176,23.5
2013,3,15,12,851,23.5
2013,3,15,13,801,23.3
2013,3,15,14,275,23
2013,3,15,15,504,22.7
2013,3,15,16,299,22.3
2013,3,15,17,94,21.7
2013,3,15,18,0,21.3
2013,3,15,19,0,21.1
2013,3,15,20,0,21
2013,3,15,21,0,21
2013,3,15,22,0,21
2013,3,15,23,0,20.9
2013,3,16,0,0,20.9
2013,3,16,1,0,21
2013,3,16,2,0,21
2013,3,16,3,0,21
2013,3,16,4,0,21
2013,3,16,5,0,20.9
2013,3,16,6,69,21.3
2013,3,16,7,269,22.2
2013,3,16,8,480,23.1
2013,3,16,9,663,23.5
2013,3,16,10,809,24.9
2013,3,16,11,877,25.6
2013,3,16,12,874,26.2
2013,3,16,13,814,26.4
2013,3,16,14,683,26.3
2013,3,16,15,506,25.7
2013,3,16,16,298,24.7
2013,3,16,17,91,23.4
2013,3,16,18,0,22.5
2013,3,16,19,0,22.1
2013,3,16,20,0,21.9
2013,3,16,21,0,21.8
2013,3,16,22,0,21.7
2013,3,16,23,0,21.3
2013,3,17,0,0,20.9
2013,3,17,1,0,20.6
2013,3,17,2,0,20.3
2013,3,17,3,0,19.9
2013,3,17,4,0,19.3
2013,3,17,5,0,19
2013,3,17,6,21,19.1
2013,3,17,7,93,19.5
2013,3,17,8,507,19.9
2013,3,17,9,693,20.1
2013,3,17,10,825,20.6
2013,3,17,11,891,21
2013,3,17,12,886,21.1
2013,3,17,13,817,21.1
2013,3,17,14,684,21.1
2013,3,17,15,500,20.8
2013,3,17,16,301,20.3
2013,3,17,17,88,19.9
2013,3,17,18,0,19.7
2013,3,17,19,0,19.5
2013,3,17,20,0,19.2
2013,3,17,21,0,19.1
2013,3,17,22,0,18.9
2013,3,17,23,0,18.7
2013,3,18,0,0,18.4
2013,3,18,1,0,18
2013,3,18,2,0,17.6
2013,3,18,3,0,17.3
2013,3,18,4,0,16.9
2013,3,18,5,0,16.9
2013,3,18,6,71,17.3
2013,3,18,7,280,18.1
2013,3,18,8,495,19
2013,3,18,9,679,19.4
2013,3,18,10,815,20.3
2013,3,18,11,884,20.8
2013,3,18,12,887,21.1
2013,3,18,13,823,21.2
2013,3,18,14,695,21.2
2013,3,18,15,515,20.9
2013,3,18,16,302,20.4
2013,3,18,17,90,19.7
2013,3,18,18,0,19.2
2013,3,18,19,0,19.1
2013,3,18,20,0,18.9
2013,3,18,21,0,18.8
2013,3,18,22,0,18.6
2013,3,18,23,0,18.5
2013,3,19,0,0,18.3
2013,3,19,1,0,18
2013,3,19,2,0,17.8
2013,3,19,3,0,17.7
2013,3,19,4,0,17.6
2013,3,19,5,0,17.7
2013,3,19,6,72,18.6
2013,3,19,7,282,19.6
2013,3,19,8,495,20.4
2013,3,19,9,679,20.8
2013,3,19,10,812,21.6
2013,3,19,11,882,22
2013,3,19,12,884,22.2
2013,3,19,13,815,22.2
2013,3,19,14,685,22
2013,3,19,15,506,21.7
2013,3,19,16,294,21.2
2013,3,19,17,85,20.4
2013,3,19,18,0,19.9
2013,3,19,19,0,19.7
2013,3,19,20,0,19.7
2013,3,19,21,0,19.6
2013,3,19,22,0,19.6
2013,3,19,23,0,19.5
2013,3,20,0,0,19.4
2013,3,20,1,0,19.3
2013,3,20,2,0,19.3
2013,3,20,3,0,19.3
2013,3,20,4,0,19.2
2013,3,20,5,0,19.2
2013,3,20,6,68,19.8
2013,3,20,7,273,20.8
2013,3,20,8,485,21.6
2013,3,20,9,667,21.9
2013,3,20,10,795,22.7
2013,3,20,11,865,23
2013,3,20,12,867,23.1
2013,3,20,13,799,23.1
2013,3,20,14,671,23
2013,3,20,15,493,22.8
2013,3,20,16,285,22.4
2013,3,20,17,80,21.7
2013,3,20,18,0,21.2
2013,3,20,19,0,21
2013,3,20,20,0,20.8
2013,3,20,21,0,20.6
2013,3,20,22,0,20.4
2013,3,20,23,0,20.2
2013,3,21,0,0,20
2013,3,21,1,0,19.7
2013,3,21,2,0,19.4
2013,3,21,3,0,19.2
2013,3,21,4,0,19
2013,3,21,5,0,19
2013,3,21,6,64,19.7
2013,3,21,7,266,20.8
2013,3,21,8,476,22
2013,3,21,9,655,22.6
2013,3,21,10,786,24
2013,3,21,11,702,24.6
2013,3,21,12,489,25
2013,3,21,13,656,24.9
2013,3,21,14,353,24.7
2013,3,21,15,129,24.4
2013,3,21,16,171,23.8
2013,3,21,17,44,23.1
2013,3,21,18,0,22.6
2013,3,21,19,0,22.4
2013,3,21,20,0,22.1
2013,3,21,21,0,21.8
2013,3,21,22,0,21.5
2013,3,21,23,0,21.3
2013,3,22,0,0,21.2
2013,3,22,1,0,21.2
2013,3,22,2,0,21.1
2013,3,22,3,0,21
2013,3,22,4,0,20.9
2013,3,22,5,0,21.1
2013,3,22,6,58,21.9
2013,3,22,7,194,23.2
2013,3,22,8,332,24.7
2013,3,22,9,399,25.4
2013,3,22,10,523,26.9
2013,3,22,11,471,27.3
2013,3,22,12,605,27.4
2013,3,22,13,475,27.4
2013,3,22,14,266,27.1
2013,3,22,15,85,26.5
2013,3,22,16,125,25.8
2013,3,22,17,32,25.5
2013,3,22,18,0,25.2
2013,3,22,19,0,24.8
2013,3,22,20,0,24.3
2013,3,22,21,0,23.9
2013,3,22,22,0,23.5
2013,3,22,23,0,23.2
2013,3,23,0,0,23
2013,3,23,1,0,22.9
2013,3,23,2,0,22.7
2013,3,23,3,0,22.6
2013,3,23,4,0,22.6
2013,3,23,5,0,22.6
2013,3,23,6,53,23
2013,3,23,7,247,23.8
2013,3,23,8,457,24.5
2013,3,23,9,639,24.9
2013,3,23,10,776,25.9
2013,3,23,11,843,26.7
2013,3,23,12,843,27.4
2013,3,23,13,781,27.3
2013,3,23,14,437,26.6
2013,3,23,15,160,25.6
2013,3,23,16,259,24.1
2013,3,23,17,62,22.5
2013,3,23,18,0,21.6
2013,3,23,19,0,21.3
2013,3,23,20,0,21.4
2013,3,23,21,0,21.4
2013,3,23,22,0,21.5
2013,3,23,23,0,21.6
2013,3,24,0,0,21.6
2013,3,24,1,0,21.5
2013,3,24,2,0,21.4
2013,3,24,3,0,21.3
2013,3,24,4,0,21.3
2013,3,24,5,0,21.4
2013,3,24,6,54,22.1
2013,3,24,7,251,23
2013,3,24,8,460,24
2013,3,24,9,640,24.5
2013,3,24,10,780,25.7
2013,3,24,11,850,26.4
2013,3,24,12,852,27
2013,3,24,13,788,27.6
2013,3,24,14,660,28
2013,3,24,15,482,27.8
2013,3,24,16,273,26.8
2013,3,24,17,67,25.2
2013,3,24,18,0,24.1
2013,3,24,19,0,23.7
2013,3,24,20,0,23.5
2013,3,24,21,0,22.9
2013,3,24,22,0,22.1
2013,3,24,23,0,21.4
2013,3,25,0,0,20.9
2013,3,25,1,0,20.4
2013,3,25,2,0,19.9
2013,3,25,3,0,19.4
2013,3,25,4,0,19.2
2013,3,25,5,0,19.3
2013,3,25,6,58,20.3
2013,3,25,7,260,21.8
2013,3,25,8,467,23.4
2013,3,25,9,646,24.1
2013,3,25,10,773,25.1
2013,3,25,11,838,25.4
2013,3,25,12,836,25.5
2013,3,25,13,776,25.4
2013,3,25,14,645,25.2
2013,3,25,15,466,24.8
2013,3,25,16,258,24.2
2013,3,25,17,59,23.4
2013,3,25,18,0,22.8
2013,3,25,19,0,22.6
2013,3,25,20,0,22.5
2013,3,25,21,0,22.3
2013,3,25,22,0,22.2
2013,3,25,23,0,22.2
2013,3,26,0,0,22.1
2013,3,26,1,0,22
2013,3,26,2,0,21.9
2013,3,26,3,0,21.8
2013,3,26,4,0,21.7
2013,3,26,5,0,21.7
2013,3,26,6,48,22.3
2013,3,26,7,216,23.3
2013,3,26,8,304,24.3
2013,3,26,9,389,24.7
2013,3,26,10,575,25.6
2013,3,26,11,799,25.9
2013,3,26,12,648,26
2013,3,26,13,396,25.9
2013,3,26,14,301,25.8
2013,3,26,15,264,25.5
2013,3,26,16,181,24.9
2013,3,26,17,39,23.9
2013,3,26,18,0,23.2
2013,3,26,19,0,22.8
2013,3,26,20,0,22.5
2013,3,26,21,0,22.3
2013,3,26,22,0,22.1
2013,3,26,23,0,21.8
2013,3,27,0,0,21.6
2013,3,27,1,0,21.5
2013,3,27,2,0,21.3
2013,3,27,3,0,21.2
2013,3,27,4,0,21.1
2013,3,27,5,0,21.2
2013,3,27,6,48,22
2013,3,27,7,238,23.2
2013,3,27,8,443,24.4
2013,3,27,9,621,24.9
2013,3,27,10,749,26.2
2013,3,27,11,816,26.9
2013,3,27,12,813,27.3
2013,3,27,13,751,27.5
2013,3,27,14,623,27.4
2013,3,27,15,446,26.9
2013,3,27,16,240,26
2013,3,27,17,49,24.8
2013,3,27,18,0,24
2013,3,27,19,0,23.6
2013,3,27,20,0,23.3
2013,3,27,21,0,23
2013,3,27,22,0,22.7
2013,3,27,23,0,22.3
2013,3,28,0,0,22
2013,3,28,1,0,21.8
2013,3,28,2,0,21.6
2013,3,28,3,0,21.5
2013,3,28,4,0,21.3
2013,3,28,5,0,21.4
2013,3,28,6,46,22.1
2013,3,28,7,234,23.3
2013,3,28,8,438,24.8
2013,3,28,9,614,25.5
2013,3,28,10,742,27.4
2013,3,28,11,807,28.3
2013,3,28,12,802,28.8
2013,3,28,13,337,29
2013,3,28,14,437,28.9
2013,3,28,15,358,28.5
2013,3,28,16,25,27.7
2013,3,28,17,8,26.5
2013,3,28,18,0,25.8
2013,3,28,19,0,25.1
2013,3,28,20,0,24.3
2013,3,28,21,0,23.5
2013,3,28,22,0,22.7
2013,3,28,23,0,21.4
2013,3,29,0,0,20
2013,3,29,1,0,18.8
2013,3,29,2,0,18.2
2013,3,29,3,0,17.8
2013,3,29,4,0,17.7
2013,3,29,5,0,17.8
2013,3,29,6,51,18.4
2013,3,29,7,253,19.3
2013,3,29,8,463,20.2
2013,3,29,9,290,20.5
2013,3,29,10,208,21
2013,3,29,11,351,21.2
2013,3,29,12,614,21.2
2013,3,29,13,365,21.1
2013,3,29,14,635,20.8
2013,3,29,15,452,20.2
2013,3,29,16,173,19.5
2013,3,29,17,29,18.7
2013,3,29,18,0,18.3
2013,3,29,19,0,18.2
2013,3,29,20,0,18.2
2013,3,29,21,0,18.2
2013,3,29,22,0,18.2
2013,3,29,23,0,18.3
2013,3,30,0,0,18.3
2013,3,30,1,0,18.2
2013,3,30,2,0,18.2
2013,3,30,3,0,18.1
2013,3,30,4,0,18.1
2013,3,30,5,0,18.1
2013,3,30,6,48,18.4
2013,3,30,7,245,19.3
2013,3,30,8,452,20.4
2013,3,30,9,630,20.9
2013,3,30,10,761,22.2
2013,3,30,11,825,22.9
2013,3,30,12,629,23.4
2013,3,30,13,559,23.5
2013,3,30,14,547,23.5
2013,3,30,15,446,23.3
2013,3,30,16,238,22.7
2013,3,30,17,35,21.6
2013,3,30,18,0,20.8
2013,3,30,19,0,20.5
2013,3,30,20,0,20.4
2013,3,30,21,0,20.2
2013,3,30,22,0,20.1
2013,3,30,23,0,20
2013,3,31,0,0,20.1
2013,3,31,1,0,20
2013,3,31,2,0,19.7
2013,3,31,3,0,19.5
2013,3,31,4,0,19.3
2013,3,31,5,0,19.2
2013,3,31,6,19,19.5
2013,3,31,7,92,20.4
2013,3,31,8,95,21.4
2013,3,31,9,381,22
2013,3,31,10,555,23.2
2013,3,31,11,436,23.1
2013,3,31,12,584,22.7
2013,3,31,13,543,22.5
2013,3,31,14,593,22.4
2013,3,31,15,333,22.3
2013,3,31,16,217,21.8
2013,3,31,17,36,21.1
2013,3,31,18,0,20.6
2013,3,31,19,0,20.4
2013,3,31,20,0,20.3
2013,3,31,21,0,20.1
2013,3,31,22,0,20
2013,3,31,23,0,19.8
2013,4,1,0,0,19.5
2013,4,1,1,0,19.2
2013,4,1,2,0,18.9
2013,4,1,3,0,18.6
2013,4,1,4,0,18.4
2013,4,1,5,0,18.3
2013,4,1,6,5,18.5
2013,4,1,7,28,18.9
2013,4,1,8,324,19.3
2013,4,1,9,440,19.6
2013,4,1,10,326,21
2013,4,1,11,513,21.9
2013,4,1,12,626,22.6
2013,4,1,13,732,22.9
2013,4,1,14,604,22.9
2013,4,1,15,427,22.5
2013,4,1,16,222,21.8
2013,4,1,17,35,21
2013,4,1,18,0,20.5
2013,4,1,19,0,20.4
2013,4,1,20,0,20.3
2013,4,1,21,0,20.1
2013,4,1,22,0,20
2013,4,1,23,0,19.8
2013,4,2,0,0,19.6
2013,4,2,1,0,19.3
2013,4,2,2,0,19.1
2013,4,2,3,0,18.8
2013,4,2,4,0,18.4
2013,4,2,5,0,18.2
2013,4,2,6,42,18.6
2013,4,2,7,239,19.7
2013,4,2,8,447,20.9
2013,4,2,9,624,21.4
2013,4,2,10,747,22.6
2013,4,2,11,810,23.2
2013,4,2,12,804,23.5
2013,4,2,13,733,23.6
2013,4,2,14,599,23.4
2013,4,2,15,420,22.8
2013,4,2,16,218,22
2013,4,2,17,33,21.2
2013,4,2,18,0,20.7
2013,4,2,19,0,20.6
2013,4,2,20,0,20.5
2013,4,2,21,0,20.4
2013,4,2,22,0,20.4
2013,4,2,23,0,20.4
2013,4,3,0,0,20.3
2013,4,3,1,0,20
2013,4,3,2,0,19.6
2013,4,3,3,0,19.4
2013,4,3,4,0,19.1
2013,4,3,5,0,19
2013,4,3,6,4,19.1
2013,4,3,7,11,19.2
2013,4,3,8,77,19.3
2013,4,3,9,118,19.4
2013,4,3,10,60,19.7
2013,4,3,11,53,19.8
2013,4,3,12,213,19.8
2013,4,3,13,187,19.8
2013,4,3,14,93,19.8
2013,4,3,15,84,19.8
2013,4,3,16,37,19.6
2013,4,3,17,5,19.3
2013,4,3,18,0,19
2013,4,3,19,0,18.8
2013,4,3,20,0,18.5
2013,4,3,21,0,18.4
2013,4,3,22,0,18.3
2013,4,3,23,0,18.4
2013,4,4,0,0,18.4
2013,4,4,1,0,18.4
2013,4,4,2,0,18.4
2013,4,4,3,0,18.3
2013,4,4,4,0,18.2
2013,4,4,5,0,18.3
2013,4,4,6,3,18.6
2013,4,4,7,15,19.1
2013,4,4,8,131,19.4
2013,4,4,9,357,19.6
2013,4,4,10,59,20.1
2013,4,4,11,107,20.5
2013,4,4,12,199,20.6
2013,4,4,13,221,20.6
2013,4,4,14,223,20.5
2013,4,4,15,97,20.2
2013,4,4,16,42,19.7
2013,4,4,17,6,19.1
2013,4,4,18,0,18.9
2013,4,4,19,0,19
2013,4,4,20,0,19
2013,4,4,21,0,19
2013,4,4,22,0,19
2013,4,4,23,0,18.9
2013,4,5,0,0,18.8
2013,4,5,1,0,18.7
2013,4,5,2,0,18.6
2013,4,5,3,0,18.5
2013,4,5,4,0,18.4
2013,4,5,5,0,18.4
2013,4,5,6,15,19
2013,4,5,7,114,19.8
2013,4,5,8,117,20.3
2013,4,5,9,384,20.6
2013,4,5,10,362,21.2
2013,4,5,11,780,21.6
2013,4,5,12,779,21.8
2013,4,5,13,713,21.8
2013,4,5,14,252,21.8
2013,4,5,15,411,21.7
2013,4,5,16,208,21.1
2013,4,5,17,26,20.4
2013,4,5,18,0,19.9
2013,4,5,19,0,19.8
2013,4,5,20,0,19.6
2013,4,5,21,0,19.6
2013,4,5,22,0,19.5
2013,4,5,23,0,19.5
2013,4,6,0,0,19.5
2013,4,6,1,0,19.4
2013,4,6,2,0,19.3
2013,4,6,3,0,19.3
2013,4,6,4,0,19.2
2013,4,6,5,0,19.2
2013,4,6,6,33,19.4
2013,4,6,7,127,19.9
2013,4,6,8,159,20.3
2013,4,6,9,196,20.4
2013,4,6,10,421,21
2013,4,6,11,482,21.2
2013,4,6,12,344,21.3
2013,4,6,13,338,21.3
2013,4,6,14,345,21.2
2013,4,6,15,293,20.9
2013,4,6,16,97,20.4
2013,4,6,17,12,19.7
2013,4,6,18,0,19.3
2013,4,6,19,0,19.2
2013,4,6,20,0,19.2
2013,4,6,21,0,19.1
2013,4,6,22,0,19.1
2013,4,6,23,0,19
2013,4,7,0,0,18.8
2013,4,7,1,0,18.5
2013,4,7,2,0,18.2
2013,4,7,3,0,18
2013,4,7,4,0,17.8
2013,4,7,5,0,17.7
2013,4,7,6,28,18
2013,4,7,7,203,18.6
2013,4,7,8,118,19.3
2013,4,7,9,98,19.7
2013,4,7,10,489,20.5
2013,4,7,11,465,20.9
2013,4,7,12,758,21.1
2013,4,7,13,695,21.3
2013,4,7,14,567,21.4
2013,4,7,15,392,21.2
2013,4,7,16,193,20.7
2013,4,7,17,9,20.1
2013,4,7,18,0,19.7
2013,4,7,19,0,19.5
2013,4,7,20,0,19.4
2013,4,7,21,0,19.4
2013,4,7,22,0,19.3
2013,4,7,23,0,19.1
2013,4,8,0,0,18.8
2013,4,8,1,0,18.4
2013,4,8,2,0,18
2013,4,8,3,0,17.8
2013,4,8,4,0,17.7
2013,4,8,5,0,17.7
2013,4,8,6,29,18.2
2013,4,8,7,204,19.3
2013,4,8,8,402,20.2
2013,4,8,9,574,20.6
2013,4,8,10,678,21.6
2013,4,8,11,242,22
2013,4,8,12,440,22.2
2013,4,8,13,670,22.2
2013,4,8,14,544,22.1
2013,4,8,15,372,21.8
2013,4,8,16,177,21.1
2013,4,8,17,16,20.3
2013,4,8,18,0,19.8
2013,4,8,19,0,19.6
2013,4,8,20,0,19.6
2013,4,8,21,0,19.7
2013,4,8,22,0,19.8
2013,4,8,23,0,19.8
2013,4,9,0,0,19.6
2013,4,9,1,0,19.1
2013,4,9,2,0,18.8
2013,4,9,3,0,18.5
2013,4,9,4,0,18.3
2013,4,9,5,0,18.3
2013,4,9,6,4,18.8
2013,4,9,7,137,19.7
2013,4,9,8,267,20.3
2013,4,9,9,196,20.6
2013,4,9,10,406,21.2
2013,4,9,11,531,21.4
2013,4,9,12,43,21.5
2013,4,9,13,127,21.5
2013,4,9,14,549,21.5
2013,4,9,15,377,21.2
2013,4,9,16,172,20.6
2013,4,9,17,13,19.9
2013,4,9,18,0,19.4
2013,4,9,19,0,19.2
2013,4,9,20,0,19.1
2013,4,9,21,0,19
2013,4,9,22,0,18.9
2013,4,9,23,0,18.8
2013,4,10,0,0,18.7
2013,4,10,1,0,18.6
2013,4,10,2,0,18.5
2013,4,10,3,0,18.4
2013,4,10,4,0,18.3
2013,4,10,5,0,18.3
2013,4,10,6,26,18.5
2013,4,10,7,204,19.2
2013,4,10,8,402,20.1
2013,4,10,9,572,20.6
2013,4,10,10,699,22
2013,4,10,11,762,22.6
2013,4,10,12,758,23.1
2013,4,10,13,690,23.3
2013,4,10,14,563,23.2
2013,4,10,15,387,22.9
2013,4,10,16,186,22.1
2013,4,10,17,14,21
2013,4,10,18,0,20.4
2013,4,10,19,0,20.1
2013,4,10,20,0,19.7
2013,4,10,21,0,19.3
2013,4,10,22,0,18.9
2013,4,10,23,0,18.5
2013,4,11,0,0,18.1
2013,4,11,1,0,17.7
2013,4,11,2,0,17.4
2013,4,11,3,0,17.1
2013,4,11,4,0,16.9
2013,4,11,5,0,16.8
2013,4,11,6,26,17.3
2013,4,11,7,204,18.4
2013,4,11,8,403,20.1
2013,4,11,9,574,21
2013,4,11,10,696,23
2013,4,11,11,758,23.8
2013,4,11,12,755,24.3
2013,4,11,13,686,24.5
2013,4,11,14,556,24.3
2013,4,11,15,380,23.9
2013,4,11,16,178,22.8
2013,4,11,17,12,21.6
2013,4,11,18,0,20.9
2013,4,11,19,0,20.7
2013,4,11,20,0,20.6
2013,4,11,21,0,20.6
2013,4,11,22,0,20.7
2013,4,11,23,0,20.7
2013,4,12,0,0,20.7
2013,4,12,1,0,20.6
2013,4,12,2,0,20.6
2013,4,12,3,0,20.4
2013,4,12,4,0,20.2
2013,4,12,5,0,20.1
2013,4,12,6,24,20.4
2013,4,12,7,197,21.3
2013,4,12,8,394,22.2
2013,4,12,9,564,22.6
2013,4,12,10,688,23.4
2013,4,12,11,748,23.9
2013,4,12,12,743,24.1
2013,4,12,13,675,24.2
2013,4,12,14,546,24
2013,4,12,15,371,23.7
2013,4,12,16,172,22.8
2013,4,12,17,0,21.8
2013,4,12,18,0,21.3
2013,4,12,19,0,20.9
2013,4,12,20,0,20.6
2013,4,12,21,0,20.3
2013,4,12,22,0,20
2013,4,12,23,0,19.6
2013,4,13,0,0,19.2
2013,4,13,1,0,18.8
2013,4,13,2,0,18.4
2013,4,13,3,0,18.1
2013,4,13,4,0,17.8
2013,4,13,5,0,17.7
2013,4,13,6,22,18.2
2013,4,13,7,193,19.5
2013,4,13,8,388,21
2013,4,13,9,558,21.8
2013,4,13,10,685,23
2013,4,13,11,746,23.6
2013,4,13,12,744,24
2013,4,13,13,675,24.2
2013,4,13,14,545,24.1
2013,4,13,15,370,23.7
2013,4,13,16,169,22.8
2013,4,13,17,0,21.8
2013,4,13,18,0,21.2
2013,4,13,19,0,20.9
2013,4,13,20,0,20.6
2013,4,13,21,0,20.3
2013,4,13,22,0,19.9
2013,4,13,23,0,19.5
2013,4,14,0,0,19.1
2013,4,14,1,0,18.8
2013,4,14,2,0,18.5
2013,4,14,3,0,18.3
2013,4,14,4,0,18
2013,4,14,5,0,17.8
2013,4,14,6,19,18.2
2013,4,14,7,187,19.3
2013,4,14,8,381,20.7
2013,4,14,9,548,21.6
2013,4,14,10,674,24.3
2013,4,14,11,734,25.7
2013,4,14,12,728,26.3
2013,4,14,13,661,26.5
2013,4,14,14,533,26.2
2013,4,14,15,358,25.7
2013,4,14,16,162,24.6
2013,4,14,17,0,23.3
2013,4,14,18,0,22.4
2013,4,14,19,0,21.8
2013,4,14,20,0,21.4
2013,4,14,21,0,21
2013,4,14,22,0,20.6
2013,4,14,23,0,20.2
2013,4,15,0,0,19.8
2013,4,15,1,0,19.4
2013,4,15,2,0,19
2013,4,15,3,0,18.6
2013,4,15,4,0,18.3
2013,4,15,5,0,18
2013,4,15,6,18,18.2
2013,4,15,7,61,19.2
2013,4,15,8,140,20.8
2013,4,15,9,121,21.9
2013,4,15,10,348,24.5
2013,4,15,11,716,25.7
2013,4,15,12,711,26.2
2013,4,15,13,646,26.1
2013,4,15,14,516,25.4
2013,4,15,15,339,24.2
2013,4,15,16,37,22.9
2013,4,15,17,0,21.9
2013,4,15,18,0,21.3
2013,4,15,19,0,21
2013,4,15,20,0,20.7
2013,4,15,21,0,20.5
2013,4,15,22,0,20.4
2013,4,15,23,0,20.2
2013,4,16,0,0,20
2013,4,16,1,0,19.7
2013,4,16,2,0,19.5
2013,4,16,3,0,19.3
2013,4,16,4,0,19.2
2013,4,16,5,0,19.1
2013,4,16,6,5,18.9
2013,4,16,7,40,18.7
2013,4,16,8,92,18.6
2013,4,16,9,255,18.6
2013,4,16,10,111,19.3
2013,4,16,11,249,19.9
2013,4,16,12,686,20.3
2013,4,16,13,625,20.5
2013,4,16,14,163,20.4
2013,4,16,15,153,20.2
2013,4,16,16,57,19.8
2013,4,16,17,0,19.5
2013,4,16,18,0,19.3
2013,4,16,19,0,19.2
2013,4,16,20,0,19.1
2013,4,16,21,0,19
2013,4,16,22,0,18.9
2013,4,16,23,0,18.7
2013,4,17,0,0,18.4
2013,4,17,1,0,18.1
2013,4,17,2,0,17.9
2013,4,17,3,0,17.8
2013,4,17,4,0,17.6
2013,4,17,5,0,17.6
2013,4,17,6,7,18
2013,4,17,7,187,18.8
2013,4,17,8,381,19.7
2013,4,17,9,548,20.1
2013,4,17,10,661,21
2013,4,17,11,721,21.3
2013,4,17,12,524,21.4
2013,4,17,13,487,21.4
2013,4,17,14,379,21.1
2013,4,17,15,272,20.8
2013,4,17,16,85,20.3
2013,4,17,17,0,19.8
2013,4,17,18,0,19.7
2013,4,17,19,0,19.6
2013,4,17,20,0,19.7
2013,4,17,21,0,19.7
2013,4,17,22,0,19.8
2013,4,17,23,0,19.9
2013,4,18,0,0,19.8
2013,4,18,1,0,19.6
2013,4,18,2,0,19.3
2013,4,18,3,0,19.1
2013,4,18,4,0,18.8
2013,4,18,5,0,18.6
2013,4,18,6,14,18.6
2013,4,18,7,172,18.9
2013,4,18,8,364,19.4
2013,4,18,9,531,19.7
2013,4,18,10,652,20.7
2013,4,18,11,711,21.4
2013,4,18,12,318,21.8
2013,4,18,13,53,21.9
2013,4,18,14,389,21.7
2013,4,18,15,328,21.2
2013,4,18,16,144,20.2
2013,4,18,17,0,19.2
2013,4,18,18,0,18.7
2013,4,18,19,0,18.4
2013,4,18,20,0,18.2
2013,4,18,21,0,18.1
2013,4,18,22,0,17.9
2013,4,18,23,0,17.7
2013,4,19,0,0,17.4
2013,4,19,1,0,17.2
2013,4,19,2,0,16.9
2013,4,19,3,0,16.6
2013,4,19,4,0,16.1
2013,4,19,5,0,15.5
2013,4,19,6,7,15.2
2013,4,19,7,173,15.6
2013,4,19,8,350,16.4
2013,4,19,9,502,16.9
2013,4,19,10,656,17.6
2013,4,19,11,569,17.8
2013,4,19,12,239,17.9
2013,4,19,13,467,17.9
2013,4,19,14,493,17.9
2013,4,19,15,319,17.7
2013,4,19,16,82,17.4
2013,4,19,17,0,17
2013,4,19,18,0,16.8
2013,4,19,19,0,16.6
2013,4,19,20,0,16.4
2013,4,19,21,0,16.3
2013,4,19,22,0,16.4
2013,4,19,23,0,16.9
2013,4,20,0,0,17.2
2013,4,20,1,0,17.2
2013,4,20,2,0,17.2
2013,4,20,3,0,17.2
2013,4,20,4,0,17.2
2013,4,20,5,0,17.3
2013,4,20,6,1,17.4
2013,4,20,7,6,17.8
2013,4,20,8,13,18.2
2013,4,20,9,36,18.4
2013,4,20,10,254,18.7
2013,4,20,11,273,18.7
2013,4,20,12,392,18.6
2013,4,20,13,313,18.3
2013,4,20,14,348,18
2013,4,20,15,217,17.6
2013,4,20,16,80,17.2
2013,4,20,17,0,16.8
2013,4,20,18,0,16.4
2013,4,20,19,0,16.2
2013,4,20,20,0,16
2013,4,20,21,0,15.7
2013,4,20,22,0,15.5
2013,4,20,23,0,15.3
2013,4,21,0,0,15.1
2013,4,21,1,0,14.9
2013,4,21,2,0,14.8
2013,4,21,3,0,14.7
2013,4,21,4,0,14.7
2013,4,21,5,0,14.6
2013,4,21,6,13,14.8
2013,4,21,7,175,15.4
2013,4,21,8,368,16.2
2013,4,21,9,534,16.7
2013,4,21,10,655,17.8
2013,4,21,11,714,18.3
2013,4,21,12,709,18.5
2013,4,21,13,640,18.6
2013,4,21,14,509,18.5
2013,4,21,15,286,18.3
2013,4,21,16,111,17.7
2013,4,21,17,0,17.2
2013,4,21,18,0,17
2013,4,21,19,0,16.8
2013,4,21,20,0,16.6
2013,4,21,21,0,16.5
2013,4,21,22,0,16.4
2013,4,21,23,0,16.2
2013,4,22,0,0,15.9
2013,4,22,1,0,15.7
2013,4,22,2,0,15.5
2013,4,22,3,0,15.3
2013,4,22,4,0,15.1
2013,4,22,5,0,15
2013,4,22,6,2,15
2013,4,22,7,141,15.4
2013,4,22,8,135,16.4
2013,4,22,9,517,17.2
2013,4,22,10,644,19.5
2013,4,22,11,701,20.3
2013,4,22,12,693,20.9
2013,4,22,13,622,21.5
2013,4,22,14,102,21.8
2013,4,22,15,320,21.8
2013,4,22,16,21,21.3
2013,4,22,17,0,20.5
2013,4,22,18,0,19.6
2013,4,22,19,0,18.9
2013,4,22,20,0,18.3
2013,4,22,21,0,17.8
2013,4,22,22,0,17.2
2013,4,22,23,0,16.6
2013,4,23,0,0,16.2
2013,4,23,1,0,15.7
2013,4,23,2,0,15.3
2013,4,23,3,0,14.9
2013,4,23,4,0,14.5
2013,4,23,5,0,14.3
2013,4,23,6,0,14.6
2013,4,23,7,169,15.7
2013,4,23,8,360,17.3
2013,4,23,9,527,18.1
2013,4,23,10,645,19.9
2013,4,23,11,703,20.8
2013,4,23,12,695,21.5
2013,4,23,13,626,22
2013,4,23,14,496,22.2
2013,4,23,15,178,22
2013,4,23,16,126,21.3
2013,4,23,17,0,20.5
2013,4,23,18,0,19.8
2013,4,23,19,0,19
2013,4,23,20,0,18.1
2013,4,23,21,0,17.5
2013,4,23,22,0,17
2013,4,23,23,0,16.4
2013,4,24,0,0,15.9
2013,4,24,1,0,15.4
2013,4,24,2,0,15.1
2013,4,24,3,0,14.8
2013,4,24,4,0,14.5
2013,4,24,5,0,14.3
2013,4,24,6,0,14.5
2013,4,24,7,172,15.7
2013,4,24,8,366,17.2
2013,4,24,9,534,17.9
2013,4,24,10,653,19.2
2013,4,24,11,710,19.8
2013,4,24,12,700,20.2
2013,4,24,13,628,20.4
2013,4,24,14,497,20.4
2013,4,24,15,320,20.1
2013,4,24,16,125,19.1
2013,4,24,17,0,18.2
2013,4,24,18,0,17.9
2013,4,24,19,0,17.9
2013,4,24,20,0,18
2013,4,24,21,0,17.8
2013,4,24,22,0,17.4
2013,4,24,23,0,16.7
2013,4,25,0,0,15.9
2013,4,25,1,0,15.4
2013,4,25,2,0,15
2013,4,25,3,0,14.6
2013,4,25,4,0,14.1
2013,4,25,5,0,13.7
2013,4,25,6,0,13.9
2013,4,25,7,159,14.8
2013,4,25,8,350,16.1
2013,4,25,9,515,16.9
2013,4,25,10,638,18.4
2013,4,25,11,695,19.1
2013,4,25,12,687,19.6
2013,4,25,13,616,19.8
2013,4,25,14,485,20
2013,4,25,15,313,19.9
2013,4,25,16,122,19.4
2013,4,25,17,0,18.8
2013,4,25,18,0,18.4
2013,4,25,19,0,18
2013,4,25,20,0,17.3
2013,4,25,21,0,16.5
2013,4,25,22,0,15.8
2013,4,25,23,0,15.2
2013,4,26,0,0,14.7
2013,4,26,1,0,14.5
2013,4,26,2,0,14.7
2013,4,26,3,0,14.8
2013,4,26,4,0,14.7
2013,4,26,5,0,14.5
2013,4,26,6,0,14.9
2013,4,26,7,162,16.1
2013,4,26,8,352,17.8
2013,4,26,9,516,18.7
2013,4,26,10,632,20.8
2013,4,26,11,689,21.8
2013,4,26,12,681,22.6
2013,4,26,13,610,23.1
2013,4,26,14,480,23.3
2013,4,26,15,307,23
2013,4,26,16,116,22.1
2013,4,26,17,0,21.1
2013,4,26,18,0,20.4
2013,4,26,19,0,19.6
2013,4,26,20,0,18.9
2013,4,26,21,0,18.2
2013,4,26,22,0,17.5
2013,4,26,23,0,16.8
2013,4,27,0,0,16.2
2013,4,27,1,0,15.7
2013,4,27,2,0,15.4
2013,4,27,3,0,15.2
2013,4,27,4,0,15
2013,4,27,5,0,14.8
2013,4,27,6,0,15.1
2013,4,27,7,152,16
2013,4,27,8,339,17.6
2013,4,27,9,500,18.6
2013,4,27,10,621,21.1
2013,4,27,11,676,22
2013,4,27,12,669,22.6
2013,4,27,13,598,22.8
2013,4,27,14,470,22.9
2013,4,27,15,298,22.5
2013,4,27,16,110,21.4
2013,4,27,17,0,20.4
2013,4,27,18,0,19.8
2013,4,27,19,0,19.3
2013,4,27,20,0,18.8
2013,4,27,21,0,18.2
2013,4,27,22,0,17.6
2013,4,27,23,0,17
2013,4,28,0,0,16.6
2013,4,28,1,0,16.3
2013,4,28,2,0,16
2013,4,28,3,0,15.7
2013,4,28,4,0,15.4
2013,4,28,5,0,15.2
2013,4,28,6,0,15.5
2013,4,28,7,157,16.6
2013,4,28,8,351,18.2
2013,4,28,9,516,19.2
2013,4,28,10,635,22.4
2013,4,28,11,689,23.6
2013,4,28,12,677,24.1
2013,4,28,13,603,24.5
2013,4,28,14,472,24.8
2013,4,28,15,298,24.5
2013,4,28,16,109,23.5
2013,4,28,17,0,22.3
2013,4,28,18,0,21.5
2013,4,28,19,0,21
2013,4,28,20,0,20.4
2013,4,28,21,0,19.7
2013,4,28,22,0,18.9
2013,4,28,23,0,18.3
2013,4,29,0,0,17.6
2013,4,29,1,0,17
2013,4,29,2,0,16.5
2013,4,29,3,0,16
2013,4,29,4,0,15.6
2013,4,29,5,0,15.3
2013,4,29,6,0,15.5
2013,4,29,7,148,16.3
2013,4,29,8,332,17.7
2013,4,29,9,492,18.6
2013,4,29,10,608,21.9
2013,4,29,11,663,23.4
2013,4,29,12,652,24.3
2013,4,29,13,581,24.4
2013,4,29,14,452,24.1
2013,4,29,15,282,23.1
2013,4,29,16,70,21.5
2013,4,29,17,0,20.1
2013,4,29,18,0,19.6
2013,4,29,19,0,19.4
2013,4,29,20,0,19.4
2013,4,29,21,0,19.5
2013,4,29,22,0,19.5
2013,4,29,23,0,19.5
2013,4,30,0,0,19.4
2013,4,30,1,0,19.2
2013,4,30,2,0,18.9
2013,4,30,3,0,18.8
2013,4,30,4,0,18.8
2013,4,30,5,0,18.8
2013,4,30,6,0,19
2013,4,30,7,35,19.6
2013,4,30,8,91,20.2
2013,4,30,9,360,20.4
2013,4,30,10,308,21.4
2013,4,30,11,459,21.9
2013,4,30,12,440,22.1
2013,4,30,13,462,22
2013,4,30,14,226,21.6
2013,4,30,15,168,21
2013,4,30,16,51,20
2013,4,30,17,0,19.1
2013,4,30,18,0,18.7
2013,4,30,19,0,18.6
2013,4,30,20,0,18.7
2013,4,30,21,0,18.7
2013,4,30,22,0,18.5
2013,4,30,23,0,18.3
2013,5,1,0,0,18.2
2013,5,1,1,0,18
2013,5,1,2,0,17.6
2013,5,1,3,0,17.3
2013,5,1,4,0,17
2013,5,1,5,0,16.8
2013,5,1,6,0,16.9
2013,5,1,7,134,17.7
2013,5,1,8,315,19.1
2013,5,1,9,474,19.9
2013,5,1,10,590,21.9
2013,5,1,11,642,22.7
2013,5,1,12,629,23
2013,5,1,13,561,22.8
2013,5,1,14,430,22.2
2013,5,1,15,114,21.3
2013,5,1,16,85,20.3
2013,5,1,17,0,19.5
2013,5,1,18,0,19.1
2013,5,1,19,0,18.9
2013,5,1,20,0,18.7
2013,5,1,21,0,18.5
2013,5,1,22,0,18.2
2013,5,1,23,0,17.9
2013,5,2,0,0,17.7
2013,5,2,1,0,17.5
2013,5,2,2,0,17.2
2013,5,2,3,0,16.8
2013,5,2,4,0,16.2
2013,5,2,5,0,15.7
2013,5,2,6,0,15.6
2013,5,2,7,146,16
2013,5,2,8,332,16.3
2013,5,2,9,111,16.5
2013,5,2,10,600,17.2
2013,5,2,11,651,17.6
2013,5,2,12,637,17.9
2013,5,2,13,572,18
2013,5,2,14,448,18.1
2013,5,2,15,135,17.9
2013,5,2,16,39,17.3
2013,5,2,17,0,16.9
2013,5,2,18,0,16.6
2013,5,2,19,0,16.4
2013,5,2,20,0,16.2
2013,5,2,21,0,16.1
2013,5,2,22,0,15.9
2013,5,2,23,0,15.8
2013,5,3,0,0,15.6
2013,5,3,1,0,15.6
2013,5,3,2,0,15.5
2013,5,3,3,0,15.6
2013,5,3,4,0,15.7
2013,5,3,5,0,15.8
2013,5,3,6,0,15.9
2013,5,3,7,146,16.3
2013,5,3,8,334,17.1
2013,5,3,9,496,17.6
2013,5,3,10,611,18.7
2013,5,3,11,666,19.3
2013,5,3,12,657,19.9
2013,5,3,13,585,20.4
2013,5,3,14,456,20.6
2013,5,3,15,283,20.3
2013,5,3,16,96,19.3
2013,5,3,17,0,18.3
2013,5,3,18,0,17.7
2013,5,3,19,0,17.3
2013,5,3,20,0,16.8
2013,5,3,21,0,16.2
2013,5,3,22,0,15.5
2013,5,3,23,0,14.8
2013,5,4,0,0,14.4
2013,5,4,1,0,14.3
2013,5,4,2,0,14.4
2013,5,4,3,0,14.5
2013,5,4,4,0,14.7
2013,5,4,5,0,15
2013,5,4,6,0,15.4
2013,5,4,7,24,16.3
2013,5,4,8,58,17.5
2013,5,4,9,473,18.2
2013,5,4,10,477,20.8
2013,5,4,11,652,21.9
2013,5,4,12,638,22.1
2013,5,4,13,562,21.5
2013,5,4,14,429,20.2
2013,5,4,15,126,18.7
2013,5,4,16,35,17.5
2013,5,4,17,0,16.9
2013,5,4,18,0,16.7
2013,5,4,19,0,16.5
2013,5,4,20,0,16.2
2013,5,4,21,0,15.9
2013,5,4,22,0,15.6
2013,5,4,23,0,15.4
2013,5,5,0,0,15.1
2013,5,5,1,0,14.9
2013,5,5,2,0,14.6
2013,5,5,3,0,14.4
2013,5,5,4,0,14.2
2013,5,5,5,0,13.9
2013,5,5,6,0,14.1
2013,5,5,7,79,14.8
2013,5,5,8,210,15.7
2013,5,5,9,476,16.1
2013,5,5,10,591,16.8
2013,5,5,11,647,17.2
2013,5,5,12,639,17.4
2013,5,5,13,570,17.5
2013,5,5,14,442,17.4
2013,5,5,15,273,17.1
2013,5,5,16,89,16.4
2013,5,5,17,0,15.9
2013,5,5,18,0,15.7
2013,5,5,19,0,15.6
2013,5,5,20,0,15.5
2013,5,5,21,0,15.4
2013,5,5,22,0,15.3
2013,5,5,23,0,15.1
2013,5,6,0,0,14.9
2013,5,6,1,0,14.6
2013,5,6,2,0,14.3
2013,5,6,3,0,14.2
2013,5,6,4,0,14.1
2013,5,6,5,0,14
2013,5,6,6,0,14.4
2013,5,6,7,130,15.5
2013,5,6,8,310,16.7
2013,5,6,9,466,17.2
2013,5,6,10,579,18.2
2013,5,6,11,631,18.5
2013,5,6,12,622,18.5
2013,5,6,13,552,18.5
2013,5,6,14,214,18.3
2013,5,6,15,127,18
2013,5,6,16,46,17.4
2013,5,6,17,0,16.8
2013,5,6,18,0,16.6
2013,5,6,19,0,16.5
2013,5,6,20,0,16.4
2013,5,6,21,0,16.2
2013,5,6,22,0,16
2013,5,6,23,0,15.8
2013,5,7,0,0,15.6
2013,5,7,1,0,15.5
2013,5,7,2,0,15.3
2013,5,7,3,0,15.3
2013,5,7,4,0,15.4
2013,5,7,5,0,15.4
2013,5,7,6,0,15.7
2013,5,7,7,134,16.7
2013,5,7,8,316,17.9
2013,5,7,9,474,18.4
2013,5,7,10,583,19.4
2013,5,7,11,636,19.7
2013,5,7,12,627,19.8
2013,5,7,13,552,19.8
2013,5,7,14,424,19.6
2013,5,7,15,257,19.1
2013,5,7,16,80,18.4
2013,5,7,17,0,17.7
2013,5,7,18,0,17.4
2013,5,7,19,0,17.3
2013,5,7,20,0,17.4
2013,5,7,21,0,17.6
2013,5,7,22,0,17.8
2013,5,7,23,0,18
2013,5,8,0,0,18
2013,5,8,1,0,17.6
2013,5,8,2,0,17
2013,5,8,3,0,16.4
2013,5,8,4,0,16
2013,5,8,5,0,15.7
2013,5,8,6,0,15.8
2013,5,8,7,89,16.6
2013,5,8,8,225,17.7
2013,5,8,9,196,18.2
2013,5,8,10,570,19.6
2013,5,8,11,624,20.2
2013,5,8,12,613,20.6
2013,5,8,13,546,20.7
2013,5,8,14,421,20.7
2013,5,8,15,256,20.2
2013,5,8,16,79,19.4
2013,5,8,17,0,18.6
2013,5,8,18,0,18.1
2013,5,8,19,0,17.7
2013,5,8,20,0,17.5
2013,5,8,21,0,17.2
2013,5,8,22,0,17
2013,5,8,23,0,16.9
2013,5,9,0,0,16.6
2013,5,9,1,0,16.3
2013,5,9,2,0,15.9
2013,5,9,3,0,15.5
2013,5,9,4,0,15.2
2013,5,9,5,0,15
2013,5,9,6,0,15.2
2013,5,9,7,126,16.1
2013,5,9,8,306,17.6
2013,5,9,9,462,18.4
2013,5,9,10,572,20.2
2013,5,9,11,625,21
2013,5,9,12,621,21.5
2013,5,9,13,553,21.8
2013,5,9,14,428,21.8
2013,5,9,15,260,21.4
2013,5,9,16,79,20.3
2013,5,9,17,0,19.2
2013,5,9,18,0,18.6
2013,5,9,19,0,18.2
2013,5,9,20,0,17.9
2013,5,9,21,0,17.5
2013,5,9,22,0,16.9
2013,5,9,23,0,16.3
2013,5,10,0,0,15.7
2013,5,10,1,0,15.4
2013,5,10,2,0,15.2
2013,5,10,3,0,15.1
2013,5,10,4,0,15
2013,5,10,5,0,14.8
2013,5,10,6,0,14.9
2013,5,10,7,120,15.8
2013,5,10,8,296,17.3
2013,5,10,9,449,18
2013,5,10,10,564,19.8
2013,5,10,11,614,20.5
2013,5,10,12,605,20.9
2013,5,10,13,537,21
2013,5,10,14,411,20.8
2013,5,10,15,247,20.3
2013,5,10,16,73,19.4
2013,5,10,17,0,18.5
2013,5,10,18,0,18.1
2013,5,10,19,0,18
2013,5,10,20,0,18
2013,5,10,21,0,18
2013,5,10,22,0,17.9
2013,5,10,23,0,17.8
2013,5,11,0,0,17.6
2013,5,11,1,0,17.3
2013,5,11,2,0,17.1
2013,5,11,3,0,17
2013,5,11,4,0,17
2013,5,11,5,0,17
2013,5,11,6,0,17.3
2013,5,11,7,52,18
2013,5,11,8,289,18.9
2013,5,11,9,444,19.3
2013,5,11,10,543,20.5
2013,5,11,11,373,21
2013,5,11,12,115,21.3
2013,5,11,13,358,21.3
2013,5,11,14,256,21.1
2013,5,11,15,235,20.7
2013,5,11,16,67,19.9
2013,5,11,17,0,19.2
2013,5,11,18,0,18.8
2013,5,11,19,0,18.5
2013,5,11,20,0,18.3
2013,5,11,21,0,18.2
2013,5,11,22,0,18
2013,5,11,23,0,17.9
2013,5,12,0,0,17.7
2013,5,12,1,0,17.4
2013,5,12,2,0,17.1
2013,5,12,3,0,16.8
2013,5,12,4,0,16.5
2013,5,12,5,0,16.3
2013,5,12,6,0,16.4
2013,5,12,7,118,17.1
2013,5,12,8,295,18.1
2013,5,12,9,450,18.6
2013,5,12,10,553,19.9
2013,5,12,11,605,20.6
2013,5,12,12,597,21.2
2013,5,12,13,532,21.5
2013,5,12,14,408,21.6
2013,5,12,15,244,21.1
2013,5,12,16,69,20.2
2013,5,12,17,0,19.4
2013,5,12,18,0,19
2013,5,12,19,0,18.8
2013,5,12,20,0,18.5
2013,5,12,21,0,18.2
2013,5,12,22,0,17.7
2013,5,12,23,0,17.2
2013,5,13,0,0,16.7
2013,5,13,1,0,16.3
2013,5,13,2,0,16
2013,5,13,3,0,15.7
2013,5,13,4,0,15.6
2013,5,13,5,0,15.6
2013,5,13,6,0,15.8
2013,5,13,7,97,16.3
2013,5,13,8,250,16.9
2013,5,13,9,111,17.1
2013,5,13,10,356,19.3
2013,5,13,11,444,20.6
2013,5,13,12,388,21.4
2013,5,13,13,175,21.7
2013,5,13,14,74,21.6
2013,5,13,15,182,21.1
2013,5,13,16,49,20.4
2013,5,13,17,0,19.7
2013,5,13,18,0,19.2
2013,5,13,19,0,18.8
2013,5,13,20,0,18.4
2013,5,13,21,0,17.9
2013,5,13,22,0,17.3
2013,5,13,23,0,16.9
2013,5,14,0,0,16.7
2013,5,14,1,0,16.5
2013,5,14,2,0,16.2
2013,5,14,3,0,15.8
2013,5,14,4,0,15.5
2013,5,14,5,0,15.2
2013,5,14,6,0,14.9
2013,5,14,7,16,14.7
2013,5,14,8,39,14.8
2013,5,14,9,201,14.9
2013,5,14,10,400,16.3
2013,5,14,11,605,17.4
2013,5,14,12,603,18.3
2013,5,14,13,539,18.8
2013,5,14,14,412,18.9
2013,5,14,15,245,18.5
2013,5,14,16,67,17.6
2013,5,14,17,0,16.8
2013,5,14,18,0,16.5
2013,5,14,19,0,16.2
2013,5,14,20,0,15.5
2013,5,14,21,0,14.6
2013,5,14,22,0,14.1
2013,5,14,23,0,13.6
2013,5,15,0,0,13.3
2013,5,15,1,0,13
2013,5,15,2,0,12.8
2013,5,15,3,0,12.6
2013,5,15,4,0,12.3
2013,5,15,5,0,12
2013,5,15,6,0,12.1
2013,5,15,7,113,12.8
2013,5,15,8,288,14.2
2013,5,15,9,441,15
2013,5,15,10,551,17.4
2013,5,15,11,604,18.6
2013,5,15,12,594,19.4
2013,5,15,13,523,20
2013,5,15,14,399,20.1
2013,5,15,15,235,19.6
2013,5,15,16,63,18.7
2013,5,15,17,0,17.7
2013,5,15,18,0,17
2013,5,15,19,0,16.5
2013,5,15,20,0,16.2
2013,5,15,21,0,15.9
2013,5,15,22,0,15.8
2013,5,15,23,0,15.7
2013,5,16,0,0,15.6
2013,5,16,1,0,15.5
2013,5,16,2,0,15.5
2013,5,16,3,0,15.5
2013,5,16,4,0,15.4
2013,5,16,5,0,15.3
2013,5,16,6,0,15.5
2013,5,16,7,108,16.4
2013,5,16,8,281,17.5
2013,5,16,9,434,18
2013,5,16,10,540,19.2
2013,5,16,11,590,19.8
2013,5,16,12,582,20.1
2013,5,16,13,42,20.2
2013,5,16,14,284,20.1
2013,5,16,15,236,19.5
2013,5,16,16,63,18.4
2013,5,16,17,0,17.3
2013,5,16,18,0,16.5
2013,5,16,19,0,15.9
2013,5,16,20,0,15.4
2013,5,16,21,0,15.1
2013,5,16,22,0,14.8
2013,5,16,23,0,14.6
2013,5,17,0,0,14.4
2013,5,17,1,0,14.2
2013,5,17,2,0,14
2013,5,17,3,0,13.9
2013,5,17,4,0,13.7
2013,5,17,5,0,13.5
2013,5,17,6,0,13.7
2013,5,17,7,109,14.5
2013,5,17,8,285,15.5
2013,5,17,9,439,15.9
2013,5,17,10,548,17.2
2013,5,17,11,601,17.9
2013,5,17,12,592,18.5
2013,5,17,13,521,18.7
2013,5,17,14,396,18.6
2013,5,17,15,233,18.1
2013,5,17,16,61,17.2
2013,5,17,17,0,16.4
2013,5,17,18,0,15.9
2013,5,17,19,0,15.5
2013,5,17,20,0,15.1
2013,5,17,21,0,14.8
2013,5,17,22,0,14.5
2013,5,17,23,0,14.2
2013,5,18,0,0,14
2013,5,18,1,0,13.9
2013,5,18,2,0,13.8
2013,5,18,3,0,13.8
2013,5,18,4,0,13.7
2013,5,18,5,0,13.6
2013,5,18,6,0,13.7
2013,5,18,7,106,14.5
2013,5,18,8,281,15.4
2013,5,18,9,436,15.9
2013,5,18,10,548,17
2013,5,18,11,601,17.6
2013,5,18,12,594,18
2013,5,18,13,524,18.2
2013,5,18,14,397,18.3
2013,5,18,15,233,18
2013,5,18,16,59,17.2
2013,5,18,17,0,16.5
2013,5,18,18,0,16.1
2013,5,18,19,0,15.4
2013,5,18,20,0,14.6
2013,5,18,21,0,13.9
2013,5,18,22,0,13.3
2013,5,18,23,0,12.9
2013,5,19,0,0,12.7
2013,5,19,1,0,12.5
2013,5,19,2,0,12.4
2013,5,19,3,0,12.3
2013,5,19,4,0,12.1
2013,5,19,5,0,12
2013,5,19,6,0,12.2
2013,5,19,7,34,13
2013,5,19,8,276,14.2
2013,5,19,9,430,14.7
2013,5,19,10,542,16.3
2013,5,19,11,595,17.2
2013,5,19,12,586,17.7
2013,5,19,13,517,18.1
2013,5,19,14,393,18.3
2013,5,19,15,229,18
2013,5,19,16,18,17.2
2013,5,19,17,0,16.5
2013,5,19,18,0,16
2013,5,19,19,0,15.4
2013,5,19,20,0,14.7
2013,5,19,21,0,14.1
2013,5,19,22,0,13.8
2013,5,19,23,0,13.5
2013,5,20,0,0,13.3
2013,5,20,1,0,13.1
2013,5,20,2,0,12.9
2013,5,20,3,0,12.7
2013,5,20,4,0,12.5
2013,5,20,5,0,12.3
2013,5,20,6,0,12.4
2013,5,20,7,29,13.2
2013,5,20,8,107,14.6
2013,5,20,9,429,15.2
2013,5,20,10,536,16.8
2013,5,20,11,587,17.6
2013,5,20,12,576,18.1
2013,5,20,13,505,18.5
2013,5,20,14,382,18.8
2013,5,20,15,221,18.5
2013,5,20,16,55,17.7
2013,5,20,17,0,17
2013,5,20,18,0,16.5
2013,5,20,19,0,16
2013,5,20,20,0,15.4
2013,5,20,21,0,15
2013,5,20,22,0,14.7
2013,5,20,23,0,14.5
2013,5,21,0,0,14.3
2013,5,21,1,0,14.1
2013,5,21,2,0,13.9
2013,5,21,3,0,13.7
2013,5,21,4,0,13.6
2013,5,21,5,0,13.5
2013,5,21,6,0,13.7
2013,5,21,7,95,14.8
2013,5,21,8,264,16.4
2013,5,21,9,415,17.2
2013,5,21,10,524,19.6
2013,5,21,11,576,20.4
2013,5,21,12,566,20.7
2013,5,21,13,178,20.8
2013,5,21,14,51,20.5
2013,5,21,15,63,19.8
2013,5,21,16,53,18.8
2013,5,21,17,0,18.2
2013,5,21,18,0,17.8
2013,5,21,19,0,17.5
2013,5,21,20,0,17.1
2013,5,21,21,0,16.6
2013,5,21,22,0,16.2
2013,5,21,23,0,15.8
2013,5,22,0,0,15.6
2013,5,22,1,0,15.3
2013,5,22,2,0,15.1
2013,5,22,3,0,14.9
2013,5,22,4,0,14.8
2013,5,22,5,0,14.8
2013,5,22,6,0,14.8
2013,5,22,7,66,15.5
2013,5,22,8,259,16.3
2013,5,22,9,313,16.7
2013,5,22,10,144,17.1
2013,5,22,11,220,17
2013,5,22,12,182,16.8
2013,5,22,13,22,16.4
2013,5,22,14,130,15.9
2013,5,22,15,67,15.3
2013,5,22,16,17,14.8
2013,5,22,17,0,14.5
2013,5,22,18,0,14.6
2013,5,22,19,0,14.6
2013,5,22,20,0,14.6
2013,5,22,21,0,14.6
2013,5,22,22,0,14.7
2013,5,22,23,0,14.8
2013,5,23,0,0,14.9
2013,5,23,1,0,15.1
2013,5,23,2,0,15.4
2013,5,23,3,0,15.7
2013,5,23,4,0,16
2013,5,23,5,0,16.3
2013,5,23,6,0,16.5
2013,5,23,7,46,16.7
2013,5,23,8,53,17
2013,5,23,9,159,17.1
2013,5,23,10,176,17.3
2013,5,23,11,28,17.3
2013,5,23,12,179,17.4
2013,5,23,13,321,17.5
2013,5,23,14,230,17.7
2013,5,23,15,52,17.7
2013,5,23,16,45,17.6
2013,5,23,17,0,17.6
2013,5,23,18,0,17.5
2013,5,23,19,0,17.4
2013,5,23,20,0,17.3
2013,5,23,21,0,17.2
2013,5,23,22,0,17
2013,5,23,23,0,16.9
2013,5,24,0,0,16.9
2013,5,24,1,0,16.8
2013,5,24,2,0,16.6
2013,5,24,3,0,16.4
2013,5,24,4,0,16.3
2013,5,24,5,0,16.3
2013,5,24,6,0,16.5
2013,5,24,7,21,17.1
2013,5,24,8,71,17.7
2013,5,24,9,397,17.9
2013,5,24,10,353,18.3
2013,5,24,11,562,18.4
2013,5,24,12,249,18.5
2013,5,24,13,337,18.5
2013,5,24,14,150,18.2
2013,5,24,15,208,17.9
2013,5,24,16,46,17.5
2013,5,24,17,0,17.2
2013,5,24,18,0,17.2
2013,5,24,19,0,17.1
2013,5,24,20,0,17
2013,5,24,21,0,16.8
2013,5,24,22,0,16.5
2013,5,24,23,0,16.2
2013,5,25,0,0,16.1
2013,5,25,1,0,16
2013,5,25,2,0,15.9
2013,5,25,3,0,15.8
2013,5,25,4,0,15.6
2013,5,25,5,0,15.2
2013,5,25,6,0,14.9
2013,5,25,7,88,15.1
2013,5,25,8,259,15.7
2013,5,25,9,411,15.9
2013,5,25,10,517,16.9
2013,5,25,11,569,17.4
2013,5,25,12,562,17.9
2013,5,25,13,498,18.1
2013,5,25,14,378,18.1
2013,5,25,15,217,17.7
2013,5,25,16,50,17.3
2013,5,25,17,0,17.2
2013,5,25,18,0,17.2
2013,5,25,19,0,17
2013,5,25,20,0,16.5
2013,5,25,21,0,15.7
2013,5,25,22,0,14.8
2013,5,25,23,0,14
2013,5,26,0,0,13.4
2013,5,26,1,0,12.8
2013,5,26,2,0,12.5
2013,5,26,3,0,12.4
2013,5,26,4,0,12.2
2013,5,26,5,0,12.1
2013,5,26,6,0,12.3
2013,5,26,7,89,13.1
2013,5,26,8,259,14.5
2013,5,26,9,410,15.3
2013,5,26,10,516,17.4
2013,5,26,11,568,18.3
2013,5,26,12,559,18.9
2013,5,26,13,491,19.2
2013,5,26,14,370,19.1
2013,5,26,15,211,18.6
2013,5,26,16,47,17.9
2013,5,26,17,0,17.4
2013,5,26,18,0,17.3
2013,5,26,19,0,17.5
2013,5,26,20,0,17.4
2013,5,26,21,0,16.9
2013,5,26,22,0,16.2
2013,5,26,23,0,15.5
2013,5,27,0,0,14.9
2013,5,27,1,0,14.4
2013,5,27,2,0,14.1
2013,5,27,3,0,14
2013,5,27,4,0,13.9
2013,5,27,5,0,13.9
2013,5,27,6,0,14.2
2013,5,27,7,54,15.3
2013,5,27,8,178,16.4
2013,5,27,9,390,16.9
2013,5,27,10,494,17.8
2013,5,27,11,544,18.2
2013,5,27,12,532,18.4
2013,5,27,13,465,18.2
2013,5,27,14,343,17.9
2013,5,27,15,187,17.5
2013,5,27,16,38,17.1
2013,5,27,17,0,16.9
2013,5,27,18,0,16.7
2013,5,27,19,0,16.5
2013,5,27,20,0,16.2
2013,5,27,21,0,16.1
2013,5,27,22,0,16
2013,5,27,23,0,15.9
2013,5,28,0,0,15.9
2013,5,28,1,0,15.8
2013,5,28,2,0,15.7
2013,5,28,3,0,15.7
2013,5,28,4,0,15.6
2013,5,28,5,0,15.6
2013,5,28,6,0,15.7
2013,5,28,7,76,16.2
2013,5,28,8,197,16.7
2013,5,28,9,200,16.9
2013,5,28,10,338,17.4
2013,5,28,11,388,17.7
2013,5,28,12,528,18
2013,5,28,13,465,18.3
2013,5,28,14,130,18.2
2013,5,28,15,64,17.9
2013,5,28,16,12,17.3
2013,5,28,17,0,17
2013,5,28,18,0,16.8
2013,5,28,19,0,16.6
2013,5,28,20,0,16.4
2013,5,28,21,0,16.2
2013,5,28,22,0,15.9
2013,5,28,23,0,15.7
2013,5,29,0,0,15.4
2013,5,29,1,0,15.2
2013,5,29,2,0,15
2013,5,29,3,0,14.8
2013,5,29,4,0,14.6
2013,5,29,5,0,14.3
2013,5,29,6,0,14.3
2013,5,29,7,75,14.8
2013,5,29,8,235,15.7
2013,5,29,9,382,16.1
2013,5,29,10,487,17.7
2013,5,29,11,538,18.7
2013,5,29,12,530,19.5
2013,5,29,13,465,20.1
2013,5,29,14,348,20.2
2013,5,29,15,193,19.7
2013,5,29,16,39,18.8
2013,5,29,17,0,18.2
2013,5,29,18,0,17.8
2013,5,29,19,0,17.5
2013,5,29,20,0,17.1
2013,5,29,21,0,16.8
2013,5,29,22,0,16.4
2013,5,29,23,0,16
2013,5,30,0,0,15.6
2013,5,30,1,0,15.2
2013,5,30,2,0,15
2013,5,30,3,0,15
2013,5,30,4,0,14.9
2013,5,30,5,0,14.7
2013,5,30,6,0,14.7
2013,5,30,7,76,15.2
2013,5,30,8,112,16.3
2013,5,30,9,385,16.9
2013,5,30,10,489,18.7
2013,5,30,11,540,19.8
2013,5,30,12,532,20.5
2013,5,30,13,468,20.9
2013,5,30,14,352,20.9
2013,5,30,15,90,20.2
2013,5,30,16,16,19.3
2013,5,30,17,0,18.7
2013,5,30,18,0,18.3
2013,5,30,19,0,18
2013,5,30,20,0,17.7
2013,5,30,21,0,17.4
2013,5,30,22,0,17.1
2013,5,30,23,0,16.8
2013,5,31,0,0,16.4
2013,5,31,1,0,15.9
2013,5,31,2,0,15.4
2013,5,31,3,0,15
2013,5,31,4,0,14.6
2013,5,31,5,0,14.2
2013,5,31,6,0,14.1
2013,5,31,7,75,14.6
2013,5,31,8,236,15.6
2013,5,31,9,382,16.2
2013,5,31,10,488,18.8
2013,5,31,11,539,20.2
2013,5,31,12,532,21.2
2013,5,31,13,467,21.8
2013,5,31,14,350,21.8
2013,5,31,15,196,21.1
2013,5,31,16,41,20
2013,5,31,17,0,19.2
2013,5,31,18,0,18.7
2013,5,31,19,0,18.2
2013,5,31,20,0,17.9
2013,5,31,21,0,17.5
2013,5,31,22,0,17.1
2013,5,31,23,0,16.7
2013,6,1,0,0,16.3
2013,6,1,1,0,16
2013,6,1,2,0,15.7
2013,6,1,3,0,15.4
2013,6,1,4,0,15.2
2013,6,1,5,0,15
2013,6,1,6,0,15.1
2013,6,1,7,44,15.7
2013,6,1,8,148,16.8
2013,6,1,9,168,17.4
2013,6,1,10,377,19.3
2013,6,1,11,392,19.9
2013,6,1,12,264,19.9
2013,6,1,13,137,19.6
2013,6,1,14,105,19.1
2013,6,1,15,53,18.4
2013,6,1,16,13,17.9
2013,6,1,17,0,17.5
2013,6,1,18,0,17.3
2013,6,1,19,0,17
2013,6,1,20,0,16.8
2013,6,1,21,0,16.5
2013,6,1,22,0,16.3
2013,6,1,23,0,16.2
2013,6,2,0,0,16
2013,6,2,1,0,15.8
2013,6,2,2,0,15.6
2013,6,2,3,0,15.5
2013,6,2,4,0,15.3
2013,6,2,5,0,15.2
2013,6,2,6,0,15.2
2013,6,2,7,4,15.4
2013,6,2,8,8,15.7
2013,6,2,9,17,15.8
2013,6,2,10,17,16
2013,6,2,11,24,15.9
2013,6,2,12,30,15.8
2013,6,2,13,130,15.9
2013,6,2,14,315,15.9
2013,6,2,15,87,16
2013,6,2,16,15,15.9
2013,6,2,17,0,15.8
2013,6,2,18,0,15.8
2013,6,2,19,0,15.7
2013,6,2,20,0,15.6
2013,6,2,21,0,15.4
2013,6,2,22,0,15.3
2013,6,2,23,0,15.1
2013,6,3,0,0,15
2013,6,3,1,0,14.9
2013,6,3,2,0,14.7
2013,6,3,3,0,14.5
2013,6,3,4,0,14.2
2013,6,3,5,0,13.7
2013,6,3,6,0,13.4
2013,6,3,7,69,13.4
2013,6,3,8,232,13.9
2013,6,3,9,381,14.2
2013,6,3,10,488,15.3
2013,6,3,11,542,15.9
2013,6,3,12,536,16.3
2013,6,3,13,476,16.6
2013,6,3,14,358,16.7
2013,6,3,15,202,16.4
2013,6,3,16,35,15.8
2013,6,3,17,0,15.4
2013,6,3,18,0,15.2
2013,6,3,19,0,14.8
2013,6,3,20,0,14.3
2013,6,3,21,0,13.8
2013,6,3,22,0,13.4
2013,6,3,23,0,13.3
2013,6,4,0,0,13.2
2013,6,4,1,0,13
2013,6,4,2,0,13
2013,6,4,3,0,13.1
2013,6,4,4,0,13.2
2013,6,4,5,0,13.3
2013,6,4,6,0,13.3
2013,6,4,7,25,13.7
2013,6,4,8,224,14.5
2013,6,4,9,371,14.9
2013,6,4,10,481,16.4
2013,6,4,11,535,17.1
2013,6,4,12,530,17.6
2013,6,4,13,467,17.9
2013,6,4,14,351,17.9
2013,6,4,15,197,17.6
2013,6,4,16,41,17
2013,6,4,17,0,16.8
2013,6,4,18,0,16.8
2013,6,4,19,0,16.8
2013,6,4,20,0,16.8
2013,6,4,21,0,16.7
2013,6,4,22,0,16.5
2013,6,4,23,0,16.3
2013,6,5,0,0,15.9
2013,6,5,1,0,15.5
2013,6,5,2,0,14.9
2013,6,5,3,0,14.4
2013,6,5,4,0,14.1
2013,6,5,5,0,13.9
2013,6,5,6,0,13.7
2013,6,5,7,15,14
2013,6,5,8,43,14.7
2013,6,5,9,286,15.1
2013,6,5,10,467,16.2
2013,6,5,11,520,16.9
2013,6,5,12,383,17.5
2013,6,5,13,370,17.8
2013,6,5,14,332,17.9
2013,6,5,15,147,17.6
2013,6,5,16,28,17.1
2013,6,5,17,0,16.7
2013,6,5,18,0,16.5
2013,6,5,19,0,16.1
2013,6,5,20,0,15.6
2013,6,5,21,0,15.2
2013,6,5,22,0,14.7
2013,6,5,23,0,14
2013,6,6,0,0,13.5
2013,6,6,1,0,13.2
2013,6,6,2,0,13.1
2013,6,6,3,0,13.1
2013,6,6,4,0,13.3
2013,6,6,5,0,13.4
2013,6,6,6,0,13.5
2013,6,6,7,40,14.1
2013,6,6,8,96,15.1
2013,6,6,9,254,15.7
2013,6,6,10,252,17.6
2013,6,6,11,307,18.7
2013,6,6,12,326,19.5
2013,6,6,13,227,19.8
2013,6,6,14,29,19.7
2013,6,6,15,15,19.1
2013,6,6,16,6,18.4
2013,6,6,17,0,17.8
2013,6,6,18,0,17.4
2013,6,6,19,0,17.1
2013,6,6,20,0,16.8
2013,6,6,21,0,16.6
2013,6,6,22,0,16.5
2013,6,6,23,0,16.3
2013,6,7,0,0,16.1
2013,6,7,1,0,16
2013,6,7,2,0,16
2013,6,7,3,0,16
2013,6,7,4,0,16.1
2013,6,7,5,0,16.2
2013,6,7,6,0,16.3
2013,6,7,7,4,16.5
2013,6,7,8,8,16.9
2013,6,7,9,30,17.2
2013,6,7,10,215,18
2013,6,7,11,397,18.8
2013,6,7,12,231,19.8
2013,6,7,13,334,20.4
2013,6,7,14,104,20.4
2013,6,7,15,191,19.9
2013,6,7,16,37,19
2013,6,7,17,0,18.2
2013,6,7,18,0,17.7
2013,6,7,19,0,17.2
2013,6,7,20,0,16.8
2013,6,7,21,0,16.4
2013,6,7,22,0,16
2013,6,7,23,0,15.8
2013,6,8,0,0,15.7
2013,6,8,1,0,15.7
2013,6,8,2,0,15.6
2013,6,8,3,0,15.5
2013,6,8,4,0,15.4
2013,6,8,5,0,15.3
2013,6,8,6,0,15.3
2013,6,8,7,21,15.7
2013,6,8,8,86,16.4
2013,6,8,9,131,16.6
2013,6,8,10,296,17.1
2013,6,8,11,528,17.3
2013,6,8,12,273,17.4
2013,6,8,13,99,17.3
2013,6,8,14,82,17.1
2013,6,8,15,40,16.6
2013,6,8,16,8,16.1
2013,6,8,17,0,15.7
2013,6,8,18,0,15.5
2013,6,8,19,0,15.4
2013,6,8,20,0,15.4
2013,6,8,21,0,15.3
2013,6,8,22,0,15.3
2013,6,8,23,0,15.2
2013,6,9,0,0,15.2
2013,6,9,1,0,15
2013,6,9,2,0,14.8
2013,6,9,3,0,14.5
2013,6,9,4,0,14.2
2013,6,9,5,0,13.8
2013,6,9,6,0,13.5
2013,6,9,7,31,14
2013,6,9,8,220,15
2013,6,9,9,366,15.6
2013,6,9,10,471,17.2
2013,6,9,11,523,17.9
2013,6,9,12,354,18.2
2013,6,9,13,348,18.4
2013,6,9,14,254,18.3
2013,6,9,15,108,17.9
2013,6,9,16,25,17.1
2013,6,9,17,0,16.5
2013,6,9,18,0,16.2
2013,6,9,19,0,16.1
2013,6,9,20,0,15.8
2013,6,9,21,0,15.5
2013,6,9,22,0,15.1
2013,6,9,23,0,14.6
2013,6,10,0,0,14.2
2013,6,10,1,0,13.9
2013,6,10,2,0,13.5
2013,6,10,3,0,13.2
2013,6,10,4,0,12.9
2013,6,10,5,0,12.7
2013,6,10,6,0,12.7
2013,6,10,7,58,13.3
2013,6,10,8,211,14.2
2013,6,10,9,229,14.6
2013,6,10,10,459,16
2013,6,10,11,438,16.8
2013,6,10,12,318,17.4
2013,6,10,13,180,17.7
2013,6,10,14,79,17.8
2013,6,10,15,40,17.3
2013,6,10,16,10,16.6
2013,6,10,17,0,16.2
2013,6,10,18,0,15.9
2013,6,10,19,0,15.7
2013,6,10,20,0,15.4
2013,6,10,21,0,15.2
2013,6,10,22,0,15
2013,6,10,23,0,14.8
2013,6,11,0,0,14.7
2013,6,11,1,0,14.4
2013,6,11,2,0,14.1
2013,6,11,3,0,13.8
2013,6,11,4,0,13.5
2013,6,11,5,0,13.3
2013,6,11,6,0,13.3
2013,6,11,7,59,13.7
2013,6,11,8,216,14.4
2013,6,11,9,364,14.7
2013,6,11,10,474,16.2
2013,6,11,11,529,16.9
2013,6,11,12,524,17.5
2013,6,11,13,416,17.8
2013,6,11,14,344,17.8
2013,6,11,15,164,17.4
2013,6,11,16,13,16.6
2013,6,11,17,0,16.2
2013,6,11,18,0,16.2
2013,6,11,19,0,16.3
2013,6,11,20,0,16.5
2013,6,11,21,0,16.5
2013,6,11,22,0,16.3
2013,6,11,23,0,15.8
2013,6,12,0,0,15.4
2013,6,12,1,0,15.1
2013,6,12,2,0,15
2013,6,12,3,0,14.9
2013,6,12,4,0,14.9
2013,6,12,5,0,14.8
2013,6,12,6,0,15
2013,6,12,7,20,15.4
2013,6,12,8,78,16.3
2013,6,12,9,66,16.7
2013,6,12,10,19,17.2
2013,6,12,11,139,17.2
2013,6,12,12,61,17.1
2013,6,12,13,129,17
2013,6,12,14,182,16.8
2013,6,12,15,92,16.4
2013,6,12,16,18,15.7
2013,6,12,17,0,15.4
2013,6,12,18,0,15.3
2013,6,12,19,0,15.2
2013,6,12,20,0,15
2013,6,12,21,0,14.9
2013,6,12,22,0,14.7
2013,6,12,23,0,14.4
2013,6,13,0,0,14.2
2013,6,13,1,0,13.9
2013,6,13,2,0,13.5
2013,6,13,3,0,13.2
2013,6,13,4,0,12.8
2013,6,13,5,0,12.5
2013,6,13,6,0,12.4
2013,6,13,7,57,12.9
2013,6,13,8,212,13.8
2013,6,13,9,357,14.2
2013,6,13,10,464,15.9
2013,6,13,11,517,16.9
2013,6,13,12,263,17.6
2013,6,13,13,276,18
2013,6,13,14,336,18.2
2013,6,13,15,187,17.8
2013,6,13,16,36,17
2013,6,13,17,0,16.4
2013,6,13,18,0,15.8
2013,6,13,19,0,15.2
2013,6,13,20,0,14.6
2013,6,13,21,0,14.1
2013,6,13,22,0,13.8
2013,6,13,23,0,13.5
2013,6,14,0,0,13.2
2013,6,14,1,0,13
2013,6,14,2,0,12.8
2013,6,14,3,0,12.7
2013,6,14,4,0,12.6
2013,6,14,5,0,12.4
2013,6,14,6,0,12.5
2013,6,14,7,33,13.1
2013,6,14,8,214,14.2
2013,6,14,9,360,14.8
2013,6,14,10,464,16.3
2013,6,14,11,517,16.9
2013,6,14,12,512,17.4
2013,6,14,13,333,17.7
2013,6,14,14,186,17.7
2013,6,14,15,92,17.2
2013,6,14,16,15,16.3
2013,6,14,17,0,15.7
2013,6,14,18,0,15.4
2013,6,14,19,0,15.2
2013,6,14,20,0,15
2013,6,14,21,0,14.7
2013,6,14,22,0,14.4
2013,6,14,23,0,14.2
2013,6,15,0,0,13.9
2013,6,15,1,0,13.8
2013,6,15,2,0,13.6
2013,6,15,3,0,13.7
2013,6,15,4,0,13.8
2013,6,15,5,0,14.1
2013,6,15,6,0,14.3
2013,6,15,7,14,14.5
2013,6,15,8,192,14.8
2013,6,15,9,339,15
2013,6,15,10,451,15.6
2013,6,15,11,178,16.1
2013,6,15,12,109,16.5
2013,6,15,13,206,16.7
2013,6,15,14,78,16.8
2013,6,15,15,38,16.5
2013,6,15,16,7,16.1
2013,6,15,17,0,15.8
2013,6,15,18,0,15.6
2013,6,15,19,0,15.3
2013,6,15,20,0,14.9
2013,6,15,21,0,14.6
2013,6,15,22,0,14.2
2013,6,15,23,0,13.9
2013,6,16,0,0,13.8
2013,6,16,1,0,13.7
2013,6,16,2,0,13.4
2013,6,16,3,0,13.1
2013,6,16,4,0,12.7
2013,6,16,5,0,12.3
2013,6,16,6,0,12.2
2013,6,16,7,56,12.5
2013,6,16,8,214,13.4
2013,6,16,9,363,13.8
2013,6,16,10,472,15
2013,6,16,11,526,15.6
2013,6,16,12,522,16
2013,6,16,13,461,16.3
2013,6,16,14,346,16.4
2013,6,16,15,195,16
2013,6,16,16,39,15.5
2013,6,16,17,0,15.1
2013,6,16,18,0,14.8
2013,6,16,19,0,14.2
2013,6,16,20,0,13.6
2013,6,16,21,0,13
2013,6,16,22,0,12.6
2013,6,16,23,0,12.1
2013,6,17,0,0,11.8
2013,6,17,1,0,11.5
2013,6,17,2,0,11.3
2013,6,17,3,0,11.3
2013,6,17,4,0,11.2
2013,6,17,5,0,11.2
2013,6,17,6,0,11.4
2013,6,17,7,13,11.9
2013,6,17,8,55,12.8
2013,6,17,9,221,13.3
2013,6,17,10,182,14.8
2013,6,17,11,241,15.4
2013,6,17,12,490,15.8
2013,6,17,13,136,15.9
2013,6,17,14,324,15.8
2013,6,17,15,177,15.5
2013,6,17,16,8,14.9
2013,6,17,17,0,14.4
2013,6,17,18,0,14.2
2013,6,17,19,0,14
2013,6,17,20,0,13.8
2013,6,17,21,0,13.5
2013,6,17,22,0,13.2
2013,6,17,23,0,12.9
2013,6,18,0,0,12.7
2013,6,18,1,0,12.4
2013,6,18,2,0,12.2
2013,6,18,3,0,12
2013,6,18,4,0,12
2013,6,18,5,0,11.9
2013,6,18,6,0,11.9
2013,6,18,7,54,12.4
2013,6,18,8,210,13.3
2013,6,18,9,357,13.7
2013,6,18,10,466,14.8
2013,6,18,11,520,15.3
2013,6,18,12,516,15.6
2013,6,18,13,456,15.6
2013,6,18,14,342,15.5
2013,6,18,15,191,15
2013,6,18,16,10,14.4
2013,6,18,17,0,14.1
2013,6,18,18,0,14
2013,6,18,19,0,13.8
2013,6,18,20,0,13.5
2013,6,18,21,0,13.3
2013,6,18,22,0,13
2013,6,18,23,0,12.7
2013,6,19,0,0,12.5
2013,6,19,1,0,12.4
2013,6,19,2,0,12.5
2013,6,19,3,0,12.6
2013,6,19,4,0,12.7
2013,6,19,5,0,12.7
2013,6,19,6,0,12.8
2013,6,19,7,14,13.2
2013,6,19,8,147,13.8
2013,6,19,9,120,14.1
2013,6,19,10,204,15.2
2013,6,19,11,512,15.8
2013,6,19,12,272,16.1
2013,6,19,13,308,16.1
2013,6,19,14,181,15.8
2013,6,19,15,90,15.1
2013,6,19,16,15,14.4
2013,6,19,17,0,14
2013,6,19,18,0,13.7
2013,6,19,19,0,13.5
2013,6,19,20,0,13.3
2013,6,19,21,0,13.1
2013,6,19,22,0,12.8
2013,6,19,23,0,12.6
2013,6,20,0,0,12.6
2013,6,20,1,0,12.6
2013,6,20,2,0,12.5
2013,6,20,3,0,12.4
2013,6,20,4,0,12.4
2013,6,20,5,0,12.4
2013,6,20,6,0,12.4
2013,6,20,7,29,12.7
2013,6,20,8,202,13.3
2013,6,20,9,244,13.6
2013,6,20,10,459,14.5
2013,6,20,11,515,14.9
2013,6,20,12,317,15.1
2013,6,20,13,339,15
2013,6,20,14,265,14.9
2013,6,20,15,190,14.5
2013,6,20,16,26,14
2013,6,20,17,0,13.6
2013,6,20,18,0,13.4
2013,6,20,19,0,13.2
2013,6,20,20,0,13
2013,6,20,21,0,12.9
2013,6,20,22,0,12.7
2013,6,20,23,0,12.6
2013,6,21,0,0,12.5
2013,6,21,1,0,12.4
2013,6,21,2,0,12.4
2013,6,21,3,0,12.3
2013,6,21,4,0,12.2
2013,6,21,5,0,12.1
2013,6,21,6,0,12.2
2013,6,21,7,35,12.6
2013,6,21,8,162,13.4
2013,6,21,9,281,13.7
2013,6,21,10,325,14.5
2013,6,21,11,506,14.8
2013,6,21,12,399,14.9
2013,6,21,13,450,14.7
2013,6,21,14,339,14.4
2013,6,21,15,190,14
2013,6,21,16,38,13.5
2013,6,21,17,0,13.1
2013,6,21,18,0,12.9
2013,6,21,19,0,12.8
2013,6,21,20,0,12.7
2013,6,21,21,0,12.5
2013,6,21,22,0,12.4
2013,6,21,23,0,12.2
2013,6,22,0,0,12.1
2013,6,22,1,0,11.9
2013,6,22,2,0,11.9
2013,6,22,3,0,11.9
2013,6,22,4,0,11.9
2013,6,22,5,0,12.1
2013,6,22,6,0,12.2
2013,6,22,7,4,12.4
2013,6,22,8,8,12.8
2013,6,22,9,13,13
2013,6,22,10,21,13.4
2013,6,22,11,42,13.5
2013,6,22,12,25,13.6
2013,6,22,13,34,13.6
2013,6,22,14,12,13.5
2013,6,22,15,7,13.3
2013,6,22,16,4,13.2
2013,6,22,17,0,13.2
2013,6,22,18,0,13.3
2013,6,22,19,0,13.4
2013,6,22,20,0,13.4
2013,6,22,21,0,13.5
2013,6,22,22,0,13.5
2013,6,22,23,0,13.4
2013,6,23,0,0,13.4
2013,6,23,1,0,13.3
2013,6,23,2,0,13.3
2013,6,23,3,0,13.3
2013,6,23,4,0,13.3
2013,6,23,5,0,13.4
2013,6,23,6,0,13.5
2013,6,23,7,4,13.6
2013,6,23,8,7,13.8
2013,6,23,9,12,13.9
2013,6,23,10,195,13.9
2013,6,23,11,339,13.9
2013,6,23,12,195,14
2013,6,23,13,60,14
2013,6,23,14,87,13.9
2013,6,23,15,45,13.6
2013,6,23,16,11,13.4
2013,6,23,17,0,13.3
2013,6,23,18,0,13.3
2013,6,23,19,0,13.5
2013,6,23,20,0,13.7
2013,6,23,21,0,13.9
2013,6,23,22,0,13.9
2013,6,23,23,0,13.8
2013,6,24,0,0,13.9
2013,6,24,1,0,14
2013,6,24,2,0,13.8
2013,6,24,3,0,13.8
2013,6,24,4,0,13.8
2013,6,24,5,0,13.7
2013,6,24,6,0,13.8
2013,6,24,7,10,13.9
2013,6,24,8,30,14.1
2013,6,24,9,55,14.2
2013,6,24,10,263,14.3
2013,6,24,11,191,14.2
2013,6,24,12,304,14.1
2013,6,24,13,245,14.1
2013,6,24,14,126,14.1
2013,6,24,15,64,14
2013,6,24,16,15,13.9
2013,6,24,17,0,13.7
2013,6,24,18,0,13.4
2013,6,24,19,0,13.2
2013,6,24,20,0,13.1
2013,6,24,21,0,13.1
2013,6,24,22,0,13.1
2013,6,24,23,0,13.2
2013,6,25,0,0,13.2
2013,6,25,1,0,13.1
2013,6,25,2,0,13
2013,6,25,3,0,12.9
2013,6,25,4,0,12.6
2013,6,25,5,0,12.4
2013,6,25,6,0,12.4
2013,6,25,7,4,13.1
2013,6,25,8,8,13.9
2013,6,25,9,14,14.3
2013,6,25,10,27,14.2
2013,6,25,11,102,14.2
2013,6,25,12,193,14.4
2013,6,25,13,40,14.7
2013,6,25,14,131,14.9
2013,6,25,15,67,15.1
2013,6,25,16,10,15.3
2013,6,25,17,0,15.5
2013,6,25,18,0,15.6
2013,6,25,19,0,15.7
2013,6,25,20,0,15.9
2013,6,25,21,0,16
2013,6,25,22,0,16.1
2013,6,25,23,0,16
2013,6,26,0,0,15.8
2013,6,26,1,0,15.9
2013,6,26,2,0,16.1
2013,6,26,3,0,16.3
2013,6,26,4,0,16.4
2013,6,26,5,0,16.4
2013,6,26,6,0,16.6
2013,6,26,7,19,16.9
2013,6,26,8,72,17.2
2013,6,26,9,325,17.3
2013,6,26,10,430,17.5
2013,6,26,11,483,17.5
2013,6,26,12,482,17.5
2013,6,26,13,433,17.4
2013,6,26,14,99,17.2
2013,6,26,15,183,16.7
2013,6,26,16,38,16.2
2013,6,26,17,0,15.9
2013,6,26,18,0,15.8
2013,6,26,19,0,15.8
2013,6,26,20,0,15.7
2013,6,26,21,0,15.7
2013,6,26,22,0,15.6
2013,6,26,23,0,15.5
2013,6,27,0,0,15.5
2013,6,27,1,0,15.5
2013,6,27,2,0,15.5
2013,6,27,3,0,15.5
2013,6,27,4,0,15.5
2013,6,27,5,0,15.5
2013,6,27,6,0,15.6
2013,6,27,7,12,15.9
2013,6,27,8,53,16.4
2013,6,27,9,234,16.6
2013,6,27,10,203,16.9
2013,6,27,11,501,17.1
2013,6,27,12,349,17
2013,6,27,13,265,17
2013,6,27,14,235,16.8
2013,6,27,15,125,16.3
2013,6,27,16,26,16
2013,6,27,17,0,15.8
2013,6,27,18,0,15.8
2013,6,27,19,0,15.7
2013,6,27,20,0,15.6
2013,6,27,21,0,15.6
2013,6,27,22,0,15.6
2013,6,27,23,0,15.6
2013,6,28,0,0,15.5
2013,6,28,1,0,15.3
2013,6,28,2,0,15.2
2013,6,28,3,0,15
2013,6,28,4,0,15
2013,6,28,5,0,14.9
2013,6,28,6,0,15
2013,6,28,7,4,15.2
2013,6,28,8,8,15.7
2013,6,28,9,14,16
2013,6,28,10,21,16.2
2013,6,28,11,23,16.3
2013,6,28,12,148,16.3
2013,6,28,13,332,16.3
2013,6,28,14,217,16.1
2013,6,28,15,115,15.8
2013,6,28,16,24,15.6
2013,6,28,17,0,15.4
2013,6,28,18,0,15.2
2013,6,28,19,0,15
2013,6,28,20,0,14.8
2013,6,28,21,0,14.7
2013,6,28,22,0,14.6
2013,6,28,23,0,14.5
2013,6,29,0,0,14.4
2013,6,29,1,0,14.3
2013,6,29,2,0,14.3
2013,6,29,3,0,14.2
2013,6,29,4,0,14.1
2013,6,29,5,0,14.1
2013,6,29,6,0,14.1
2013,6,29,7,15,14.3
2013,6,29,8,56,14.4
2013,6,29,9,107,14.4
2013,6,29,10,84,14.1
2013,6,29,11,58,14
2013,6,29,12,503,14
2013,6,29,13,19,13.9
2013,6,29,14,11,13.8
2013,6,29,15,6,13.6
2013,6,29,16,3,13.5
2013,6,29,17,0,13.5
2013,6,29,18,0,13.6
2013,6,29,19,0,13.8
2013,6,29,20,0,13.9
2013,6,29,21,0,14
2013,6,29,22,0,14
2013,6,29,23,0,14.1
2013,6,30,0,0,14.1
2013,6,30,1,0,14
2013,6,30,2,0,13.8
2013,6,30,3,0,13.8
2013,6,30,4,0,13.7
2013,6,30,5,0,13.7
2013,6,30,6,0,13.8
2013,6,30,7,4,14.1
2013,6,30,8,9,14.5
2013,6,30,9,16,14.7
2013,6,30,10,23,15.2
2013,6,30,11,262,15.6
2013,6,30,12,513,15.8
2013,6,30,13,55,16
2013,6,30,14,348,16
2013,6,30,15,51,15.6
2013,6,30,16,10,15.1
2013,6,30,17,0,14.8
2013,6,30,18,0,14.7
2013,6,30,19,0,14.7
2013,6,30,20,0,14.6
2013,6,30,21,0,14.5
2013,6,30,22,0,14.4
2013,6,30,23,0,14.1
2013,7,1,0,0,13.8
2013,7,1,1,0,13.6
2013,7,1,2,0,13.4
2013,7,1,3,0,13.3
2013,7,1,4,0,13.1
2013,7,1,5,0,13
2013,7,1,6,0,12.9
2013,7,1,7,51,13.3
2013,7,1,8,209,14.1
2013,7,1,9,358,14.5
2013,7,1,10,467,15.7
2013,7,1,11,525,16.4
2013,7,1,12,526,16.8
2013,7,1,13,468,17.1
2013,7,1,14,356,17.1
2013,7,1,15,205,16.8
2013,7,1,16,47,16.3
2013,7,1,17,0,16
2013,7,1,18,0,16
2013,7,1,19,0,16
2013,7,1,20,0,15.6
2013,7,1,21,0,15
2013,7,1,22,0,14.1
2013,7,1,23,0,13.3
2013,7,2,0,0,12.7
2013,7,2,1,0,12.3
2013,7,2,2,0,12
2013,7,2,3,0,11.9
2013,7,2,4,0,11.7
2013,7,2,5,0,11.5
2013,7,2,6,0,11.5
2013,7,2,7,52,12
2013,7,2,8,211,13
2013,7,2,9,362,13.4
2013,7,2,10,474,15
2013,7,2,11,531,15.8
2013,7,2,12,530,16.4
2013,7,2,13,471,16.7
2013,7,2,14,359,16.8
2013,7,2,15,208,16.6
2013,7,2,16,48,16.4
2013,7,2,17,0,16.3
2013,7,2,18,0,16.1
2013,7,2,19,0,15.7
2013,7,2,20,0,14.8
2013,7,2,21,0,13.6
2013,7,2,22,0,12.6
2013,7,2,23,0,12.1
2013,7,3,0,0,12
2013,7,3,1,0,11.8
2013,7,3,2,0,11.7
2013,7,3,3,0,11.5
2013,7,3,4,0,11.3
2013,7,3,5,0,11
2013,7,3,6,0,10.9
2013,7,3,7,53,11.3
2013,7,3,8,215,12.3
2013,7,3,9,368,12.8
2013,7,3,10,481,14.4
2013,7,3,11,542,15.2
2013,7,3,12,541,15.8
2013,7,3,13,482,16.2
2013,7,3,14,368,16.3
2013,7,3,15,214,15.8
2013,7,3,16,51,15.1
2013,7,3,17,0,14.6
2013,7,3,18,0,14.4
2013,7,3,19,0,14.1
2013,7,3,20,0,13.7
2013,7,3,21,0,13.3
2013,7,3,22,0,12.8
2013,7,3,23,0,12.2
2013,7,4,0,0,11.8
2013,7,4,1,0,11.4
2013,7,4,2,0,11
2013,7,4,3,0,10.7
2013,7,4,4,0,10.4
2013,7,4,5,0,10.3
2013,7,4,6,0,10.5
2013,7,4,7,54,11.3
2013,7,4,8,217,12.6
2013,7,4,9,371,13.3
2013,7,4,10,484,15.8
2013,7,4,11,539,17.2
2013,7,4,12,535,18.3
2013,7,4,13,476,19
2013,7,4,14,362,19.2
2013,7,4,15,210,18.7
2013,7,4,16,50,17.8
2013,7,4,17,0,17.2
2013,7,4,18,0,16.7
2013,7,4,19,0,16.2
2013,7,4,20,0,15.8
2013,7,4,21,0,15.5
2013,7,4,22,0,15.2
2013,7,4,23,0,15
2013,7,5,0,0,14.9
2013,7,5,1,0,14.8
2013,7,5,2,0,14.8
2013,7,5,3,0,14.8
2013,7,5,4,0,14.8
2013,7,5,5,0,14.7
2013,7,5,6,0,14.7
2013,7,5,7,22,15.2
2013,7,5,8,211,16.1
2013,7,5,9,357,16.5
2013,7,5,10,465,17.2
2013,7,5,11,526,17
2013,7,5,12,326,16.8
2013,7,5,13,479,16.7
2013,7,5,14,368,16.5
2013,7,5,15,216,15.9
2013,7,5,16,22,15
2013,7,5,17,0,14.2
2013,7,5,18,0,13.5
2013,7,5,19,0,12.7
2013,7,5,20,0,12
2013,7,5,21,0,11.4
2013,7,5,22,0,11
2013,7,5,23,0,10.6
2013,7,6,0,0,10.3
2013,7,6,1,0,10
2013,7,6,2,0,9.8
2013,7,6,3,0,9.7
2013,7,6,4,0,9.5
2013,7,6,5,0,9.4
2013,7,6,6,0,9.4
2013,7,6,7,23,10.1
2013,7,6,8,222,11.3
2013,7,6,9,377,11.8
2013,7,6,10,492,13.3
2013,7,6,11,552,14.1
2013,7,6,12,551,14.7
2013,7,6,13,489,15.2
2013,7,6,14,375,15.3
2013,7,6,15,221,14.9
2013,7,6,16,56,14
2013,7,6,17,0,13.3
2013,7,6,18,0,12.9
2013,7,6,19,0,12.5
2013,7,6,20,0,12
2013,7,6,21,0,11.6
2013,7,6,22,0,11.2
2013,7,6,23,0,11
2013,7,7,0,0,10.8
2013,7,7,1,0,10.6
2013,7,7,2,0,10.5
2013,7,7,3,0,10.3
2013,7,7,4,0,10.3
2013,7,7,5,0,10.3
2013,7,7,6,0,10.5
2013,7,7,7,55,11.2
2013,7,7,8,107,12.3
2013,7,7,9,371,12.9
2013,7,7,10,484,14.6
2013,7,7,11,541,15.4
2013,7,7,12,541,15.9
2013,7,7,13,482,16.3
2013,7,7,14,370,16.4
2013,7,7,15,217,16.1
2013,7,7,16,56,15.6
2013,7,7,17,0,15.2
2013,7,7,18,0,14.8
2013,7,7,19,0,14.2
2013,7,7,20,0,13.5
2013,7,7,21,0,12.6
2013,7,7,22,0,11.8
2013,7,7,23,0,11.1
2013,7,8,0,0,10.6
2013,7,8,1,0,10.2
2013,7,8,2,0,10.1
2013,7,8,3,0,10.1
2013,7,8,4,0,10.1
2013,7,8,5,0,10
2013,7,8,6,0,10
2013,7,8,7,56,10.7
2013,7,8,8,218,12
2013,7,8,9,371,12.7
2013,7,8,10,483,14.7
2013,7,8,11,542,15.5
2013,7,8,12,540,15.9
2013,7,8,13,482,16.2
2013,7,8,14,369,16.2
2013,7,8,15,216,15.6
2013,7,8,16,55,14.9
2013,7,8,17,0,14.5
2013,7,8,18,0,14.3
2013,7,8,19,0,14
2013,7,8,20,0,13.7
2013,7,8,21,0,13.4
2013,7,8,22,0,13
2013,7,8,23,0,12.7
2013,7,9,0,0,12.4
2013,7,9,1,0,12.3
2013,7,9,2,0,12.2
2013,7,9,3,0,12.2
2013,7,9,4,0,12.2
2013,7,9,5,0,12.1
2013,7,9,6,0,12
2013,7,9,7,23,12.4
2013,7,9,8,110,13
2013,7,9,9,209,13.2
2013,7,9,10,329,13.7
2013,7,9,11,118,13.9
2013,7,9,12,106,13.8
2013,7,9,13,116,13.8
2013,7,9,14,39,13.6
2013,7,9,15,37,13.4
2013,7,9,16,6,13.2
2013,7,9,17,0,13.1
2013,7,9,18,0,13.1
2013,7,9,19,0,13.1
2013,7,9,20,0,13.1
2013,7,9,21,0,13
2013,7,9,22,0,12.9
2013,7,9,23,0,12.8
2013,7,10,0,0,12.7
2013,7,10,1,0,12.7
2013,7,10,2,0,12.7
2013,7,10,3,0,12.8
2013,7,10,4,0,12.9
2013,7,10,5,0,13
2013,7,10,6,0,13.2
2013,7,10,7,32,13.5
2013,7,10,8,130,14
2013,7,10,9,238,14.2
2013,7,10,10,352,14.3
2013,7,10,11,401,14.2
2013,7,10,12,361,14.2
2013,7,10,13,348,14.3
2013,7,10,14,121,14.3
2013,7,10,15,64,14.1
2013,7,10,16,18,13.9
2013,7,10,17,0,13.9
2013,7,10,18,0,13.9
2013,7,10,19,0,13.9
2013,7,10,20,0,13.9
2013,7,10,21,0,13.9
2013,7,10,22,0,14
2013,7,10,23,0,14
2013,7,11,0,0,14
2013,7,11,1,0,13.7
2013,7,11,2,0,13.5
2013,7,11,3,0,13.3
2013,7,11,4,0,13.2
2013,7,11,5,0,13.1
2013,7,11,6,0,13.1
2013,7,11,7,52,13.4
2013,7,11,8,127,13.9
2013,7,11,9,361,14.3
2013,7,11,10,471,15
2013,7,11,11,531,15.4
2013,7,11,12,533,15.8
2013,7,11,13,476,16
2013,7,11,14,365,16
2013,7,11,15,215,15.6
2013,7,11,16,29,15
2013,7,11,17,0,14.7
2013,7,11,18,0,14.7
2013,7,11,19,0,14.7
2013,7,11,20,0,14.8
2013,7,11,21,0,14.8
2013,7,11,22,0,14.6
2013,7,11,23,0,14.4
2013,7,12,0,0,14.1
2013,7,12,1,0,13.7
2013,7,12,2,0,13
2013,7,12,3,0,12.3
2013,7,12,4,0,11.8
2013,7,12,5,0,11.4
2013,7,12,6,0,11.2
2013,7,12,7,54,11.8
2013,7,12,8,213,12.8
2013,7,12,9,364,13.3
2013,7,12,10,478,14.7
2013,7,12,11,536,15.6
2013,7,12,12,536,16.3
2013,7,12,13,483,16.8
2013,7,12,14,372,16.9
2013,7,12,15,221,16.6
2013,7,12,16,60,16.1
2013,7,12,17,0,15.6
2013,7,12,18,0,15.4
2013,7,12,19,0,15.2
2013,7,12,20,0,15.3
2013,7,12,21,0,15.3
2013,7,12,22,0,15.1
2013,7,12,23,0,14.6
2013,7,13,0,0,14
2013,7,13,1,0,13.3
2013,7,13,2,0,12.8
2013,7,13,3,0,12.5
2013,7,13,4,0,12.3
2013,7,13,5,0,12.3
2013,7,13,6,0,12.5
2013,7,13,7,28,13.2
2013,7,13,8,126,14.2
2013,7,13,9,363,14.7
2013,7,13,10,471,15.7
2013,7,13,11,292,16.3
2013,7,13,12,277,16.6
2013,7,13,13,366,16.6
2013,7,13,14,263,16.5
2013,7,13,15,214,16
2013,7,13,16,57,15.4
2013,7,13,17,0,15.1
2013,7,13,18,0,15.1
2013,7,13,19,0,15.3
2013,7,13,20,0,15.4
2013,7,13,21,0,15.5
2013,7,13,22,0,15.5
2013,7,13,23,0,15.4
2013,7,14,0,0,15.3
2013,7,14,1,0,15.2
2013,7,14,2,0,15
2013,7,14,3,0,14.9
2013,7,14,4,0,14.7
2013,7,14,5,0,14.5
2013,7,14,6,0,14.4
2013,7,14,7,54,14.7
2013,7,14,8,210,15.5
2013,7,14,9,360,15.9
2013,7,14,10,459,16.7
2013,7,14,11,518,17
2013,7,14,12,390,17.2
2013,7,14,13,338,17.3
2013,7,14,14,250,17.2
2013,7,14,15,206,16.7
2013,7,14,16,33,15.8
2013,7,14,17,0,15.3
2013,7,14,18,0,15.1
2013,7,14,19,0,15
2013,7,14,20,0,14.9
2013,7,14,21,0,14.7
2013,7,14,22,0,14.4
2013,7,14,23,0,14.2
2013,7,15,0,0,14
2013,7,15,1,0,13.9
2013,7,15,2,0,13.8
2013,7,15,3,0,13.8
2013,7,15,4,0,13.8
2013,7,15,5,0,13.8
2013,7,15,6,0,13.9
2013,7,15,7,13,14.3
2013,7,15,8,39,14.8
2013,7,15,9,26,15.1
2013,7,15,10,239,16.4
2013,7,15,11,346,17.3
2013,7,15,12,366,18
2013,7,15,13,346,18.4
2013,7,15,14,243,18.4
2013,7,15,15,129,18
2013,7,15,16,36,17.5
2013,7,15,17,0,17
2013,7,15,18,0,16.7
2013,7,15,19,0,16.4
2013,7,15,20,0,16.1
2013,7,15,21,0,15.8
2013,7,15,22,0,15.6
2013,7,15,23,0,15.4
2013,7,16,0,0,15.2
2013,7,16,1,0,15
2013,7,16,2,0,14.8
2013,7,16,3,0,14.8
2013,7,16,4,0,14.8
2013,7,16,5,0,14.7
2013,7,16,6,0,14.7
2013,7,16,7,15,15
2013,7,16,8,49,15.6
2013,7,16,9,62,15.9
2013,7,16,10,301,17.3
2013,7,16,11,531,18.2
2013,7,16,12,532,18.7
2013,7,16,13,335,18.9
2013,7,16,14,150,18.9
2013,7,16,15,110,18.5
2013,7,16,16,30,17.9
2013,7,16,17,0,17.4
2013,7,16,18,0,17.1
2013,7,16,19,0,16.8
2013,7,16,20,0,16.5
2013,7,16,21,0,16.1
2013,7,16,22,0,15.7
2013,7,16,23,0,15.3
2013,7,17,0,0,15
2013,7,17,1,0,14.6
2013,7,17,2,0,14.3
2013,7,17,3,0,14
2013,7,17,4,0,13.8
2013,7,17,5,0,13.5
2013,7,17,6,0,13.5
2013,7,17,7,25,13.9
2013,7,17,8,215,14.7
2013,7,17,9,365,15.2
2013,7,17,10,480,17.5
2013,7,17,11,330,18.7
2013,7,17,12,541,19.5
2013,7,17,13,485,19.9
2013,7,17,14,376,19.9
2013,7,17,15,226,19.4
2013,7,17,16,65,18.6
2013,7,17,17,0,18
2013,7,17,18,0,17.6
2013,7,17,19,0,17.3
2013,7,17,20,0,16.9
2013,7,17,21,0,16.5
2013,7,17,22,0,16.2
2013,7,17,23,0,16
2013,7,18,0,0,15.8
2013,7,18,1,0,15.5
2013,7,18,2,0,15.3
2013,7,18,3,0,15.1
2013,7,18,4,0,14.9
2013,7,18,5,0,14.7
2013,7,18,6,0,14.5
2013,7,18,7,5,14.9
2013,7,18,8,9,15.9
2013,7,18,9,170,16.5
2013,7,18,10,483,18.4
2013,7,18,11,542,19.2
2013,7,18,12,432,19.7
2013,7,18,13,285,19.8
2013,7,18,14,176,19.4
2013,7,18,15,176,18.8
2013,7,18,16,50,18.2
2013,7,18,17,0,17.8
2013,7,18,18,0,17.6
2013,7,18,19,0,17.3
2013,7,18,20,0,17.1
2013,7,18,21,0,16.9
2013,7,18,22,0,16.7
2013,7,18,23,0,16.6
2013,7,19,0,0,16.4
2013,7,19,1,0,16.3
2013,7,19,2,0,16.1
2013,7,19,3,0,16.1
2013,7,19,4,0,15.9
2013,7,19,5,0,15.7
2013,7,19,6,0,15.6
2013,7,19,7,35,15.9
2013,7,19,8,218,16.7
2013,7,19,9,241,17.2
2013,7,19,10,384,18.8
2013,7,19,11,77,19.7
2013,7,19,12,25,20
2013,7,19,13,215,19.6
2013,7,19,14,179,19.1
2013,7,19,15,110,18.6
2013,7,19,16,32,18
2013,7,19,17,0,17.4
2013,7,19,18,0,17
2013,7,19,19,0,16.7
2013,7,19,20,0,16.5
2013,7,19,21,0,16.3
2013,7,19,22,0,15.9
2013,7,19,23,0,15.6
2013,7,20,0,0,15.3
2013,7,20,1,0,15.2
2013,7,20,2,0,15.2
2013,7,20,3,0,15.2
2013,7,20,4,0,15
2013,7,20,5,0,14.8
2013,7,20,6,0,14.8
2013,7,20,7,50,15.1
2013,7,20,8,228,15.7
2013,7,20,9,384,15.9
2013,7,20,10,502,16.7
2013,7,20,11,564,17.3
2013,7,20,12,443,17.6
2013,7,20,13,510,17.7
2013,7,20,14,359,17.6
2013,7,20,15,172,17
2013,7,20,16,74,16.2
2013,7,20,17,0,15.4
2013,7,20,18,0,14.8
2013,7,20,19,0,14.1
2013,7,20,20,0,13.4
2013,7,20,21,0,12.6
2013,7,20,22,0,12
2013,7,20,23,0,11.4
2013,7,21,0,0,10.9
2013,7,21,1,0,10.6
2013,7,21,2,0,10.3
2013,7,21,3,0,10
2013,7,21,4,0,9.8
2013,7,21,5,0,9.6
2013,7,21,6,0,9.6
2013,7,21,7,44,10.1
2013,7,21,8,246,11
2013,7,21,9,406,11.4
2013,7,21,10,524,12.9
2013,7,21,11,587,13.7
2013,7,21,12,585,14.4
2013,7,21,13,526,14.9
2013,7,21,14,411,15
2013,7,21,15,253,14.5
2013,7,21,16,80,13.6
2013,7,21,17,0,12.9
2013,7,21,18,0,12.3
2013,7,21,19,0,11.7
2013,7,21,20,0,11.3
2013,7,21,21,0,10.9
2013,7,21,22,0,10.6
2013,7,21,23,0,10.3
2013,7,22,0,0,10.1
2013,7,22,1,0,9.9
2013,7,22,2,0,9.7
2013,7,22,3,0,9.5
2013,7,22,4,0,9.4
2013,7,22,5,0,9.3
2013,7,22,6,0,9.4
2013,7,22,7,35,10.2
2013,7,22,8,142,11.4
2013,7,22,9,407,12
2013,7,22,10,525,13.5
2013,7,22,11,584,14.2
2013,7,22,12,585,14.8
2013,7,22,13,526,15.3
2013,7,22,14,411,15.5
2013,7,22,15,253,15.1
2013,7,22,16,81,14.2
2013,7,22,17,0,13.3
2013,7,22,18,0,12.7
2013,7,22,19,0,12.1
2013,7,22,20,0,11.6
2013,7,22,21,0,11.2
2013,7,22,22,0,10.8
2013,7,22,23,0,10.5
2013,7,23,0,0,10.3
2013,7,23,1,0,10
2013,7,23,2,0,9.8
2013,7,23,3,0,9.7
2013,7,23,4,0,9.6
2013,7,23,5,0,9.5
2013,7,23,6,0,9.6
2013,7,23,7,27,10.4
2013,7,23,8,244,11.6
2013,7,23,9,404,12.3
2013,7,23,10,518,13.8
2013,7,23,11,577,14.6
2013,7,23,12,453,15.1
2013,7,23,13,284,15.3
2013,7,23,14,29,15.3
2013,7,23,15,152,14.8
2013,7,23,16,42,14.2
2013,7,23,17,0,13.8
2013,7,23,18,0,13.6
2013,7,23,19,0,13.3
2013,7,23,20,0,13
2013,7,23,21,0,12.8
2013,7,23,22,0,12.7
2013,7,23,23,0,12.5
2013,7,24,0,0,12.4
2013,7,24,1,0,12.3
2013,7,24,2,0,12.2
2013,7,24,3,0,12.3
2013,7,24,4,0,12.4
2013,7,24,5,0,12.6
2013,7,24,6,0,13
2013,7,24,7,60,13.4
2013,7,24,8,219,13.9
2013,7,24,9,375,14.1
2013,7,24,10,167,14.8
2013,7,24,11,287,15
2013,7,24,12,351,15.1
2013,7,24,13,297,15.1
2013,7,24,14,276,15.1
2013,7,24,15,185,14.9
2013,7,24,16,54,14.6
2013,7,24,17,0,14.4
2013,7,24,18,0,14.3
2013,7,24,19,0,14.2
2013,7,24,20,0,14.1
2013,7,24,21,0,14
2013,7,24,22,0,13.8
2013,7,24,23,0,13.5
2013,7,25,0,0,13.2
2013,7,25,1,0,12.7
2013,7,25,2,0,12.4
2013,7,25,3,0,12.2
2013,7,25,4,0,12.1
2013,7,25,5,0,12
2013,7,25,6,0,11.9
2013,7,25,7,50,12.4
2013,7,25,8,245,13.3
2013,7,25,9,406,13.8
2013,7,25,10,524,15
2013,7,25,11,587,15.5
2013,7,25,12,592,15.8
2013,7,25,13,534,16.1
2013,7,25,14,418,16.1
2013,7,25,15,260,15.7
2013,7,25,16,63,14.8
2013,7,25,17,0,14.1
2013,7,25,18,0,13.8
2013,7,25,19,0,13.5
2013,7,25,20,0,13.1
2013,7,25,21,0,12.8
2013,7,25,22,0,12.5
2013,7,25,23,0,12.2
2013,7,26,0,0,11.8
2013,7,26,1,0,11.4
2013,7,26,2,0,11.2
2013,7,26,3,0,10.9
2013,7,26,4,0,10.5
2013,7,26,5,0,10.1
2013,7,26,6,0,10.1
2013,7,26,7,59,10.6
2013,7,26,8,258,11.5
2013,7,26,9,340,12.1
2013,7,26,10,543,13.9
2013,7,26,11,608,14.9
2013,7,26,12,606,15.7
2013,7,26,13,547,16.3
2013,7,26,14,430,16.7
2013,7,26,15,269,16.4
2013,7,26,16,90,15.7
2013,7,26,17,0,15.1
2013,7,26,18,0,14.8
2013,7,26,19,0,14.4
2013,7,26,20,0,13.9
2013,7,26,21,0,13.2
2013,7,26,22,0,12.4
2013,7,26,23,0,11.7
2013,7,27,0,0,11.1
2013,7,27,1,0,10.8
2013,7,27,2,0,10.7
2013,7,27,3,0,10.8
2013,7,27,4,0,10.8
2013,7,27,5,0,10.8
2013,7,27,6,0,11.2
2013,7,27,7,78,12.2
2013,7,27,8,251,13.3
2013,7,27,9,412,13.9
2013,7,27,10,530,15.5
2013,7,27,11,594,16.2
2013,7,27,12,596,16.7
2013,7,27,13,541,16.9
2013,7,27,14,426,16.8
2013,7,27,15,267,16.3
2013,7,27,16,91,15.4
2013,7,27,17,0,14.6
2013,7,27,18,0,14.3
2013,7,27,19,0,14.1
2013,7,27,20,0,13.8
2013,7,27,21,0,13.5
2013,7,27,22,0,12.9
2013,7,27,23,0,12.4
2013,7,28,0,0,11.9
2013,7,28,1,0,11.5
2013,7,28,2,0,11.1
2013,7,28,3,0,10.7
2013,7,28,4,0,10.5
2013,7,28,5,0,10.3
2013,7,28,6,0,10.5
2013,7,28,7,81,11.4
2013,7,28,8,230,12.7
2013,7,28,9,277,13.2
2013,7,28,10,378,15
2013,7,28,11,466,15.9
2013,7,28,12,396,16.5
2013,7,28,13,394,16.9
2013,7,28,14,350,16.9
2013,7,28,15,189,16.5
2013,7,28,16,60,15.9
2013,7,28,17,0,15.5
2013,7,28,18,0,15.3
2013,7,28,19,0,15.2
2013,7,28,20,0,14.9
2013,7,28,21,0,14.6
2013,7,28,22,0,14.2
2013,7,28,23,0,13.7
2013,7,29,0,0,13.3
2013,7,29,1,0,13
2013,7,29,2,0,12.7
2013,7,29,3,0,12.5
2013,7,29,4,0,12.4
2013,7,29,5,0,12.3
2013,7,29,6,0,12.4
2013,7,29,7,61,13.2
2013,7,29,8,255,14.4
2013,7,29,9,414,15.1
2013,7,29,10,533,17.3
2013,7,29,11,596,18.3
2013,7,29,12,595,18.9
2013,7,29,13,538,19.2
2013,7,29,14,423,19.1
2013,7,29,15,266,18.6
2013,7,29,16,92,17.6
2013,7,29,17,0,16.8
2013,7,29,18,0,16.4
2013,7,29,19,0,16
2013,7,29,20,0,15.6
2013,7,29,21,0,15.2
2013,7,29,22,0,14.8
2013,7,29,23,0,14.3
2013,7,30,0,0,13.8
2013,7,30,1,0,13.3
2013,7,30,2,0,12.9
2013,7,30,3,0,12.7
2013,7,30,4,0,12.7
2013,7,30,5,0,12.8
2013,7,30,6,0,13.1
2013,7,30,7,31,13.7
2013,7,30,8,113,14.6
2013,7,30,9,153,15.1
2013,7,30,10,323,17.6
2013,7,30,11,74,18.5
2013,7,30,12,209,18.9
2013,7,30,13,368,18.9
2013,7,30,14,291,18.7
2013,7,30,15,113,18
2013,7,30,16,56,17.1
2013,7,30,17,0,16.4
2013,7,30,18,0,16.1
2013,7,30,19,0,15.8
2013,7,30,20,0,15.6
2013,7,30,21,0,15.4
2013,7,30,22,0,15.2
2013,7,30,23,0,15
2013,7,31,0,0,14.8
2013,7,31,1,0,14.6
2013,7,31,2,0,14.4
2013,7,31,3,0,14.3
2013,7,31,4,0,14.2
2013,7,31,5,0,14.2
2013,7,31,6,0,14.3
2013,7,31,7,19,14.8
2013,7,31,8,66,15.4
2013,7,31,9,242,15.6
2013,7,31,10,397,16.4
2013,7,31,11,435,16.6
2013,7,31,12,597,16.6
2013,7,31,13,534,16.5
2013,7,31,14,419,16.2
2013,7,31,15,202,15.8
2013,7,31,16,65,15.2
2013,7,31,17,0,14.8
2013,7,31,18,0,14.6
2013,7,31,19,0,14.4
2013,7,31,20,0,14.2
2013,7,31,21,0,14
2013,7,31,22,0,13.8
2013,7,31,23,0,13.7
2013,8,1,0,0,13.7
2013,8,1,1,0,13.6
2013,8,1,2,0,13.5
2013,8,1,3,0,13.4
2013,8,1,4,0,13.3
2013,8,1,5,0,13.1
2013,8,1,6,0,13.1
2013,8,1,7,91,13.5
2013,8,1,8,269,14.1
2013,8,1,9,430,14.5
2013,8,1,10,547,15.6
2013,8,1,11,610,16.1
2013,8,1,12,611,16.4
2013,8,1,13,555,16.6
2013,8,1,14,438,16.6
2013,8,1,15,279,16.2
2013,8,1,16,101,15.6
2013,8,1,17,0,15.1
2013,8,1,18,0,15
2013,8,1,19,0,15
2013,8,1,20,0,14.9
2013,8,1,21,0,14.8
2013,8,1,22,0,14.3
2013,8,1,23,0,13.6
2013,8,2,0,0,12.9
2013,8,2,1,0,12.3
2013,8,2,2,0,11.9
2013,8,2,3,0,11.5
2013,8,2,4,0,11.3
2013,8,2,5,0,10.9
2013,8,2,6,0,10.9
2013,8,2,7,20,11.7
2013,8,2,8,67,12.8
2013,8,2,9,57,13.3
2013,8,2,10,325,15.4
2013,8,2,11,606,16.6
2013,8,2,12,601,17.5
2013,8,2,13,554,18
2013,8,2,14,436,18.1
2013,8,2,15,278,17.8
2013,8,2,16,100,17.1
2013,8,2,17,0,16.3
2013,8,2,18,0,15.6
2013,8,2,19,0,15
2013,8,2,20,0,14.5
2013,8,2,21,0,14
2013,8,2,22,0,13.6
2013,8,2,23,0,13.2
2013,8,3,0,0,12.9
2013,8,3,1,0,12.6
2013,8,3,2,0,12.4
2013,8,3,3,0,12.3
2013,8,3,4,0,12
2013,8,3,5,0,11.6
2013,8,3,6,0,11.5
2013,8,3,7,41,12
2013,8,3,8,204,12.8
2013,8,3,9,315,13.1
2013,8,3,10,558,14.1
2013,8,3,11,622,14.7
2013,8,3,12,623,15.3
2013,8,3,13,564,15.8
2013,8,3,14,447,16.1
2013,8,3,15,286,15.9
2013,8,3,16,24,15.3
2013,8,3,17,0,14.6
2013,8,3,18,0,13.9
2013,8,3,19,0,13.1
2013,8,3,20,0,12.3
2013,8,3,21,0,11.6
2013,8,3,22,0,11.1
2013,8,3,23,0,10.8
2013,8,4,0,0,10.9
2013,8,4,1,0,11.1
2013,8,4,2,0,11.4
2013,8,4,3,0,11.5
2013,8,4,4,0,11.5
2013,8,4,5,0,11.5
2013,8,4,6,0,11.7
2013,8,4,7,23,12.6
2013,8,4,8,75,13.9
2013,8,4,9,443,14.5
2013,8,4,10,565,15.9
2013,8,4,11,629,16.4
2013,8,4,12,629,16.7
2013,8,4,13,457,16.8
2013,8,4,14,450,16.7
2013,8,4,15,288,16.1
2013,8,4,16,107,15.2
2013,8,4,17,0,14.4
2013,8,4,18,0,13.9
2013,8,4,19,0,13.4
2013,8,4,20,0,12.9
2013,8,4,21,0,12.4
2013,8,4,22,0,11.9
2013,8,4,23,0,11.6
2013,8,5,0,0,11.3
2013,8,5,1,0,11.1
2013,8,5,2,0,10.9
2013,8,5,3,0,10.8
2013,8,5,4,0,10.7
2013,8,5,5,0,10.7
2013,8,5,6,0,10.9
2013,8,5,7,101,11.9
2013,8,5,8,281,13.1
2013,8,5,9,444,13.6
2013,8,5,10,564,15.1
2013,8,5,11,628,16
2013,8,5,12,629,16.8
2013,8,5,13,569,17.4
2013,8,5,14,452,17.6
2013,8,5,15,290,17.3
2013,8,5,16,109,16.3
2013,8,5,17,0,15.3
2013,8,5,18,0,14.6
2013,8,5,19,0,14
2013,8,5,20,0,13.5
2013,8,5,21,0,13
2013,8,5,22,0,12.7
2013,8,5,23,0,12.5
2013,8,6,0,0,12.1
2013,8,6,1,0,11.8
2013,8,6,2,0,11.5
2013,8,6,3,0,11.3
2013,8,6,4,0,11.2
2013,8,6,5,0,11.1
2013,8,6,6,0,11.6
2013,8,6,7,103,12.8
2013,8,6,8,140,14.3
2013,8,6,9,446,15.1
2013,8,6,10,562,17.5
2013,8,6,11,622,18.8
2013,8,6,12,565,19.6
2013,8,6,13,445,19.9
2013,8,6,14,443,19.7
2013,8,6,15,283,19.1
2013,8,6,16,77,18.2
2013,8,6,17,0,17.4
2013,8,6,18,0,16.8
2013,8,6,19,0,16.3
2013,8,6,20,0,15.7
2013,8,6,21,0,15.1
2013,8,6,22,0,14.5
2013,8,6,23,0,13.9
2013,8,7,0,0,13.4
2013,8,7,1,0,13
2013,8,7,2,0,12.6
2013,8,7,3,0,12.4
2013,8,7,4,0,12.2
2013,8,7,5,0,11.8
2013,8,7,6,0,11.8
2013,8,7,7,109,12.2
2013,8,7,8,294,12.9
2013,8,7,9,459,13.3
2013,8,7,10,582,14.4
2013,8,7,11,643,15.1
2013,8,7,12,644,15.5
2013,8,7,13,427,15.6
2013,8,7,14,453,15.5
2013,8,7,15,72,14.9
2013,8,7,16,27,14.2
2013,8,7,17,0,13.7
2013,8,7,18,0,13.4
2013,8,7,19,0,12.8
2013,8,7,20,0,12.1
2013,8,7,21,0,11.4
2013,8,7,22,0,11.2
2013,8,7,23,0,11.1
2013,8,8,0,0,11.1
2013,8,8,1,0,11.1
2013,8,8,2,0,10.9
2013,8,8,3,0,10.8
2013,8,8,4,0,10.9
2013,8,8,5,0,11.1
2013,8,8,6,0,11.2
2013,8,8,7,31,10.9
2013,8,8,8,87,10.9
2013,8,8,9,23,11.1
2013,8,8,10,140,12.3
2013,8,8,11,31,13.1
2013,8,8,12,96,13.5
2013,8,8,13,273,13.7
2013,8,8,14,109,13.8
2013,8,8,15,123,13.7
2013,8,8,16,44,13.5
2013,8,8,17,0,13.2
2013,8,8,18,0,12.9
2013,8,8,19,0,12.6
2013,8,8,20,0,12.4
2013,8,8,21,0,12.3
2013,8,8,22,0,12.1
2013,8,8,23,0,11.9
2013,8,9,0,0,11.7
2013,8,9,1,0,11.5
2013,8,9,2,0,11.3
2013,8,9,3,0,11.2
2013,8,9,4,0,11.1
2013,8,9,5,0,11
2013,8,9,6,0,11.1
2013,8,9,7,118,11.8
2013,8,9,8,304,12.7
2013,8,9,9,211,13.2
2013,8,9,10,512,14.6
2013,8,9,11,648,15.3
2013,8,9,12,646,15.9
2013,8,9,13,384,16.3
2013,8,9,14,273,16.6
2013,8,9,15,178,16.6
2013,8,9,16,60,16.1
2013,8,9,17,0,15.6
2013,8,9,18,0,15.1
2013,8,9,19,0,14.6
2013,8,9,20,0,13.9
2013,8,9,21,0,13.3
2013,8,9,22,0,13
2013,8,9,23,0,12.9
2013,8,10,0,0,12.9
2013,8,10,1,0,12.9
2013,8,10,2,0,12.8
2013,8,10,3,0,12.7
2013,8,10,4,0,12.4
2013,8,10,5,0,12.2
2013,8,10,6,0,12.3
2013,8,10,7,118,13.1
2013,8,10,8,304,14.3
2013,8,10,9,470,15
2013,8,10,10,593,17
2013,8,10,11,657,18
2013,8,10,12,658,18.8
2013,8,10,13,596,19.3
2013,8,10,14,476,19.5
2013,8,10,15,309,19.3
2013,8,10,16,123,18.9
2013,8,10,17,0,18.5
2013,8,10,18,0,18
2013,8,10,19,0,17.2
2013,8,10,20,0,16.1
2013,8,10,21,0,14.8
2013,8,10,22,0,13.6
2013,8,10,23,0,12.7
2013,8,11,0,0,12
2013,8,11,1,0,11.5
2013,8,11,2,0,11.2
2013,8,11,3,0,11
2013,8,11,4,0,10.7
2013,8,11,5,0,10.5
2013,8,11,6,0,10.6
2013,8,11,7,126,11.6
2013,8,11,8,316,13.1
2013,8,11,9,484,13.9
2013,8,11,10,609,15.9
2013,8,11,11,670,16.9
2013,8,11,12,670,17.7
2013,8,11,13,603,18.4
2013,8,11,14,480,18.7
2013,8,11,15,310,18.5
2013,8,11,16,123,17.8
2013,8,11,17,0,17.1
2013,8,11,18,0,16.8
2013,8,11,19,0,16.3
2013,8,11,20,0,15.7
2013,8,11,21,0,15
2013,8,11,22,0,14.4
2013,8,11,23,0,13.9
2013,8,12,0,0,13.5
2013,8,12,1,0,13.3
2013,8,12,2,0,13.2
2013,8,12,3,0,13.3
2013,8,12,4,0,13.3
2013,8,12,5,0,13.3
2013,8,12,6,0,13.6
2013,8,12,7,116,14.6
2013,8,12,8,229,16
2013,8,12,9,435,16.7
2013,8,12,10,584,19.2
2013,8,12,11,544,20.5
2013,8,12,12,207,21.3
2013,8,12,13,102,21.5
2013,8,12,14,47,20.6
2013,8,12,15,113,18.9
2013,8,12,16,42,17.3
2013,8,12,17,0,16.2
2013,8,12,18,0,15.4
2013,8,12,19,0,14.6
2013,8,12,20,0,14
2013,8,12,21,0,13.4
2013,8,12,22,0,13
2013,8,12,23,0,12.5
2013,8,13,0,0,12
2013,8,13,1,0,11.6
2013,8,13,2,0,11.2
2013,8,13,3,0,10.9
2013,8,13,4,0,10.6
2013,8,13,5,0,10.5
2013,8,13,6,0,11
2013,8,13,7,67,12.3
2013,8,13,8,325,13.9
2013,8,13,9,493,14.7
2013,8,13,10,614,16.5
2013,8,13,11,674,17.3
2013,8,13,12,674,17.9
2013,8,13,13,614,18.3
2013,8,13,14,492,18.4
2013,8,13,15,324,18.2
2013,8,13,16,135,17.5
2013,8,13,17,0,16.5
2013,8,13,18,0,15.6
2013,8,13,19,0,14.8
2013,8,13,20,0,14
2013,8,13,21,0,13.4
2013,8,13,22,0,12.8
2013,8,13,23,0,12.3
2013,8,14,0,0,12
2013,8,14,1,0,11.8
2013,8,14,2,0,11.7
2013,8,14,3,0,11.6
2013,8,14,4,0,11.4
2013,8,14,5,0,11.2
2013,8,14,6,0,11.5
2013,8,14,7,133,12.6
2013,8,14,8,322,14.2
2013,8,14,9,489,15.1
2013,8,14,10,609,17.5
2013,8,14,11,672,18.5
2013,8,14,12,671,19.2
2013,8,14,13,608,19.7
2013,8,14,14,485,19.8
2013,8,14,15,319,19.4
2013,8,14,16,130,18.5
2013,8,14,17,0,17.7
2013,8,14,18,0,17.1
2013,8,14,19,0,16.6
2013,8,14,20,0,16.3
2013,8,14,21,0,16.1
2013,8,14,22,0,15.9
2013,8,14,23,0,15.3
2013,8,15,0,0,14.3
2013,8,15,1,0,13.2
2013,8,15,2,0,12.4
2013,8,15,3,0,11.9
2013,8,15,4,0,11.7
2013,8,15,5,0,11.5
2013,8,15,6,0,11.7
2013,8,15,7,143,12.4
2013,8,15,8,338,13.2
2013,8,15,9,509,13.6
2013,8,15,10,630,14.7
2013,8,15,11,692,15.2
2013,8,15,12,691,15.5
2013,8,15,13,626,15.7
2013,8,15,14,500,15.8
2013,8,15,15,329,15.6
2013,8,15,16,139,14.9
2013,8,15,17,0,14.4
2013,8,15,18,0,14.2
2013,8,15,19,0,14.3
2013,8,15,20,0,14.3
2013,8,15,21,0,13.7
2013,8,15,22,0,12.9
2013,8,15,23,0,12.1
2013,8,16,0,0,11.4
2013,8,16,1,0,10.9
2013,8,16,2,0,10.3
2013,8,16,3,0,9.9
2013,8,16,4,0,9.5
2013,8,16,5,0,9.1
2013,8,16,6,0,9.3
2013,8,16,7,143,10.3
2013,8,16,8,337,11.8
2013,8,16,9,506,12.7
2013,8,16,10,631,15.4
2013,8,16,11,692,16.6
2013,8,16,12,690,17.5
2013,8,16,13,627,17.9
2013,8,16,14,503,18
2013,8,16,15,333,17.5
2013,8,16,16,139,16.5
2013,8,16,17,0,15.7
2013,8,16,18,0,15.4
2013,8,16,19,0,15.3
2013,8,16,20,0,15.2
2013,8,16,21,0,15.1
2013,8,16,22,0,14.9
2013,8,16,23,0,14.7
2013,8,17,0,0,14.6
2013,8,17,1,0,14.4
2013,8,17,2,0,14.1
2013,8,17,3,0,13.9
2013,8,17,4,0,13.8
2013,8,17,5,0,13.8
2013,8,17,6,0,14.1
2013,8,17,7,128,15
2013,8,17,8,306,16.2
2013,8,17,9,460,16.9
2013,8,17,10,601,18.9
2013,8,17,11,660,20
2013,8,17,12,659,20.5
2013,8,17,13,600,20.7
2013,8,17,14,480,20.5
2013,8,17,15,321,19.8
2013,8,17,16,138,18.5
2013,8,17,17,0,17.2
2013,8,17,18,0,16.3
2013,8,17,19,0,15.5
2013,8,17,20,0,14.7
2013,8,17,21,0,13.9
2013,8,17,22,0,13.3
2013,8,17,23,0,12.9
2013,8,18,0,0,12.6
2013,8,18,1,0,12.4
2013,8,18,2,0,12.3
2013,8,18,3,0,12.2
2013,8,18,4,0,12
2013,8,18,5,0,11.8
2013,8,18,6,0,12.1
2013,8,18,7,150,13.2
2013,8,18,8,346,14.5
2013,8,18,9,516,15.3
2013,8,18,10,637,17.3
2013,8,18,11,701,18.4
2013,8,18,12,696,19.2
2013,8,18,13,632,19.7
2013,8,18,14,508,19.8
2013,8,18,15,337,19.5
2013,8,18,16,144,18.5
2013,8,18,17,0,17.6
2013,8,18,18,0,16.9
2013,8,18,19,0,16.2
2013,8,18,20,0,15.6
2013,8,18,21,0,15.1
2013,8,18,22,0,14.6
2013,8,18,23,0,14.3
2013,8,19,0,0,14
2013,8,19,1,0,13.7
2013,8,19,2,0,13.4
2013,8,19,3,0,13.3
2013,8,19,4,0,13.2
2013,8,19,5,0,13.2
2013,8,19,6,0,13.5
2013,8,19,7,148,14.6
2013,8,19,8,338,15.9
2013,8,19,9,507,16.4
2013,8,19,10,630,17.3
2013,8,19,11,344,17.7
2013,8,19,12,688,18
2013,8,19,13,627,17.9
2013,8,19,14,327,17.5
2013,8,19,15,208,16.6
2013,8,19,16,74,15.3
2013,8,19,17,0,14.1
2013,8,19,18,0,13.3
2013,8,19,19,0,12.5
2013,8,19,20,0,11.7
2013,8,19,21,0,11.1
2013,8,19,22,0,10.6
2013,8,19,23,0,10.2
2013,8,20,0,0,9.9
2013,8,20,1,0,9.6
2013,8,20,2,0,9.3
2013,8,20,3,0,9.2
2013,8,20,4,0,9.1
2013,8,20,5,0,8.9
2013,8,20,6,0,9.3
2013,8,20,7,161,10.1
2013,8,20,8,361,11.1
2013,8,20,9,533,11.6
2013,8,20,10,656,13
2013,8,20,11,720,13.7
2013,8,20,12,718,14.2
2013,8,20,13,652,14.5
2013,8,20,14,526,14.5
2013,8,20,15,350,14
2013,8,20,16,153,13.1
2013,8,20,17,0,12
2013,8,20,18,0,11.4
2013,8,20,19,0,10.8
2013,8,20,20,0,10.2
2013,8,20,21,0,9.8
2013,8,20,22,0,9.5
2013,8,20,23,0,9.2
2013,8,21,0,0,9.1
2013,8,21,1,0,9.1
2013,8,21,2,0,9.2
2013,8,21,3,0,9.2
2013,8,21,4,0,9.3
2013,8,21,5,0,9.4
2013,8,21,6,0,10
2013,8,21,7,163,11
2013,8,21,8,356,12.2
2013,8,21,9,525,12.8
2013,8,21,10,647,14
2013,8,21,11,711,14.6
2013,8,21,12,709,15
2013,8,21,13,66,15.3
2013,8,21,14,516,15.4
2013,8,21,15,275,15.2
2013,8,21,16,148,14.5
2013,8,21,17,0,13.7
2013,8,21,18,0,13.1
2013,8,21,19,0,12.5
2013,8,21,20,0,11.8
2013,8,21,21,0,11.1
2013,8,21,22,0,10.6
2013,8,21,23,0,10.2
2013,8,22,0,0,10
2013,8,22,1,0,9.9
2013,8,22,2,0,9.9
2013,8,22,3,0,9.9
2013,8,22,4,0,9.8
2013,8,22,5,0,9.7
2013,8,22,6,0,10.1
2013,8,22,7,84,11.2
2013,8,22,8,206,12.4
2013,8,22,9,397,13
2013,8,22,10,635,14.6
2013,8,22,11,699,15.2
2013,8,22,12,408,15.6
2013,8,22,13,416,15.6
2013,8,22,14,307,15.5
2013,8,22,15,217,15.5
2013,8,22,16,87,15.1
2013,8,22,17,0,14.5
2013,8,22,18,0,14.1
2013,8,22,19,0,13.5
2013,8,22,20,0,12.9
2013,8,22,21,0,12.4
2013,8,22,22,0,12.1
2013,8,22,23,0,11.8
2013,8,23,0,0,11.6
2013,8,23,1,0,11.6
2013,8,23,2,0,11.8
2013,8,23,3,0,12.1
2013,8,23,4,0,12.3
2013,8,23,5,0,12.5
2013,8,23,6,0,12.8
2013,8,23,7,122,13.3
2013,8,23,8,274,14.1
2013,8,23,9,318,14.7
2013,8,23,10,346,16.2
2013,8,23,11,317,16.6
2013,8,23,12,111,16.7
2013,8,23,13,146,16.8
2013,8,23,14,170,17
2013,8,23,15,59,16.9
2013,8,23,16,24,16.4
2013,8,23,17,0,15.9
2013,8,23,18,0,15.5
2013,8,23,19,0,15.1
2013,8,23,20,0,14.7
2013,8,23,21,0,14.4
2013,8,23,22,0,14.3
2013,8,23,23,0,14.2
2013,8,24,0,0,14.1
2013,8,24,1,0,14.1
2013,8,24,2,0,14
2013,8,24,3,0,13.9
2013,8,24,4,0,13.8
2013,8,24,5,0,13.6
2013,8,24,6,0,14
2013,8,24,7,172,14.9
2013,8,24,8,365,15.9
2013,8,24,9,532,16.3
2013,8,24,10,653,17.7
2013,8,24,11,714,18.3
2013,8,24,12,707,18.8
2013,8,24,13,639,18.9
2013,8,24,14,512,18.9
2013,8,24,15,341,18.4
2013,8,24,16,158,17.4
2013,8,24,17,0,16.4
2013,8,24,18,0,15.9
2013,8,24,19,0,15.8
2013,8,24,20,0,15.6
2013,8,24,21,0,15.3
2013,8,24,22,0,14.8
2013,8,24,23,0,14.3
2013,8,25,0,0,13.7
2013,8,25,1,0,13
2013,8,25,2,0,12.5
2013,8,25,3,0,12.1
2013,8,25,4,0,11.8
2013,8,25,5,0,11.4
2013,8,25,6,12,11.6
2013,8,25,7,175,12.7
2013,8,25,8,371,14.4
2013,8,25,9,542,15.2
2013,8,25,10,668,17.4
2013,8,25,11,728,18.6
2013,8,25,12,722,19.5
2013,8,25,13,663,20.2
2013,8,25,14,533,20.4
2013,8,25,15,357,20
2013,8,25,16,158,18.8
2013,8,25,17,0,17.5
2013,8,25,18,0,16.8
2013,8,25,19,0,16.3
2013,8,25,20,0,15.8
2013,8,25,21,0,15.3
2013,8,25,22,0,14.7
2013,8,25,23,0,14
2013,8,26,0,0,13.3
2013,8,26,1,0,12.7
2013,8,26,2,0,12.3
2013,8,26,3,0,12.1
2013,8,26,4,0,11.9
2013,8,26,5,0,11.9
2013,8,26,6,14,12.4
2013,8,26,7,181,13.6
2013,8,26,8,379,14.9
2013,8,26,9,549,15.6
2013,8,26,10,674,17.1
2013,8,26,11,735,17.7
2013,8,26,12,730,18.2
2013,8,26,13,509,18.4
2013,8,26,14,529,18.4
2013,8,26,15,260,17.9
2013,8,26,16,109,17.1
2013,8,26,17,0,16.4
2013,8,26,18,0,15.8
2013,8,26,19,0,15.4
2013,8,26,20,0,15.1
2013,8,26,21,0,14.8
2013,8,26,22,0,14.3
2013,8,26,23,0,13.9
2013,8,27,0,0,13.6
2013,8,27,1,0,13.5
2013,8,27,2,0,13.5
2013,8,27,3,0,13.6
2013,8,27,4,0,13.6
2013,8,27,5,0,13.5
2013,8,27,6,4,13.7
2013,8,27,7,124,14.3
2013,8,27,8,370,15.5
2013,8,27,9,538,16.3
2013,8,27,10,662,18
2013,8,27,11,724,18.5
2013,8,27,12,720,18.7
2013,8,27,13,655,18.7
2013,8,27,14,528,18.6
2013,8,27,15,356,18.1
2013,8,27,16,161,17.2
2013,8,27,17,0,16.2
2013,8,27,18,0,15.8
2013,8,27,19,0,15.8
2013,8,27,20,0,15.9
2013,8,27,21,0,15.8
2013,8,27,22,0,15.5
2013,8,27,23,0,15.1
2013,8,28,0,0,14.7
2013,8,28,1,0,14.2
2013,8,28,2,0,13.7
2013,8,28,3,0,13.3
2013,8,28,4,0,12.9
2013,8,28,5,0,12.5
2013,8,28,6,17,12.9
2013,8,28,7,186,14
2013,8,28,8,381,15.7
2013,8,28,9,552,16.8
2013,8,28,10,675,18.8
2013,8,28,11,736,19.2
2013,8,28,12,729,19.4
2013,8,28,13,662,19.3
2013,8,28,14,532,19
2013,8,28,15,359,18.5
2013,8,28,16,164,17.6
2013,8,28,17,0,16.6
2013,8,28,18,0,16
2013,8,28,19,0,15.9
2013,8,28,20,0,15.9
2013,8,28,21,0,16
2013,8,28,22,0,16.1
2013,8,28,23,0,16
2013,8,29,0,0,15.7
2013,8,29,1,0,15.5
2013,8,29,2,0,15.2
2013,8,29,3,0,15
2013,8,29,4,0,14.8
2013,8,29,5,0,14.6
2013,8,29,6,18,14.9
2013,8,29,7,183,15.8
2013,8,29,8,167,17
2013,8,29,9,536,17.6
2013,8,29,10,450,18.7
2013,8,29,11,534,19.2
2013,8,29,12,702,19.5
2013,8,29,13,548,19.7
2013,8,29,14,353,19.6
2013,8,29,15,284,19.3
2013,8,29,16,153,18.6
2013,8,29,17,0,18
2013,8,29,18,0,17.7
2013,8,29,19,0,17.7
2013,8,29,20,0,17.7
2013,8,29,21,0,17.7
2013,8,29,22,0,17.6
2013,8,29,23,0,17.5
2013,8,30,0,0,17.2
2013,8,30,1,0,16.9
2013,8,30,2,0,16.7
2013,8,30,3,0,16.5
2013,8,30,4,0,16.4
2013,8,30,5,0,16.3
2013,8,30,6,16,16.6
2013,8,30,7,113,17.5
2013,8,30,8,373,18.7
2013,8,30,9,547,19.4
2013,8,30,10,680,21.2
2013,8,30,11,745,22.2
2013,8,30,12,736,23.1
2013,8,30,13,669,23.9
2013,8,30,14,540,24.4
2013,8,30,15,364,24
2013,8,30,16,166,22.5
2013,8,30,17,0,20.4
2013,8,30,18,0,19.1
2013,8,30,19,0,18.5
2013,8,30,20,0,18.1
2013,8,30,21,0,17.5
2013,8,30,22,0,17.1
2013,8,30,23,0,16.6
2013,8,31,0,0,16.2
2013,8,31,1,0,15.9
2013,8,31,2,0,15.5
2013,8,31,3,0,15
2013,8,31,4,0,14.7
2013,8,31,5,0,14.6
2013,8,31,6,13,14.8
2013,8,31,7,112,15.4
2013,8,31,8,245,16.3
2013,8,31,9,450,16.8
2013,8,31,10,684,19.2
2013,8,31,11,547,20.2
2013,8,31,12,570,20.7
2013,8,31,13,585,20.8
2013,8,31,14,547,20.7
2013,8,31,15,374,20.2
2013,8,31,16,174,19
2013,8,31,17,0,17.8
2013,8,31,18,0,17.2
2013,8,31,19,0,17
2013,8,31,20,0,17.1
2013,8,31,21,0,17.3
2013,8,31,22,0,17.4
2013,8,31,23,0,17.3
2013,9,1,0,0,17.1
2013,9,1,1,0,16.7
2013,9,1,2,0,16.2
2013,9,1,3,0,15.6
2013,9,1,4,0,15.1
2013,9,1,5,0,14.7
2013,9,1,6,28,14.9
2013,9,1,7,209,16.2
2013,9,1,8,409,17.8
2013,9,1,9,579,18.6
2013,9,1,10,699,20
2013,9,1,11,761,20.6
2013,9,1,12,755,20.9
2013,9,1,13,686,21
2013,9,1,14,555,20.9
2013,9,1,15,379,20.4
2013,9,1,16,178,19.4
2013,9,1,17,0,18.3
2013,9,1,18,0,17.6
2013,9,1,19,0,17.3
2013,9,1,20,0,17
2013,9,1,21,0,16.7
2013,9,1,22,0,16.4
2013,9,1,23,0,16.1
2013,9,2,0,0,15.7
2013,9,2,1,0,15.3
2013,9,2,2,0,14.8
2013,9,2,3,0,14.3
2013,9,2,4,0,13.8
2013,9,2,5,0,13.4
2013,9,2,6,28,13.7
2013,9,2,7,207,15
2013,9,2,8,254,16.8
2013,9,2,9,576,17.9
2013,9,2,10,696,19.7
2013,9,2,11,756,20.6
2013,9,2,12,750,21.1
2013,9,2,13,688,21.3
2013,9,2,14,555,21.2
2013,9,2,15,378,20.7
2013,9,2,16,176,19.7
2013,9,2,17,12,18.5
2013,9,2,18,0,17.7
2013,9,2,19,0,17.2
2013,9,2,20,0,16.9
2013,9,2,21,0,16.7
2013,9,2,22,0,16.6
2013,9,2,23,0,16.5
2013,9,3,0,0,16.3
2013,9,3,1,0,16
2013,9,3,2,0,15.7
2013,9,3,3,0,15.4
2013,9,3,4,0,15.2
2013,9,3,5,0,15
2013,9,3,6,29,15.2
2013,9,3,7,204,16.2
2013,9,3,8,399,17.6
2013,9,3,9,567,18.3
2013,9,3,10,686,19.7
2013,9,3,11,747,20.3
2013,9,3,12,741,20.6
2013,9,3,13,678,20.8
2013,9,3,14,550,20.7
2013,9,3,15,374,20.3
2013,9,3,16,175,19.5
2013,9,3,17,12,18.4
2013,9,3,18,0,17.7
2013,9,3,19,0,17.2
2013,9,3,20,0,16.9
2013,9,3,21,0,16.5
2013,9,3,22,0,16.2
2013,9,3,23,0,15.8
2013,9,4,0,0,15.4
2013,9,4,1,0,15.1
2013,9,4,2,0,14.8
2013,9,4,3,0,14.5
2013,9,4,4,0,14.3
2013,9,4,5,0,14.2
2013,9,4,6,35,14.8
2013,9,4,7,220,16.1
2013,9,4,8,421,17.7
2013,9,4,9,592,18.4
2013,9,4,10,716,19.9
2013,9,4,11,777,20.6
2013,9,4,12,772,21
2013,9,4,13,700,21.2
2013,9,4,14,568,21.1
2013,9,4,15,389,20.7
2013,9,4,16,184,19.6
2013,9,4,17,14,18.4
2013,9,4,18,0,17.6
2013,9,4,19,0,17.2
2013,9,4,20,0,16.9
2013,9,4,21,0,16.6
2013,9,4,22,0,16.2
2013,9,4,23,0,15.8
2013,9,5,0,0,15.4
2013,9,5,1,0,15
2013,9,5,2,0,14.7
2013,9,5,3,0,14.4
2013,9,5,4,0,13.9
2013,9,5,5,0,13.6
2013,9,5,6,38,13.9
2013,9,5,7,224,15.2
2013,9,5,8,423,17.1
2013,9,5,9,592,18.3
2013,9,5,10,708,21.3
2013,9,5,11,765,22.8
2013,9,5,12,756,23.9
2013,9,5,13,682,24.5
2013,9,5,14,550,24.6
2013,9,5,15,372,24.4
2013,9,5,16,175,23.7
2013,9,5,17,14,22.6
2013,9,5,18,0,21.5
2013,9,5,19,0,20.5
2013,9,5,20,0,19.6
2013,9,5,21,0,19
2013,9,5,22,0,18.7
2013,9,5,23,0,18.4
2013,9,6,0,0,18.1
2013,9,6,1,0,17.7
2013,9,6,2,0,17.2
2013,9,6,3,0,16.7
2013,9,6,4,0,16.2
2013,9,6,5,0,15.9
2013,9,6,6,37,15.9
2013,9,6,7,212,16.4
2013,9,6,8,402,17.2
2013,9,6,9,460,17.7
2013,9,6,10,536,19.6
2013,9,6,11,738,20.5
2013,9,6,12,731,20.8
2013,9,6,13,664,20.9
2013,9,6,14,535,20.7
2013,9,6,15,363,20.3
2013,9,6,16,127,19.6
2013,9,6,17,9,19
2013,9,6,18,0,18.5
2013,9,6,19,0,18.1
2013,9,6,20,0,17.9
2013,9,6,21,0,17.8
2013,9,6,22,0,17.6
2013,9,6,23,0,17.4
2013,9,7,0,0,17.2
2013,9,7,1,0,17.1
2013,9,7,2,0,17.1
2013,9,7,3,0,17.1
2013,9,7,4,0,17
2013,9,7,5,0,16.9
2013,9,7,6,25,17.1
2013,9,7,7,185,18
2013,9,7,8,421,19.5
2013,9,7,9,589,20.5
2013,9,7,10,711,23.1
2013,9,7,11,764,24.2
2013,9,7,12,753,24.6
2013,9,7,13,682,24.6
2013,9,7,14,547,24.2
2013,9,7,15,368,23.4
2013,9,7,16,179,22.1
2013,9,7,17,15,21
2013,9,7,18,0,20.2
2013,9,7,19,0,19.7
2013,9,7,20,0,19.2
2013,9,7,21,0,18.7
2013,9,7,22,0,18.2
2013,9,7,23,0,17.8
2013,9,8,0,0,17.4
2013,9,8,1,0,17.2
2013,9,8,2,0,17.1
2013,9,8,3,0,17
2013,9,8,4,0,16.9
2013,9,8,5,0,17
2013,9,8,6,42,17.3
2013,9,8,7,16,17.9
2013,9,8,8,32,18.3
2013,9,8,9,588,18.5
2013,9,8,10,256,19.2
2013,9,8,11,64,19.5
2013,9,8,12,753,19.7
2013,9,8,13,692,19.8
2013,9,8,14,560,19.7
2013,9,8,15,382,19.2
2013,9,8,16,181,18.4
2013,9,8,17,2,17.6
2013,9,8,18,0,17.3
2013,9,8,19,0,17.2
2013,9,8,20,0,17.3
2013,9,8,21,0,17.3
2013,9,8,22,0,17.3
2013,9,8,23,0,17.3
2013,9,9,0,0,17.3
2013,9,9,1,0,17.2
2013,9,9,2,0,17.1
2013,9,9,3,0,17.1
2013,9,9,4,0,17
2013,9,9,5,0,17.1
2013,9,9,6,43,17.6
2013,9,9,7,222,18.7
2013,9,9,8,416,19.8
2013,9,9,9,580,20.3
2013,9,9,10,597,21.5
2013,9,9,11,400,22.1
2013,9,9,12,343,22.5
2013,9,9,13,230,22.6
2013,9,9,14,555,22.5
2013,9,9,15,264,22
2013,9,9,16,118,21.2
2013,9,9,17,11,20.5
2013,9,9,18,0,20.2
2013,9,9,19,0,20.1
2013,9,9,20,0,20.1
2013,9,9,21,0,19.9
2013,9,9,22,0,19.7
2013,9,9,23,0,19.5
2013,9,10,0,0,19.3
2013,9,10,1,0,19.3
2013,9,10,2,0,19.3
2013,9,10,3,0,19.4
2013,9,10,4,0,19.4
2013,9,10,5,0,19.4
2013,9,10,6,52,19.9
2013,9,10,7,243,20.9
2013,9,10,8,441,22.2
2013,9,10,9,609,22.9
2013,9,10,10,731,24.6
2013,9,10,11,776,25.1
2013,9,10,12,754,25.3
2013,9,10,13,708,25.2
2013,9,10,14,559,25.1
2013,9,10,15,376,24.7
2013,9,10,16,179,23.8
2013,9,10,17,16,22.7
2013,9,10,18,0,21.8
2013,9,10,19,0,20.9
2013,9,10,20,0,19.9
2013,9,10,21,0,19
2013,9,10,22,0,18.2
2013,9,10,23,0,17.4
2013,9,11,0,0,16.5
2013,9,11,1,0,15.8
2013,9,11,2,0,15.2
2013,9,11,3,0,14.7
2013,9,11,4,0,14.4
2013,9,11,5,0,14.3
2013,9,11,6,40,14.9
2013,9,11,7,270,15.8
2013,9,11,8,343,16.6
2013,9,11,9,397,17.1
2013,9,11,10,337,18.9
2013,9,11,11,252,20.2
2013,9,11,12,395,21.2
2013,9,11,13,732,21.7
2013,9,11,14,588,21.9
2013,9,11,15,405,21.6
2013,9,11,16,200,20.6
2013,9,11,17,22,19.4
2013,9,11,18,0,18.5
2013,9,11,19,0,17.7
2013,9,11,20,0,16.9
2013,9,11,21,0,16.2
2013,9,11,22,0,15.4
2013,9,11,23,0,14.8
2013,9,12,0,0,14.3
2013,9,12,1,0,14
2013,9,12,2,0,13.9
2013,9,12,3,0,13.7
2013,9,12,4,0,13.6
2013,9,12,5,0,13.6
2013,9,12,6,67,14.3
2013,9,12,7,270,15.6
2013,9,12,8,475,16.9
2013,9,12,9,647,17.4
2013,9,12,10,765,18.5
2013,9,12,11,821,19.2
2013,9,12,12,808,20.1
2013,9,12,13,734,20.8
2013,9,12,14,597,21.2
2013,9,12,15,412,21.2
2013,9,12,16,205,20.4
2013,9,12,17,7,18.9
2013,9,12,18,0,16.9
2013,9,12,19,0,15
2013,9,12,20,0,13.9
2013,9,12,21,0,13.6
2013,9,12,22,0,13.3
2013,9,12,23,0,12.9
2013,9,13,0,0,12.6
2013,9,13,1,0,12.5
2013,9,13,2,0,12.5
2013,9,13,3,0,12.4
2013,9,13,4,0,12.3
2013,9,13,5,0,12.4
2013,9,13,6,41,13.1
2013,9,13,7,172,14
2013,9,13,8,477,15
2013,9,13,9,280,15.4
2013,9,13,10,496,16.1
2013,9,13,11,822,16.6
2013,9,13,12,333,17
2013,9,13,13,513,17.2
2013,9,13,14,585,17.2
2013,9,13,15,400,16.9
2013,9,13,16,191,16.6
2013,9,13,17,13,16.1
2013,9,13,18,0,15.7
2013,9,13,19,0,15.5
2013,9,13,20,0,15.4
2013,9,13,21,0,15.5
2013,9,13,22,0,15.6
2013,9,13,23,0,15.7
2013,9,14,0,0,15.8
2013,9,14,1,0,15.6
2013,9,14,2,0,15.5
2013,9,14,3,0,15.5
2013,9,14,4,0,15.5
2013,9,14,5,0,15.7
2013,9,14,6,55,16.1
2013,9,14,7,237,16.6
2013,9,14,8,429,17
2013,9,14,9,597,17.3
2013,9,14,10,732,18.4
2013,9,14,11,792,19.3
2013,9,14,12,789,20
2013,9,14,13,717,20.4
2013,9,14,14,585,20.2
2013,9,14,15,405,19.5
2013,9,14,16,200,18.3
2013,9,14,17,23,17
2013,9,14,18,0,16.2
2013,9,14,19,0,15.9
2013,9,14,20,0,15.7
2013,9,14,21,0,15.6
2013,9,14,22,0,15.5
2013,9,14,23,0,15.5
2013,9,15,0,0,15.4
2013,9,15,1,0,15.2
2013,9,15,2,0,15.1
2013,9,15,3,0,15
2013,9,15,4,0,14.9
2013,9,15,5,0,15
2013,9,15,6,73,15.4
2013,9,15,7,276,16.2
2013,9,15,8,478,16.8
2013,9,15,9,325,17
2013,9,15,10,559,17.7
2013,9,15,11,296,18
2013,9,15,12,812,18.2
2013,9,15,13,732,18.3
2013,9,15,14,596,18
2013,9,15,15,284,17.6
2013,9,15,16,53,17.1
2013,9,15,17,7,16.5
2013,9,15,18,0,16.1
2013,9,15,19,0,16
2013,9,15,20,0,16
2013,9,15,21,0,15.9
2013,9,15,22,0,16
2013,9,15,23,0,16.1
2013,9,16,0,0,16.1
2013,9,16,1,0,16.1
2013,9,16,2,0,16.1
2013,9,16,3,0,16.1
2013,9,16,4,0,16
2013,9,16,5,0,16.1
2013,9,16,6,5,16.6
2013,9,16,7,11,17.1
2013,9,16,8,23,17.5
2013,9,16,9,75,17.7
2013,9,16,10,137,17.9
2013,9,16,11,88,17.9
2013,9,16,12,124,17.9
2013,9,16,13,168,17.8
2013,9,16,14,118,17.7
2013,9,16,15,113,17.4
2013,9,16,16,50,17.1
2013,9,16,17,9,16.8
2013,9,16,18,0,16.7
2013,9,16,19,0,16.8
2013,9,16,20,0,16.9
2013,9,16,21,0,17.1
2013,9,16,22,0,17.2
2013,9,16,23,0,17.4
2013,9,17,0,0,17.5
2013,9,17,1,0,17.5
2013,9,17,2,0,17.2
2013,9,17,3,0,16.8
2013,9,17,4,0,16.5
2013,9,17,5,0,16.3
2013,9,17,6,5,16.5
2013,9,17,7,11,17.2
2013,9,17,8,207,18.1
2013,9,17,9,497,18.6
2013,9,17,10,593,19.9
2013,9,17,11,565,20.5
2013,9,17,12,194,20.7
2013,9,17,13,724,20.7
2013,9,17,14,589,20.6
2013,9,17,15,412,20.3
2013,9,17,16,32,19.8
2013,9,17,17,7,19.1
2013,9,17,18,0,18.5
2013,9,17,19,0,18
2013,9,17,20,0,17.4
2013,9,17,21,0,17.1
2013,9,17,22,0,17
2013,9,17,23,0,16.8
2013,9,18,0,0,16.6
2013,9,18,1,0,16.5
2013,9,18,2,0,16.3
2013,9,18,3,0,16.3
2013,9,18,4,0,16.2
2013,9,18,5,0,16.3
2013,9,18,6,65,17
2013,9,18,7,224,18
2013,9,18,8,315,18.8
2013,9,18,9,666,19.3
2013,9,18,10,783,20.5
2013,9,18,11,839,21.2
2013,9,18,12,823,21.7
2013,9,18,13,742,22
2013,9,18,14,606,22
2013,9,18,15,425,21.9
2013,9,18,16,218,21.2
2013,9,18,17,32,20.4
2013,9,18,18,0,19.8
2013,9,18,19,0,19.4
2013,9,18,20,0,19
2013,9,18,21,0,18.6
2013,9,18,22,0,18.1
2013,9,18,23,0,17.6
2013,9,19,0,0,17.2
2013,9,19,1,0,16.8
2013,9,19,2,0,16.3
2013,9,19,3,0,15.7
2013,9,19,4,0,15.1
2013,9,19,5,0,14.6
2013,9,19,6,102,14.8
2013,9,19,7,319,15.4
2013,9,19,8,528,16.2
2013,9,19,9,702,16.6
2013,9,19,10,818,18.1
2013,9,19,11,874,19.2
2013,9,19,12,860,20.1
2013,9,19,13,779,20.7
2013,9,19,14,639,21
2013,9,19,15,451,20.9
2013,9,19,16,235,20.1
2013,9,19,17,37,18.8
2013,9,19,18,0,17.7
2013,9,19,19,0,16.8
2013,9,19,20,0,15.9
2013,9,19,21,0,15
2013,9,19,22,0,14.3
2013,9,19,23,0,13.7
2013,9,20,0,0,13.3
2013,9,20,1,0,13
2013,9,20,2,0,12.8
2013,9,20,3,0,12.7
2013,9,20,4,0,12.6
2013,9,20,5,0,12.7
2013,9,20,6,102,13.6
2013,9,20,7,313,15.1
2013,9,20,8,518,16.6
2013,9,20,9,605,17.3
2013,9,20,10,807,18.8
2013,9,20,11,864,19.2
2013,9,20,12,853,19
2013,9,20,13,518,18.5
2013,9,20,14,474,18.1
2013,9,20,15,284,17.7
2013,9,20,16,231,17.2
2013,9,20,17,36,16.4
2013,9,20,18,0,15.7
2013,9,20,19,0,15.3
2013,9,20,20,0,14.9
2013,9,20,21,0,14.6
2013,9,20,22,0,14.3
2013,9,20,23,0,14
2013,9,21,0,0,13.8
2013,9,21,1,0,13.6
2013,9,21,2,0,13.4
2013,9,21,3,0,13.3
2013,9,21,4,0,13.1
2013,9,21,5,0,13.1
2013,9,21,6,107,14
2013,9,21,7,322,15.2
2013,9,21,8,531,16.4
2013,9,21,9,706,16.9
2013,9,21,10,825,18
2013,9,21,11,880,18.5
2013,9,21,12,869,18.9
2013,9,21,13,783,19
2013,9,21,14,639,18.9
2013,9,21,15,449,18.6
2013,9,21,16,230,17.8
2013,9,21,17,36,16.9
2013,9,21,18,0,16.2
2013,9,21,19,0,16
2013,9,21,20,0,16.1
2013,9,21,21,0,16.2
2013,9,21,22,0,16.3
2013,9,21,23,0,16.1
2013,9,22,0,0,15.8
2013,9,22,1,0,15.6
2013,9,22,2,0,15.2
2013,9,22,3,0,14.8
2013,9,22,4,0,14.4
2013,9,22,5,0,14.1
2013,9,22,6,102,14.8
2013,9,22,7,311,16.1
2013,9,22,8,517,17.5
2013,9,22,9,689,18.2
2013,9,22,10,813,19.9
2013,9,22,11,867,20.9
2013,9,22,12,848,21.5
2013,9,22,13,772,21.6
2013,9,22,14,631,21.4
2013,9,22,15,441,21.1
2013,9,22,16,148,20.3
2013,9,22,17,37,19.3
2013,9,22,18,0,18.4
2013,9,22,19,0,17.8
2013,9,22,20,0,17.5
2013,9,22,21,0,17.3
2013,9,22,22,0,17.3
2013,9,22,23,0,17.2
2013,9,23,0,0,17
2013,9,23,1,0,16.7
2013,9,23,2,0,16.3
2013,9,23,3,0,15.9
2013,9,23,4,0,15.4
2013,9,23,5,0,15.1
2013,9,23,6,113,15.6
2013,9,23,7,329,16.7
2013,9,23,8,540,18.3
2013,9,23,9,712,19.2
2013,9,23,10,836,21.8
2013,9,23,11,887,23.3
2013,9,23,12,867,24
2013,9,23,13,781,24.1
2013,9,23,14,635,23.9
2013,9,23,15,443,23.2
2013,9,23,16,232,22
2013,9,23,17,38,20.5
2013,9,23,18,0,19.6
2013,9,23,19,0,19.3
2013,9,23,20,0,19.3
2013,9,23,21,0,19.5
2013,9,23,22,0,19.4
2013,9,23,23,0,19.2
2013,9,24,0,0,19.2
2013,9,24,1,0,19.5
2013,9,24,2,0,19.8
2013,9,24,3,0,19.7
2013,9,24,4,0,19
2013,9,24,5,0,18.8
2013,9,24,6,41,19
2013,9,24,7,128,19.5
2013,9,24,8,209,20.1
2013,9,24,9,381,20.5
2013,9,24,10,488,22.3
2013,9,24,11,660,23.4
2013,9,24,12,826,24.7
2013,9,24,13,762,25.8
2013,9,24,14,465,26.2
2013,9,24,15,445,25.8
2013,9,24,16,238,24.7
2013,9,24,17,42,23.2
2013,9,24,18,0,22.3
2013,9,24,19,0,21.7
2013,9,24,20,0,21
2013,9,24,21,0,20.3
2013,9,24,22,0,19.6
2013,9,24,23,0,18.9
2013,9,25,0,0,18.4
2013,9,25,1,0,17.9
2013,9,25,2,0,17.4
2013,9,25,3,0,16.9
2013,9,25,4,0,16.3
2013,9,25,5,0,16
2013,9,25,6,121,16.6
2013,9,25,7,335,18.1
2013,9,25,8,540,20.3
2013,9,25,9,709,21.7
2013,9,25,10,827,24.6
2013,9,25,11,881,25.8
2013,9,25,12,865,26.7
2013,9,25,13,782,27.2
2013,9,25,14,638,27.5
2013,9,25,15,451,27.3
2013,9,25,16,241,26.3
2013,9,25,17,44,24.6
2013,9,25,18,0,23.4
2013,9,25,19,0,23.3
2013,9,25,20,0,23.2
2013,9,25,21,0,22.8
2013,9,25,22,0,22.1
2013,9,25,23,0,21.3
2013,9,26,0,0,20.4
2013,9,26,1,0,19.8
2013,9,26,2,0,19.2
2013,9,26,3,0,18.5
2013,9,26,4,0,17.9
2013,9,26,5,0,18
2013,9,26,6,120,19.2
2013,9,26,7,328,21.1
2013,9,26,8,528,23.1
2013,9,26,9,696,24.1
2013,9,26,10,823,26.1
2013,9,26,11,875,26.3
2013,9,26,12,866,25.6
2013,9,26,13,802,24.2
2013,9,26,14,671,23.2
2013,9,26,15,484,22.3
2013,9,26,16,263,21.3
2013,9,26,17,52,20.1
2013,9,26,18,0,19.1
2013,9,26,19,0,18.2
2013,9,26,20,0,17.4
2013,9,26,21,0,16.7
2013,9,26,22,0,16.1
2013,9,26,23,0,15.6
2013,9,27,0,0,15.1
2013,9,27,1,0,14.6
2013,9,27,2,0,14.2
2013,9,27,3,0,13.7
2013,9,27,4,0,13.4
2013,9,27,5,0,13.4
2013,9,27,6,143,14.2
2013,9,27,7,368,15.5
2013,9,27,8,582,16.7
2013,9,27,9,758,17.3
2013,9,27,10,877,18.9
2013,9,27,11,930,19.8
2013,9,27,12,914,20.4
2013,9,27,13,829,20.7
2013,9,27,14,678,20.7
2013,9,27,15,483,20.4
2013,9,27,16,258,19.5
2013,9,27,17,50,18.3
2013,9,27,18,0,17.4
2013,9,27,19,0,17.1
2013,9,27,20,0,17
2013,9,27,21,0,16.8
2013,9,27,22,0,16.5
2013,9,27,23,0,16.1
2013,9,28,0,0,15.7
2013,9,28,1,0,15.2
2013,9,28,2,0,14.8
2013,9,28,3,0,14.3
2013,9,28,4,0,13.9
2013,9,28,5,0,13.8
2013,9,28,6,137,14.4
2013,9,28,7,360,15.9
2013,9,28,8,570,18.6
2013,9,28,9,744,20.2
2013,9,28,10,863,23.7
2013,9,28,11,916,24.8
2013,9,28,12,897,25.1
2013,9,28,13,814,25
2013,9,28,14,669,24.6
2013,9,28,15,477,23.8
2013,9,28,16,254,22.8
2013,9,28,17,50,21.4
2013,9,28,18,0,20.2
2013,9,28,19,0,19.5
2013,9,28,20,0,18.8
2013,9,28,21,0,18.1
2013,9,28,22,0,17.5
2013,9,28,23,0,17
2013,9,29,0,0,16.4
2013,9,29,1,0,16
2013,9,29,2,0,15.6
2013,9,29,3,0,15.3
2013,9,29,4,0,15
2013,9,29,5,0,15.1
2013,9,29,6,142,16
2013,9,29,7,361,17.2
2013,9,29,8,568,18.2
2013,9,29,9,737,18.7
2013,9,29,10,856,19.9
2013,9,29,11,911,20.6
2013,9,29,12,891,21.1
2013,9,29,13,807,21.4
2013,9,29,14,661,21.4
2013,9,29,15,470,21
2013,9,29,16,254,20.1
2013,9,29,17,51,18.7
2013,9,29,18,0,17.7
2013,9,29,19,0,17.4
2013,9,29,20,0,17.2
2013,9,29,21,0,17
2013,9,29,22,0,16.8
2013,9,29,23,0,16.6
2013,9,30,0,0,16.3
2013,9,30,1,0,16.1
2013,9,30,2,0,15.8
2013,9,30,3,0,15.4
2013,9,30,4,0,15
2013,9,30,5,0,14.9
2013,9,30,6,144,15.6
2013,9,30,7,368,17.2
2013,9,30,8,582,19.4
2013,9,30,9,756,20.7
2013,9,30,10,877,23.5
2013,9,30,11,686,24.7
2013,9,30,12,669,25.5
2013,9,30,13,826,26
2013,9,30,14,675,26.3
2013,9,30,15,475,25.8
2013,9,30,16,254,24.5
2013,9,30,17,31,23
2013,9,30,18,0,21.9
2013,9,30,19,0,21.4
2013,9,30,20,0,21.1
2013,9,30,21,0,20.7
2013,9,30,22,0,20.3
2013,9,30,23,0,19.7
2013,10,1,0,0,19.2
2013,10,1,1,0,18.8
2013,10,1,2,0,18.7
2013,10,1,3,0,18.9
2013,10,1,4,0,19.2
2013,10,1,5,0,19.4
2013,10,1,6,18,19.9
2013,10,1,7,44,20.9
2013,10,1,8,108,22.4
2013,10,1,9,387,23.3
2013,10,1,10,621,26.3
2013,10,1,11,871,27.6
2013,10,1,12,844,27.9
2013,10,1,13,563,27.5
2013,10,1,14,301,26.6
2013,10,1,15,275,25.6
2013,10,1,16,172,24.4
2013,10,1,17,36,22.6
2013,10,1,18,0,20.6
2013,10,1,19,0,19
2013,10,1,20,0,17.9
2013,10,1,21,0,17.2
2013,10,1,22,0,16.6
2013,10,1,23,0,16.1
2013,10,2,0,0,15.6
2013,10,2,1,0,15.2
2013,10,2,2,0,14.8
2013,10,2,3,0,14.5
2013,10,2,4,0,14.2
2013,10,2,5,0,14.4
2013,10,2,6,163,15.4
2013,10,2,7,385,16.7
2013,10,2,8,595,18
2013,10,2,9,766,18.6
2013,10,2,10,878,20.6
2013,10,2,11,922,21.9
2013,10,2,12,901,23
2013,10,2,13,814,23.7
2013,10,2,14,551,24.1
2013,10,2,15,480,24.1
2013,10,2,16,263,23.5
2013,10,2,17,57,22.4
2013,10,2,18,0,21.5
2013,10,2,19,0,20.8
2013,10,2,20,0,20.3
2013,10,2,21,0,20
2013,10,2,22,0,19.6
2013,10,2,23,0,19.3
2013,10,3,0,0,18.8
2013,10,3,1,0,18.2
2013,10,3,2,0,17.6
2013,10,3,3,0,16.9
2013,10,3,4,0,16
2013,10,3,5,0,15.5
2013,10,3,6,7,15.6
2013,10,3,7,384,16
2013,10,3,8,591,16.4
2013,10,3,9,183,16.7
2013,10,3,10,54,16.9
2013,10,3,11,62,16.7
2013,10,3,12,60,16.6
2013,10,3,13,405,16.5
2013,10,3,14,561,16.4
2013,10,3,15,370,16.3
2013,10,3,16,244,16.3
2013,10,3,17,55,16
2013,10,3,18,0,15.7
2013,10,3,19,0,15.4
2013,10,3,20,0,15.3
2013,10,3,21,0,15.1
2013,10,3,22,0,14.9
2013,10,3,23,0,14.7
2013,10,4,0,0,14.3
2013,10,4,1,0,13.8
2013,10,4,2,0,13.4
2013,10,4,3,0,13.1
2013,10,4,4,0,12.8
2013,10,4,5,0,13
2013,10,4,6,169,13.7
2013,10,4,7,391,14.7
2013,10,4,8,599,15.6
2013,10,4,9,766,16
2013,10,4,10,881,17
2013,10,4,11,932,17.6
2013,10,4,12,915,18
2013,10,4,13,830,18.2
2013,10,4,14,684,18.2
2013,10,4,15,489,18
2013,10,4,16,268,17.5
2013,10,4,17,61,16.6
2013,10,4,18,0,15.9
2013,10,4,19,0,15.6
2013,10,4,20,0,15.5
2013,10,4,21,0,15.4
2013,10,4,22,0,15.2
2013,10,4,23,0,14.9
2013,10,5,0,0,14.6
2013,10,5,1,0,14.2
2013,10,5,2,0,13.9
2013,10,5,3,0,13.5
2013,10,5,4,0,13.1
2013,10,5,5,0,13.1
2013,10,5,6,120,14
2013,10,5,7,392,15.5
2013,10,5,8,599,17.5
2013,10,5,9,769,18.5
2013,10,5,10,884,21.4
2013,10,5,11,934,23.2
2013,10,5,12,911,24.7
2013,10,5,13,825,25.6
2013,10,5,14,541,25.8
2013,10,5,15,336,25.4
2013,10,5,16,151,24.1
2013,10,5,17,34,22.5
2013,10,5,18,0,21.5
2013,10,5,19,0,21.1
2013,10,5,20,0,20.8
2013,10,5,21,0,20.1
2013,10,5,22,0,18.9
2013,10,5,23,0,17.8
2013,10,6,0,0,17
2013,10,6,1,0,16.4
2013,10,6,2,0,15.9
2013,10,6,3,0,15.3
2013,10,6,4,0,14.9
2013,10,6,5,0,15
2013,10,6,6,97,16.1
2013,10,6,7,399,18
2013,10,6,8,608,20.7
2013,10,6,9,779,22.2
2013,10,6,10,895,25.9
2013,10,6,11,944,27.2
2013,10,6,12,924,28.1
2013,10,6,13,839,28.6
2013,10,6,14,691,28.6
2013,10,6,15,496,28.1
2013,10,6,16,271,27
2013,10,6,17,35,25.3
2013,10,6,18,0,24
2013,10,6,19,0,23.2
2013,10,6,20,0,22.7
2013,10,6,21,0,22.4
2013,10,6,22,0,21.9
2013,10,6,23,0,21.2
2013,10,7,0,0,20.4
2013,10,7,1,0,19.7
2013,10,7,2,0,18.8
2013,10,7,3,0,17.9
2013,10,7,4,0,17.1
2013,10,7,5,0,16.7
2013,10,7,6,177,16.9
2013,10,7,7,396,17.3
2013,10,7,8,604,17.7
2013,10,7,9,560,17.9
2013,10,7,10,894,18.4
2013,10,7,11,944,18.6
2013,10,7,12,922,18.7
2013,10,7,13,834,18.6
2013,10,7,14,685,18.4
2013,10,7,15,489,18.1
2013,10,7,16,271,17.6
2013,10,7,17,65,17.1
2013,10,7,18,0,16.6
2013,10,7,19,0,16.5
2013,10,7,20,0,16.4
2013,10,7,21,0,16.3
2013,10,7,22,0,16.4
2013,10,7,23,0,16.5
2013,10,8,0,0,16.5
2013,10,8,1,0,16.4
2013,10,8,2,0,16.1
2013,10,8,3,0,15.7
2013,10,8,4,0,15.3
2013,10,8,5,0,15.3
2013,10,8,6,174,15.8
2013,10,8,7,394,16.7
2013,10,8,8,603,17.5
2013,10,8,9,771,17.9
2013,10,8,10,887,18.3
2013,10,8,11,672,18.3
2013,10,8,12,910,18.3
2013,10,8,13,825,18.2
2013,10,8,14,682,18.1
2013,10,8,15,494,17.8
2013,10,8,16,278,17.3
2013,10,8,17,71,16.5
2013,10,8,18,0,15.9
2013,10,8,19,0,15.6
2013,10,8,20,0,15.6
2013,10,8,21,0,15.7
2013,10,8,22,0,15.6
2013,10,8,23,0,15.2
2013,10,9,0,0,14.8
2013,10,9,1,0,14.6
2013,10,9,2,0,14.4
2013,10,9,3,0,14.1
2013,10,9,4,0,13.8
2013,10,9,5,13,14
2013,10,9,6,191,15
2013,10,9,7,416,16.8
2013,10,9,8,628,19
2013,10,9,9,799,20.2
2013,10,9,10,917,23
2013,10,9,11,966,24.3
2013,10,9,12,949,25.3
2013,10,9,13,862,26
2013,10,9,14,714,26.4
2013,10,9,15,516,26.5
2013,10,9,16,292,25.9
2013,10,9,17,76,24.3
2013,10,9,18,0,22.8
2013,10,9,19,0,21.9
2013,10,9,20,0,21
2013,10,9,21,0,20.3
2013,10,9,22,0,19.8
2013,10,9,23,0,19.3
2013,10,10,0,0,18.8
2013,10,10,1,0,18.5
2013,10,10,2,0,18.3
2013,10,10,3,0,18.1
2013,10,10,4,0,18
2013,10,10,5,6,18.5
2013,10,10,6,99,19.8
2013,10,10,7,245,21.7
2013,10,10,8,342,23.9
2013,10,10,9,468,25
2013,10,10,10,562,27.8
2013,10,10,11,951,29
2013,10,10,12,929,29.6
2013,10,10,13,845,30
2013,10,10,14,694,30
2013,10,10,15,494,29.8
2013,10,10,16,272,28.9
2013,10,10,17,67,27.4
2013,10,10,18,0,26.2
2013,10,10,19,0,25.4
2013,10,10,20,0,24.7
2013,10,10,21,0,23.9
2013,10,10,22,0,23.1
2013,10,10,23,0,21.7
2013,10,11,0,0,20
2013,10,11,1,0,19
2013,10,11,2,0,18.6
2013,10,11,3,0,18.4
2013,10,11,4,0,18.3
2013,10,11,5,8,18.3
2013,10,11,6,113,18.7
2013,10,11,7,273,19.1
2013,10,11,8,305,19.4
2013,10,11,9,801,19.6
2013,10,11,10,913,20.2
2013,10,11,11,958,20.6
2013,10,11,12,937,21.1
2013,10,11,13,850,21.5
2013,10,11,14,702,21.5
2013,10,11,15,507,21.2
2013,10,11,16,290,20.2
2013,10,11,17,78,18.8
2013,10,11,18,0,17.8
2013,10,11,19,0,17.4
2013,10,11,20,0,17.2
2013,10,11,21,0,17
2013,10,11,22,0,16.9
2013,10,11,23,0,16.8
2013,10,12,0,0,16.6
2013,10,12,1,0,16.5
2013,10,12,2,0,16.3
2013,10,12,3,0,16.2
2013,10,12,4,0,16.1
2013,10,12,5,18,16.3
2013,10,12,6,197,17.3
2013,10,12,7,416,18.9
2013,10,12,8,624,20.5
2013,10,12,9,792,21.3
2013,10,12,10,912,23.3
2013,10,12,11,961,24.4
2013,10,12,12,942,25.3
2013,10,12,13,857,25.8
2013,10,12,14,711,25.9
2013,10,12,15,515,25.4
2013,10,12,16,291,24.3
2013,10,12,17,78,22.5
2013,10,12,18,0,21
2013,10,12,19,0,20.4
2013,10,12,20,0,20.1
2013,10,12,21,0,19.8
2013,10,12,22,0,19.5
2013,10,12,23,0,19.2
2013,10,13,0,0,18.9
2013,10,13,1,0,18.6
2013,10,13,2,0,18.4
2013,10,13,3,0,18.2
2013,10,13,4,0,18.1
2013,10,13,5,18,18.5
2013,10,13,6,192,19.8
2013,10,13,7,259,21.8
2013,10,13,8,635,24.3
2013,10,13,9,802,25.6
2013,10,13,10,913,28.4
2013,10,13,11,956,29.2
2013,10,13,12,931,29.6
2013,10,13,13,849,29.7
2013,10,13,14,700,29.6
2013,10,13,15,505,29.2
2013,10,13,16,276,28.6
2013,10,13,17,35,27.5
2013,10,13,18,0,25.6
2013,10,13,19,0,23
2013,10,13,20,0,20.6
2013,10,13,21,0,18.1
2013,10,13,22,0,16.1
2013,10,13,23,0,14.8
2013,10,14,0,0,14.5
2013,10,14,1,0,14.5
2013,10,14,2,0,14.5
2013,10,14,3,0,14.4
2013,10,14,4,0,14.3
2013,10,14,5,8,14.3
2013,10,14,6,75,14.8
2013,10,14,7,185,15.3
2013,10,14,8,470,15.9
2013,10,14,9,366,16.2
2013,10,14,10,336,17.1
2013,10,14,11,762,17.7
2013,10,14,12,968,18.3
2013,10,14,13,880,18.5
2013,10,14,14,726,18.5
2013,10,14,15,529,18
2013,10,14,16,302,17.3
2013,10,14,17,45,16.4
2013,10,14,18,0,15.8
2013,10,14,19,0,15.6
2013,10,14,20,0,15.5
2013,10,14,21,0,15.2
2013,10,14,22,0,14.6
2013,10,14,23,0,14.1
2013,10,15,0,0,13.8
2013,10,15,1,0,13.5
2013,10,15,2,0,13.2
2013,10,15,3,0,13
2013,10,15,4,0,12.8
2013,10,15,5,28,13.1
2013,10,15,6,224,14.1
2013,10,15,7,455,15.3
2013,10,15,8,665,16.6
2013,10,15,9,839,17.2
2013,10,15,10,953,19.1
2013,10,15,11,1004,20.3
2013,10,15,12,982,21.4
2013,10,15,13,892,22.1
2013,10,15,14,741,22.4
2013,10,15,15,540,22.3
2013,10,15,16,313,21.6
2013,10,15,17,92,20
2013,10,15,18,0,18.5
2013,10,15,19,0,17.7
2013,10,15,20,0,17.3
2013,10,15,21,0,17.2
2013,10,15,22,0,17.2
2013,10,15,23,0,17
2013,10,16,0,0,16.5
2013,10,16,1,0,16
2013,10,16,2,0,15.5
2013,10,16,3,0,15
2013,10,16,4,0,14.5
2013,10,16,5,31,14.7
2013,10,16,6,232,15.8
2013,10,16,7,461,17.8
2013,10,16,8,673,20.3
2013,10,16,9,843,21.6
2013,10,16,10,952,23.6
2013,10,16,11,997,24.5
2013,10,16,12,968,25.3
2013,10,16,13,887,25.8
2013,10,16,14,730,25.9
2013,10,16,15,521,25.6
2013,10,16,16,307,24.8
2013,10,16,17,88,23.3
2013,10,16,18,0,21.9
2013,10,16,19,0,21.3
2013,10,16,20,0,20.8
2013,10,16,21,0,20.4
2013,10,16,22,0,19.7
2013,10,16,23,0,19
2013,10,17,0,0,18.5
2013,10,17,1,0,18.2
2013,10,17,2,0,18
2013,10,17,3,0,17.9
2013,10,17,4,0,17.9
2013,10,17,5,30,18.5
2013,10,17,6,113,20
2013,10,17,7,307,22
2013,10,17,8,649,24.3
2013,10,17,9,704,25.4
2013,10,17,10,775,27.4
2013,10,17,11,729,28.1
2013,10,17,12,692,28.4
2013,10,17,13,505,28
2013,10,17,14,534,26.9
2013,10,17,15,290,25.5
2013,10,17,16,176,23.7
2013,10,17,17,49,22.2
2013,10,17,18,0,21.3
2013,10,17,19,0,20.7
2013,10,17,20,0,19.9
2013,10,17,21,0,19
2013,10,17,22,0,18.2
2013,10,17,23,0,17.5
2013,10,18,0,0,16.9
2013,10,18,1,0,16.3
2013,10,18,2,0,15.8
2013,10,18,3,0,15.4
2013,10,18,4,0,14.9
2013,10,18,5,20,15.2
2013,10,18,6,157,16.2
2013,10,18,7,331,17.2
2013,10,18,8,676,18.1
2013,10,18,9,403,18.4
2013,10,18,10,948,19.2
2013,10,18,11,983,19.6
2013,10,18,12,949,19.8
2013,10,18,13,840,19.7
2013,10,18,14,693,19.5
2013,10,18,15,499,18.9
2013,10,18,16,271,18.2
2013,10,18,17,76,17.4
2013,10,18,18,0,16.7
2013,10,18,19,0,16.5
2013,10,18,20,0,16.3
2013,10,18,21,0,16.1
2013,10,18,22,0,16
2013,10,18,23,0,15.8
2013,10,19,0,0,15.6
2013,10,19,1,0,15.4
2013,10,19,2,0,15.2
2013,10,19,3,0,15.1
2013,10,19,4,0,15
2013,10,19,5,35,15.5
2013,10,19,6,233,16.7
2013,10,19,7,461,18.1
2013,10,19,8,671,19.2
2013,10,19,9,843,19.7
2013,10,19,10,957,21.1
2013,10,19,11,1000,21.8
2013,10,19,12,976,22.2
2013,10,19,13,875,22.1
2013,10,19,14,726,21.8
2013,10,19,15,532,21.2
2013,10,19,16,309,20.3
2013,10,19,17,94,19.2
2013,10,19,18,0,18.3
2013,10,19,19,0,18
2013,10,19,20,0,17.9
2013,10,19,21,0,17.8
2013,10,19,22,0,17.7
2013,10,19,23,0,17.6
2013,10,20,0,0,17.4
2013,10,20,1,0,17.1
2013,10,20,2,0,16.8
2013,10,20,3,0,16.4
2013,10,20,4,0,16.2
2013,10,20,5,29,16.6
2013,10,20,6,207,17.9
2013,10,20,7,418,19.6
2013,10,20,8,620,21.3
2013,10,20,9,787,22.1
2013,10,20,10,912,24.3
2013,10,20,11,958,25.3
2013,10,20,12,923,25.8
2013,10,20,13,812,25.9
2013,10,20,14,658,25.6
2013,10,20,15,462,24.9
2013,10,20,16,249,23.6
2013,10,20,17,59,22.1
2013,10,20,18,0,20.9
2013,10,20,19,0,20.4
2013,10,20,20,0,20.2
2013,10,20,21,0,20
2013,10,20,22,0,19.7
2013,10,20,23,0,19.4
2013,10,21,0,0,19.1
2013,10,21,1,0,18.8
2013,10,21,2,0,18.4
2013,10,21,3,0,18
2013,10,21,4,0,17.7
2013,10,21,5,35,18
2013,10,21,6,226,19.2
2013,10,21,7,450,21.1
2013,10,21,8,656,23.6
2013,10,21,9,636,25
2013,10,21,10,782,28.3
2013,10,21,11,957,29.6
2013,10,21,12,900,30.3
2013,10,21,13,803,30.1
2013,10,21,14,643,29.1
2013,10,21,15,443,27.7
2013,10,21,16,226,26
2013,10,21,17,45,24.3
2013,10,21,18,0,23
2013,10,21,19,0,22.4
2013,10,21,20,0,22.1
2013,10,21,21,0,21.8
2013,10,21,22,0,21.6
2013,10,21,23,0,21.3
2013,10,22,0,0,21
2013,10,22,1,0,20.6
2013,10,22,2,0,20.3
2013,10,22,3,0,19.9
2013,10,22,4,0,19.6
2013,10,22,5,24,19.3
2013,10,22,6,129,19.3
2013,10,22,7,47,19.7
2013,10,22,8,115,20.7
2013,10,22,9,66,21.4
2013,10,22,10,597,23.9
2013,10,22,11,556,25
2013,10,22,12,420,25.4
2013,10,22,13,302,25.3
2013,10,22,14,251,24.6
2013,10,22,15,189,23.7
2013,10,22,16,94,22.6
2013,10,22,17,18,21.7
2013,10,22,18,0,21.1
2013,10,22,19,0,20.9
2013,10,22,20,0,20.9
2013,10,22,21,0,20.8
2013,10,22,22,0,20.7
2013,10,22,23,0,20.7
2013,10,23,0,0,20.8
2013,10,23,1,0,21.2
2013,10,23,2,0,21.6
2013,10,23,3,0,21.7
2013,10,23,4,0,21.5
2013,10,23,5,11,21.4
2013,10,23,6,69,21.9
2013,10,23,7,296,23
2013,10,23,8,626,24.6
2013,10,23,9,803,25.5
2013,10,23,10,956,27.4
2013,10,23,11,990,28.1
2013,10,23,12,952,28.3
2013,10,23,13,896,28.2
2013,10,23,14,727,27.9
2013,10,23,15,518,27.4
2013,10,23,16,300,26.6
2013,10,23,17,96,25.2
2013,10,23,18,0,23.9
2013,10,23,19,0,22.9
2013,10,23,20,0,22
2013,10,23,21,0,21.2
2013,10,23,22,0,20.4
2013,10,23,23,0,19.6
2013,10,24,0,0,18.9
2013,10,24,1,0,18.4
2013,10,24,2,0,17.9
2013,10,24,3,0,17.5
2013,10,24,4,0,17.1
2013,10,24,5,55,17.4
2013,10,24,6,266,18.2
2013,10,24,7,498,19
2013,10,24,8,709,19.7
2013,10,24,9,876,20.1
2013,10,24,10,985,21.2
2013,10,24,11,1014,21.7
2013,10,24,12,975,21.7
2013,10,24,13,906,21.5
2013,10,24,14,744,21.2
2013,10,24,15,541,20.9
2013,10,24,16,322,20.4
2013,10,24,17,107,19.5
2013,10,24,18,0,18.5
2013,10,24,19,0,17.8
2013,10,24,20,0,17.2
2013,10,24,21,0,16.6
2013,10,24,22,0,15.9
2013,10,24,23,0,15.1
2013,10,25,0,0,14.3
2013,10,25,1,0,13.8
2013,10,25,2,0,13.4
2013,10,25,3,0,13.1
2013,10,25,4,0,13
2013,10,25,5,58,13.4
2013,10,25,6,270,14.6
2013,10,25,7,505,15.9
2013,10,25,8,716,17.1
2013,10,25,9,885,17.6
2013,10,25,10,992,19.3
2013,10,25,11,1029,20.5
2013,10,25,12,969,21.6
2013,10,25,13,883,22.1
2013,10,25,14,712,22.1
2013,10,25,15,497,21.6
2013,10,25,16,292,20.5
2013,10,25,17,85,19
2013,10,25,18,0,17.8
2013,10,25,19,0,17.2
2013,10,25,20,0,17
2013,10,25,21,0,17
2013,10,25,22,0,17
2013,10,25,23,0,16.6
2013,10,26,0,0,16.1
2013,10,26,1,0,15.7
2013,10,26,2,0,15.3
2013,10,26,3,0,15
2013,10,26,4,0,14.9
2013,10,26,5,37,15.3
2013,10,26,6,190,16.2
2013,10,26,7,384,17.4
2013,10,26,8,553,18.5
2013,10,26,9,692,19
2013,10,26,10,855,20.2
2013,10,26,11,982,20.8
2013,10,26,12,1007,21.1
2013,10,26,13,911,21.2
2013,10,26,14,760,20.9
2013,10,26,15,559,20.3
2013,10,26,16,332,19.4
2013,10,26,17,113,18.3
2013,10,26,18,0,17.4
2013,10,26,19,0,17
2013,10,26,20,0,16.7
2013,10,26,21,0,16.5
2013,10,26,22,0,16.3
2013,10,26,23,0,16.2
2013,10,27,0,0,16.2
2013,10,27,1,0,16.2
2013,10,27,2,0,16.1
2013,10,27,3,0,15.9
2013,10,27,4,0,15.9
2013,10,27,5,33,16.3
2013,10,27,6,64,17.5
2013,10,27,7,86,18.8
2013,10,27,8,152,19.8
2013,10,27,9,242,20.3
2013,10,27,10,315,21.5
2013,10,27,11,526,22
2013,10,27,12,815,22.1
2013,10,27,13,687,21.6
2013,10,27,14,543,20.7
2013,10,27,15,424,19.7
2013,10,27,16,265,18.7
2013,10,27,17,83,17.9
2013,10,27,18,0,17.4
2013,10,27,19,0,17.3
2013,10,27,20,0,17.2
2013,10,27,21,0,17.1
2013,10,27,22,0,17
2013,10,27,23,0,16.9
2013,10,28,0,0,16.9
2013,10,28,1,0,16.9
2013,10,28,2,0,16.9
2013,10,28,3,0,16.9
2013,10,28,4,0,17
2013,10,28,5,10,17.3
2013,10,28,6,25,17.8
2013,10,28,7,53,18
2013,10,28,8,54,18.3
2013,10,28,9,64,18.5
2013,10,28,10,85,20.1
2013,10,28,11,77,21.1
2013,10,28,12,89,21.7
2013,10,28,13,71,22
2013,10,28,14,85,22
2013,10,28,15,85,21.6
2013,10,28,16,59,20.9
2013,10,28,17,31,20.1
2013,10,28,18,0,19.3
2013,10,28,19,0,18.9
2013,10,28,20,0,18.9
2013,10,28,21,0,18.9
2013,10,28,22,0,18.9
2013,10,28,23,0,18.7
2013,10,29,0,0,18.5
2013,10,29,1,0,18.3
2013,10,29,2,0,18
2013,10,29,3,0,17.7
2013,10,29,4,0,17.3
2013,10,29,5,53,17.4
2013,10,29,6,256,18.2
2013,10,29,7,438,19.7
2013,10,29,8,551,21.7
2013,10,29,9,668,22.6
2013,10,29,10,625,23.3
2013,10,29,11,517,22.1
2013,10,29,12,251,20.2
2013,10,29,13,158,18.7
2013,10,29,14,127,17.7
2013,10,29,15,73,17.2
2013,10,29,16,34,17.1
2013,10,29,17,14,16.9
2013,10,29,18,0,16.7
2013,10,29,19,0,16.7
2013,10,29,20,0,16.6
2013,10,29,21,0,16.5
2013,10,29,22,0,16.2
2013,10,29,23,0,15.9
2013,10,30,0,0,15.6
2013,10,30,1,0,15.3
2013,10,30,2,0,15.1
2013,10,30,3,0,14.8
2013,10,30,4,0,14.7
2013,10,30,5,10,15.1
2013,10,30,6,56,15.9
2013,10,30,7,126,16.8
2013,10,30,8,210,17.6
2013,10,30,9,318,18
2013,10,30,10,502,18.7
2013,10,30,11,833,19.1
2013,10,30,12,969,19.2
2013,10,30,13,908,19.2
2013,10,30,14,780,19
2013,10,30,15,581,18.7
2013,10,30,16,355,18.2
2013,10,30,17,131,17.4
2013,10,30,18,0,16.6
2013,10,30,19,0,16.1
2013,10,30,20,0,15.9
2013,10,30,21,0,15.7
2013,10,30,22,0,15.6
2013,10,30,23,0,15.6
2013,10,31,0,0,15.6
2013,10,31,1,0,15.7
2013,10,31,2,0,15.8
2013,10,31,3,0,15.9
2013,10,31,4,0,16
2013,10,31,5,63,16.4
2013,10,31,6,280,17.3
2013,10,31,7,505,18.4
2013,10,31,8,708,19.5
2013,10,31,9,851,20
2013,10,31,10,984,21.4
2013,10,31,11,1028,21.9
2013,10,31,12,1002,22
2013,10,31,13,909,21.6
2013,10,31,14,759,20.9
2013,10,31,15,561,20
2013,10,31,16,340,19
2013,10,31,17,123,18
2013,10,31,18,0,17.3
2013,10,31,19,0,17
2013,10,31,20,0,16.8
2013,10,31,21,0,16.6
2013,10,31,22,0,16.5
2013,10,31,23,0,16.4
2013,11,1,0,0,16.4
2013,11,1,1,0,16.4
2013,11,1,2,0,16.4
2013,11,1,3,0,16.4
2013,11,1,4,0,16.5
2013,11,1,5,25,16.9
2013,11,1,6,48,17.7
2013,11,1,7,62,18.4
2013,11,1,8,137,19.2
2013,11,1,9,279,19.7
2013,11,1,10,389,21
2013,11,1,11,576,21.7
2013,11,1,12,818,22.1
2013,11,1,13,804,22.2
2013,11,1,14,597,21.7
2013,11,1,15,393,20.8
2013,11,1,16,262,19.7
2013,11,1,17,120,18.7
2013,11,1,18,0,18
2013,11,1,19,0,17.8
2013,11,1,20,0,17.8
2013,11,1,21,0,17.8
2013,11,1,22,0,17.8
2013,11,1,23,0,17.8
2013,11,2,0,0,17.7
2013,11,2,1,0,17.5
2013,11,2,2,0,17.3
2013,11,2,3,0,16.9
2013,11,2,4,0,16.6
2013,11,2,5,56,17.1
2013,11,2,6,195,18.3
2013,11,2,7,391,20
2013,11,2,8,600,22.1
2013,11,2,9,743,23.2
2013,11,2,10,851,26.4
2013,11,2,11,930,28.1
2013,11,2,12,927,29.2
2013,11,2,13,852,29.5
2013,11,2,14,704,29.3
2013,11,2,15,491,28.5
2013,11,2,16,276,26.9
2013,11,2,17,103,24.7
2013,11,2,18,0,22.7
2013,11,2,19,0,21.6
2013,11,2,20,0,21
2013,11,2,21,0,20.6
2013,11,2,22,0,20.4
2013,11,2,23,0,20.1
2013,11,3,0,0,19.7
2013,11,3,1,0,19.4
2013,11,3,2,0,19.2
2013,11,3,3,0,19.1
2013,11,3,4,0,18.9
2013,11,3,5,78,19.3
2013,11,3,6,180,20.8
2013,11,3,7,173,22.6
2013,11,3,8,261,24.7
2013,11,3,9,456,25.8
2013,11,3,10,452,27.6
2013,11,3,11,667,28.2
2013,11,3,12,851,28.8
2013,11,3,13,844,28.6
2013,11,3,14,738,27.2
2013,11,3,15,573,24.6
2013,11,3,16,351,21.4
2013,11,3,17,53,18.4
2013,11,3,18,0,16.6
2013,11,3,19,0,16.3
2013,11,3,20,0,16.6
2013,11,3,21,0,16.8
2013,11,3,22,0,16.8
2013,11,3,23,0,16.8
2013,11,4,0,0,16.8
2013,11,4,1,0,16.6
2013,11,4,2,0,16.4
2013,11,4,3,0,16
2013,11,4,4,0,15.7
2013,11,4,5,53,15.4
2013,11,4,6,299,15.5
2013,11,4,7,535,15.8
2013,11,4,8,328,16.3
2013,11,4,9,298,16.5
2013,11,4,10,196,17
2013,11,4,11,216,17.1
2013,11,4,12,186,17.1
2013,11,4,13,156,17.1
2013,11,4,14,153,16.9
2013,11,4,15,148,16.7
2013,11,4,16,86,16.3
2013,11,4,17,34,15.9
2013,11,4,18,0,15.6
2013,11,4,19,0,15.5
2013,11,4,20,0,15.4
2013,11,4,21,0,15.3
2013,11,4,22,0,15.2
2013,11,4,23,0,15.1
2013,11,5,0,0,15.1
2013,11,5,1,0,15.3
2013,11,5,2,0,15.4
2013,11,5,3,0,15.5
2013,11,5,4,0,15.7
2013,11,5,5,16,16.1
2013,11,5,6,62,16.6
2013,11,5,7,114,16.9
2013,11,5,8,165,17.2
2013,11,5,9,214,17.4
2013,11,5,10,307,18
2013,11,5,11,319,18.4
2013,11,5,12,281,18.7
2013,11,5,13,275,18.8
2013,11,5,14,329,18.7
2013,11,5,15,389,18.5
2013,11,5,16,305,18.1
2013,11,5,17,119,17.4
2013,11,5,18,0,16.6
2013,11,5,19,0,16.1
2013,11,5,20,0,15.8
2013,11,5,21,0,15.7
2013,11,5,22,0,15.7
2013,11,5,23,0,15.8
2013,11,6,0,0,15.8
2013,11,6,1,0,15.6
2013,11,6,2,0,15.4
2013,11,6,3,0,15.1
2013,11,6,4,0,14.8
2013,11,6,5,67,15
2013,11,6,6,270,16
2013,11,6,7,502,17.2
2013,11,6,8,696,18.3
2013,11,6,9,840,18.8
2013,11,6,10,937,20.7
2013,11,6,11,977,21.8
2013,11,6,12,956,22.3
2013,11,6,13,882,22.4
2013,11,6,14,756,21.9
2013,11,6,15,580,21.1
2013,11,6,16,371,20
2013,11,6,17,148,18.8
2013,11,6,18,0,17.9
2013,11,6,19,0,17.5
2013,11,6,20,0,17.4
2013,11,6,21,0,17.3
2013,11,6,22,0,17.1
2013,11,6,23,0,16.9
2013,11,7,0,0,16.7
2013,11,7,1,0,16.4
2013,11,7,2,0,16.2
2013,11,7,3,0,16
2013,11,7,4,0,15.9
2013,11,7,5,83,16.6
2013,11,7,6,289,18.2
2013,11,7,7,513,20.2
2013,11,7,8,717,22.2
2013,11,7,9,881,23.2
2013,11,7,10,996,25.9
2013,11,7,11,1040,27
2013,11,7,12,1014,27.2
2013,11,7,13,917,27
2013,11,7,14,768,26.6
2013,11,7,15,572,26
2013,11,7,16,351,24.9
2013,11,7,17,135,23.4
2013,11,7,18,0,22
2013,11,7,19,0,21.2
2013,11,7,20,0,20.7
2013,11,7,21,0,20.4
2013,11,7,22,0,20.2
2013,11,7,23,0,20
2013,11,8,0,0,19.8
2013,11,8,1,0,19.5
2013,11,8,2,0,19.2
2013,11,8,3,0,18.9
2013,11,8,4,0,18.7
2013,11,8,5,83,19.4
2013,11,8,6,291,20.9
2013,11,8,7,516,22.9
2013,11,8,8,720,25.4
2013,11,8,9,823,26.6
2013,11,8,10,785,29.4
2013,11,8,11,665,30.3
2013,11,8,12,340,30.3
2013,11,8,13,153,29.8
2013,11,8,14,92,28.7
2013,11,8,15,67,27
2013,11,8,16,50,25.5
2013,11,8,17,27,24.3
2013,11,8,18,0,23.4
2013,11,8,19,0,23
2013,11,8,20,0,22.9
2013,11,8,21,0,22.6
2013,11,8,22,0,22.3
2013,11,8,23,0,21.9
2013,11,9,0,0,21.6
2013,11,9,1,0,21.5
2013,11,9,2,0,21.6
2013,11,9,3,0,21.6
2013,11,9,4,0,21.6
2013,11,9,5,17,21.8
2013,11,9,6,70,22.3
2013,11,9,7,213,23
2013,11,9,8,460,24.3
2013,11,9,9,662,25.1
2013,11,9,10,550,27.4
2013,11,9,11,647,28
2013,11,9,12,809,27.8
2013,11,9,13,791,26.8
2013,11,9,14,377,25
2013,11,9,15,142,23
2013,11,9,16,51,21.1
2013,11,9,17,16,19.5
2013,11,9,18,0,18.3
2013,11,9,19,0,17.8
2013,11,9,20,0,17.6
2013,11,9,21,0,17.5
2013,11,9,22,0,17.4
2013,11,9,23,0,17.2
2013,11,10,0,0,17
2013,11,10,1,0,16.9
2013,11,10,2,0,16.8
2013,11,10,3,0,16.7
2013,11,10,4,0,16.6
2013,11,10,5,8,16.9
2013,11,10,6,26,17.5
2013,11,10,7,69,18.1
2013,11,10,8,99,18.5
2013,11,10,9,101,18.6
2013,11,10,10,77,18.7
2013,11,10,11,78,18.6
2013,11,10,12,78,18.6
2013,11,10,13,74,18.4
2013,11,10,14,64,18.1
2013,11,10,15,47,18
2013,11,10,16,27,17.8
2013,11,10,17,12,17.5
2013,11,10,18,0,17.2
2013,11,10,19,0,16.9
2013,11,10,20,0,16.8
2013,11,10,21,0,16.8
2013,11,10,22,0,16.7
2013,11,10,23,0,16.6
2013,11,11,0,0,16.4
2013,11,11,1,0,16.2
2013,11,11,2,0,16.1
2013,11,11,3,0,16.1
2013,11,11,4,0,16.2
2013,11,11,5,7,16.4
2013,11,11,6,25,16.8
2013,11,11,7,53,17.2
2013,11,11,8,74,17.5
2013,11,11,9,94,17.6
2013,11,11,10,93,17.7
2013,11,11,11,97,17.6
2013,11,11,12,92,17.7
2013,11,11,13,76,17.9
2013,11,11,14,67,18
2013,11,11,15,55,18
2013,11,11,16,31,18
2013,11,11,17,15,17.8
2013,11,11,18,0,17.5
2013,11,11,19,0,17.5
2013,11,11,20,0,17.5
2013,11,11,21,0,17.5
2013,11,11,22,0,17.6
2013,11,11,23,0,17.6
2013,11,12,0,0,17.6
2013,11,12,1,0,17.6
2013,11,12,2,0,17.5
2013,11,12,3,0,17.5
2013,11,12,4,0,17.5
2013,11,12,5,7,17.8
2013,11,12,6,18,18.1
2013,11,12,7,38,18.5
2013,11,12,8,83,19.4
2013,11,12,9,134,20.1
2013,11,12,10,77,21.9
2013,11,12,11,78,22.9
2013,11,12,12,78,23.5
2013,11,12,13,74,23.4
2013,11,12,14,64,22.7
2013,11,12,15,52,21.5
2013,11,12,16,46,20
2013,11,12,17,24,18.9
2013,11,12,18,0,18.5
2013,11,12,19,0,18.6
2013,11,12,20,0,18.8
2013,11,12,21,0,18.9
2013,11,12,22,0,18.7
2013,11,12,23,0,18.2
2013,11,13,0,0,17.6
2013,11,13,1,0,17.1
2013,11,13,2,0,16.6
2013,11,13,3,0,16.1
2013,11,13,4,0,15.7
2013,11,13,5,107,16
2013,11,13,6,327,17.1
2013,11,13,7,556,19.3
2013,11,13,8,763,21.5
2013,11,13,9,928,22.4
2013,11,13,10,1041,23.8
2013,11,13,11,1082,24.6
2013,11,13,12,1059,25.3
2013,11,13,13,965,25.6
2013,11,13,14,813,25.4
2013,11,13,15,616,24.7
2013,11,13,16,390,23.7
2013,11,13,17,165,22.4
2013,11,13,18,0,20.9
2013,11,13,19,0,20.1
2013,11,13,20,0,19.8
2013,11,13,21,0,19.7
2013,11,13,22,0,19.3
2013,11,13,23,0,18.7
2013,11,14,0,0,18.4
2013,11,14,1,0,18.1
2013,11,14,2,0,17.6
2013,11,14,3,0,17.1
2013,11,14,4,0,16.9
2013,11,14,5,111,17.4
2013,11,14,6,334,18.7
2013,11,14,7,566,20.1
2013,11,14,8,774,21.2
2013,11,14,9,939,21.7
2013,11,14,10,1045,23.3
2013,11,14,11,1086,24.3
2013,11,14,12,1060,24.8
2013,11,14,13,968,24.7
2013,11,14,14,817,24.2
2013,11,14,15,620,23.1
2013,11,14,16,396,21.6
2013,11,14,17,171,20.1
2013,11,14,18,0,18.8
2013,11,14,19,0,18.3
2013,11,14,20,0,18.1
2013,11,14,21,0,18
2013,11,14,22,0,18
2013,11,14,23,0,18
2013,11,15,0,0,18.1
2013,11,15,1,0,17.9
2013,11,15,2,0,17.7
2013,11,15,3,0,17.4
2013,11,15,4,0,17.2
2013,11,15,5,73,17.8
2013,11,15,6,112,18.9
2013,11,15,7,85,19.8
2013,11,15,8,81,20.4
2013,11,15,9,94,20.7
2013,11,15,10,89,21
2013,11,15,11,92,21
2013,11,15,12,86,21
2013,11,15,13,76,20.7
2013,11,15,14,57,20.3
2013,11,15,15,44,19.8
2013,11,15,16,24,19.2
2013,11,15,17,8,18.5
2013,11,15,18,0,17.9
2013,11,15,19,0,17.6
2013,11,15,20,0,17.6
2013,11,15,21,0,17.7
2013,11,15,22,0,17.9
2013,11,15,23,0,18
2013,11,16,0,0,18.1
2013,11,16,1,0,17.9
2013,11,16,2,0,17.7
2013,11,16,3,0,17.5
2013,11,16,4,0,17.2
2013,11,16,5,7,17.1
2013,11,16,6,18,17.1
2013,11,16,7,36,17.2
2013,11,16,8,55,17.5
2013,11,16,9,78,17.6
2013,11,16,10,91,18.2
2013,11,16,11,99,18.4
2013,11,16,12,95,18.5
2013,11,16,13,79,18.5
2013,11,16,14,57,18.3
2013,11,16,15,35,17.9
2013,11,16,16,18,17.5
2013,11,16,17,8,17.1
2013,11,16,18,0,16.9
2013,11,16,19,0,16.8
2013,11,16,20,0,16.8
2013,11,16,21,0,16.7
2013,11,16,22,0,16.7
2013,11,16,23,0,16.6
2013,11,17,0,0,16.5
2013,11,17,1,0,16.5
2013,11,17,2,0,16.4
2013,11,17,3,0,16.4
2013,11,17,4,0,16.4
2013,11,17,5,9,16.5
2013,11,17,6,28,16.6
2013,11,17,7,40,16.9
2013,11,17,8,54,17.2
2013,11,17,9,80,17.4
2013,11,17,10,103,17.6
2013,11,17,11,111,17.8
2013,11,17,12,122,18
2013,11,17,13,108,18.2
2013,11,17,14,59,18.1
2013,11,17,15,35,17.9
2013,11,17,16,19,17.5
2013,11,17,17,8,17.1
2013,11,17,18,1,16.8
2013,11,17,19,0,16.8
2013,11,17,20,0,16.8
2013,11,17,21,0,16.9
2013,11,17,22,0,16.9
2013,11,17,23,0,17
2013,11,18,0,0,17
2013,11,18,1,0,17
2013,11,18,2,0,17
2013,11,18,3,0,17
2013,11,18,4,0,17.1
2013,11,18,5,11,17.4
2013,11,18,6,20,17.7
2013,11,18,7,29,17.9
2013,11,18,8,49,18.2
2013,11,18,9,72,18.3
2013,11,18,10,90,18.7
2013,11,18,11,99,18.8
2013,11,18,12,95,18.7
2013,11,18,13,90,18.7
2013,11,18,14,67,18.7
2013,11,18,15,35,18.7
2013,11,18,16,19,18.6
2013,11,18,17,8,18.6
2013,11,18,18,1,18.6
2013,11,18,19,0,18.6
2013,11,18,20,0,18.7
2013,11,18,21,0,18.6
2013,11,18,22,0,18.5
2013,11,18,23,0,18.3
2013,11,19,0,0,18.1
2013,11,19,1,0,17.9
2013,11,19,2,0,17.6
2013,11,19,3,0,17.4
2013,11,19,4,0,17.4
2013,11,19,5,6,17.6
2013,11,19,6,14,18.1
2013,11,19,7,29,18.7
2013,11,19,8,49,19.6
2013,11,19,9,72,20
2013,11,19,10,90,21
2013,11,19,11,99,21.4
2013,11,19,12,98,21.6
2013,11,19,13,125,21.6
2013,11,19,14,223,21.5
2013,11,19,15,292,21.3
2013,11,19,16,406,21
2013,11,19,17,120,20.4
2013,11,19,18,9,19.6
2013,11,19,19,0,19.1
2013,11,19,20,0,18.9
2013,11,19,21,0,18.9
2013,11,19,22,0,18.5
2013,11,19,23,0,18
2013,11,20,0,0,17.5
2013,11,20,1,0,17.3
2013,11,20,2,0,17.3
2013,11,20,3,0,17.4
2013,11,20,4,0,17.5
2013,11,20,5,113,17.8
2013,11,20,6,328,18.9
2013,11,20,7,543,20.3
2013,11,20,8,719,21.5
2013,11,20,9,860,21.9
2013,11,20,10,988,23
2013,11,20,11,1062,23.5
2013,11,20,12,1056,23.6
2013,11,20,13,973,23.5
2013,11,20,14,828,23.3
2013,11,20,15,607,22.9
2013,11,20,16,391,22.3
2013,11,20,17,182,21.4
2013,11,20,18,17,20.4
2013,11,20,19,0,19.7
2013,11,20,20,0,19.4
2013,11,20,21,0,19.1
2013,11,20,22,0,19
2013,11,20,23,0,18.9
2013,11,21,0,0,18.8
2013,11,21,1,0,18.6
2013,11,21,2,0,18.4
2013,11,21,3,0,18.2
2013,11,21,4,0,18.3
2013,11,21,5,110,19.2
2013,11,21,6,313,20.5
2013,11,21,7,513,21.5
2013,11,21,8,696,22.1
2013,11,21,9,834,22.4
2013,11,21,10,928,23.1
2013,11,21,11,931,23.4
2013,11,21,12,750,23.5
2013,11,21,13,350,23.4
2013,11,21,14,200,23.1
2013,11,21,15,144,22.4
2013,11,21,16,88,21.7
2013,11,21,17,50,21.1
2013,11,21,18,5,20.6
2013,11,21,19,0,20.5
2013,11,21,20,0,20.4
2013,11,21,21,0,20.3
2013,11,21,22,0,20.2
2013,11,21,23,0,20.1
2013,11,22,0,0,20
2013,11,22,1,0,20
2013,11,22,2,0,20
2013,11,22,3,0,20.1
2013,11,22,4,0,20.2
2013,11,22,5,12,20.4
2013,11,22,6,31,20.7
2013,11,22,7,67,21.1
2013,11,22,8,103,21.7
2013,11,22,9,141,22.1
2013,11,22,10,201,22.6
2013,11,22,11,195,22.6
2013,11,22,12,193,22.3
2013,11,22,13,160,22
2013,11,22,14,96,21.5
2013,11,22,15,56,21
2013,11,22,16,22,20.7
2013,11,22,17,9,20.4
2013,11,22,18,2,20.2
2013,11,22,19,0,20.2
2013,11,22,20,0,20.1
2013,11,22,21,0,20
2013,11,22,22,0,19.9
2013,11,22,23,0,19.8
2013,11,23,0,0,19.6
2013,11,23,1,0,19.3
2013,11,23,2,0,19
2013,11,23,3,0,18.7
2013,11,23,4,0,18.5
2013,11,23,5,19,18.6
2013,11,23,6,97,18.9
2013,11,23,7,345,19.8
2013,11,23,8,745,21.1
2013,11,23,9,494,21.7
2013,11,23,10,93,22.5
2013,11,23,11,101,22.7
2013,11,23,12,97,22.8
2013,11,23,13,81,22.6
2013,11,23,14,59,22.4
2013,11,23,15,37,21.9
2013,11,23,16,20,21.3
2013,11,23,17,9,20.6
2013,11,23,18,3,19.9
2013,11,23,19,0,19.5
2013,11,23,20,0,19.3
2013,11,23,21,0,19
2013,11,23,22,0,18.6
2013,11,23,23,0,18.3
2013,11,24,0,0,18
2013,11,24,1,0,17.6
2013,11,24,2,0,17.2
2013,11,24,3,0,16.7
2013,11,24,4,0,16.4
2013,11,24,5,121,16.7
2013,11,24,6,338,17.5
2013,11,24,7,564,18.6
2013,11,24,8,769,19.7
2013,11,24,9,933,20.2
2013,11,24,10,294,21.2
2013,11,24,11,197,21.5
2013,11,24,12,194,21.5
2013,11,24,13,218,21.1
2013,11,24,14,107,20.5
2013,11,24,15,51,19.9
2013,11,24,16,30,19.4
2013,11,24,17,13,18.8
2013,11,24,18,3,18.3
2013,11,24,19,0,18
2013,11,24,20,0,17.9
2013,11,24,21,0,17.9
2013,11,24,22,0,17.8
2013,11,24,23,0,17.7
2013,11,25,0,0,17.5
2013,11,25,1,0,17.3
2013,11,25,2,0,17.2
2013,11,25,3,0,17.1
2013,11,25,4,0,17.2
2013,11,25,5,22,17.8
2013,11,25,6,28,18.7
2013,11,25,7,43,19.3
2013,11,25,8,62,19.8
2013,11,25,9,73,20
2013,11,25,10,78,20.2
2013,11,25,11,81,20
2013,11,25,12,98,19.8
2013,11,25,13,82,19.4
2013,11,25,14,60,18.9
2013,11,25,15,38,18.2
2013,11,25,16,22,17.7
2013,11,25,17,20,17.4
2013,11,25,18,6,17.2
2013,11,25,19,0,17.2
2013,11,25,20,0,17.1
2013,11,25,21,0,16.9
2013,11,25,22,0,16.8
2013,11,25,23,0,16.7
2013,11,26,0,0,16.7
2013,11,26,1,0,16.7
2013,11,26,2,0,16.6
2013,11,26,3,0,16.6
2013,11,26,4,0,16.7
2013,11,26,5,27,17.2
2013,11,26,6,95,17.9
2013,11,26,7,186,18.5
2013,11,26,8,252,18.9
2013,11,26,9,304,19.1
2013,11,26,10,350,19.6
2013,11,26,11,443,19.8
2013,11,26,12,335,19.8
2013,11,26,13,357,19.7
2013,11,26,14,407,19.6
2013,11,26,15,381,19.4
2013,11,26,16,315,19
2013,11,26,17,160,18.5
2013,11,26,18,26,17.8
2013,11,26,19,0,17.4
2013,11,26,20,0,17.2
2013,11,26,21,0,17.1
2013,11,26,22,0,17
2013,11,26,23,0,16.9
2013,11,27,0,0,16.9
2013,11,27,1,0,16.7
2013,11,27,2,0,16.5
2013,11,27,3,0,16.4
2013,11,27,4,0,16.4
2013,11,27,5,82,16.9
2013,11,27,6,257,17.8
2013,11,27,7,467,18.8
2013,11,27,8,759,19.7
2013,11,27,9,909,20.2
2013,11,27,10,1009,21.4
2013,11,27,11,1093,22.1
2013,11,27,12,1073,22.6
2013,11,27,13,962,22.7
2013,11,27,14,804,22.6
2013,11,27,15,624,22.2
2013,11,27,16,426,21.6
2013,11,27,17,205,20.7
2013,11,27,18,27,19.7
2013,11,27,19,0,19.1
2013,11,27,20,0,18.7
2013,11,27,21,0,18.5
2013,11,27,22,0,18.3
2013,11,27,23,0,18.3
2013,11,28,0,0,18.1
2013,11,28,1,0,17.8
2013,11,28,2,0,17.5
2013,11,28,3,0,17.2
2013,11,28,4,0,17.1
2013,11,28,5,118,17.7
2013,11,28,6,330,18.9
2013,11,28,7,538,20.5
2013,11,28,8,724,22.3
2013,11,28,9,881,23.2
2013,11,28,10,987,25.2
2013,11,28,11,986,26.1
2013,11,28,12,958,26.8
2013,11,28,13,891,27.3
2013,11,28,14,791,27.4
2013,11,28,15,630,27
2013,11,28,16,267,26.3
2013,11,28,17,77,25.1
2013,11,28,18,12,23.9
2013,11,28,19,0,23.2
2013,11,28,20,0,22.8
2013,11,28,21,0,22.4
2013,11,28,22,0,22.1
2013,11,28,23,0,22
2013,11,29,0,0,21.9
2013,11,29,1,0,21.6
2013,11,29,2,0,21.2
2013,11,29,3,0,20.7
2013,11,29,4,0,20.3
2013,11,29,5,11,20.2
2013,11,29,6,25,20.1
2013,11,29,7,43,19.8
2013,11,29,8,63,19.6
2013,11,29,9,85,19.4
2013,11,29,10,123,19
2013,11,29,11,162,18.9
2013,11,29,12,158,19
2013,11,29,13,127,19
2013,11,29,14,80,19
2013,11,29,15,58,18.9
2013,11,29,16,36,18.7
2013,11,29,17,19,18.3
2013,11,29,18,4,18
2013,11,29,19,0,17.8
2013,11,29,20,0,17.8
2013,11,29,21,0,17.7
2013,11,29,22,0,17.6
2013,11,29,23,0,17.4
2013,11,30,0,0,17.2
2013,11,30,1,0,17
2013,11,30,2,0,16.9
2013,11,30,3,0,16.8
2013,11,30,4,0,17
2013,11,30,5,13,17.4
2013,11,30,6,31,17.9
2013,11,30,7,57,18.4
2013,11,30,8,81,18.9
2013,11,30,9,96,19.1
2013,11,30,10,175,19.6
2013,11,30,11,165,19.7
2013,11,30,12,143,19.7
2013,11,30,13,135,19.6
2013,11,30,14,111,19.5
2013,11,30,15,77,19.4
2013,11,30,16,62,19.2
2013,11,30,17,41,18.8
2013,11,30,18,7,18.2
2013,11,30,19,0,17.8
2013,11,30,20,0,17.6
2013,11,30,21,0,17.5
2013,11,30,22,0,17.3
2013,11,30,23,0,17.2
2013,12,1,0,0,17
2013,12,1,1,0,16.8
2013,12,1,2,0,16.7
2013,12,1,3,0,16.7
2013,12,1,4,0,16.8
2013,12,1,5,15,17.6
2013,12,1,6,48,18.4
2013,12,1,7,90,19
2013,12,1,8,113,19.4
2013,12,1,9,122,19.5
2013,12,1,10,176,20
2013,12,1,11,149,20.4
2013,12,1,12,129,20.7
2013,12,1,13,129,21
2013,12,1,14,121,21
2013,12,1,15,107,20.9
2013,12,1,16,63,20.6
2013,12,1,17,25,20.1
2013,12,1,18,5,19.3
2013,12,1,19,0,18.7
2013,12,1,20,0,18.4
2013,12,1,21,0,18.2
2013,12,1,22,0,17.9
2013,12,1,23,0,17.7
2013,12,2,0,0,17.5
2013,12,2,1,0,17.4
2013,12,2,2,0,17.3
2013,12,2,3,0,17.2
2013,12,2,4,0,17.3
2013,12,2,5,101,18
2013,12,2,6,347,19.1
2013,12,2,7,543,20
2013,12,2,8,681,20.8
2013,12,2,9,808,21.1
2013,12,2,10,902,22.3
2013,12,2,11,968,22.9
2013,12,2,12,984,23.3
2013,12,2,13,932,23.4
2013,12,2,14,820,23.3
2013,12,2,15,647,23
2013,12,2,16,454,22.4
2013,12,2,17,227,21.5
2013,12,2,18,38,20.3
2013,12,2,19,0,19.5
2013,12,2,20,0,19
2013,12,2,21,0,18.6
2013,12,2,22,0,18.2
2013,12,2,23,0,17.8
2013,12,3,0,0,17.5
2013,12,3,1,0,17.2
2013,12,3,2,0,17
2013,12,3,3,0,16.7
2013,12,3,4,0,16.8
2013,12,3,5,127,17.6
2013,12,3,6,342,18.9
2013,12,3,7,565,20.2
2013,12,3,8,771,21.4
2013,12,3,9,945,22
2013,12,3,10,1062,23.6
2013,12,3,11,1113,24.3
2013,12,3,12,1099,24.7
2013,12,3,13,1013,24.9
2013,12,3,14,872,24.7
2013,12,3,15,679,24.3
2013,12,3,16,454,23.6
2013,12,3,17,226,22.5
2013,12,3,18,37,21.1
2013,12,3,19,0,20.2
2013,12,3,20,0,19.7
2013,12,3,21,0,19.3
2013,12,3,22,0,19
2013,12,3,23,0,18.7
2013,12,4,0,0,18.3
2013,12,4,1,0,18.1
2013,12,4,2,0,17.9
2013,12,4,3,0,17.7
2013,12,4,4,0,17.9
2013,12,4,5,108,18.7
2013,12,4,6,247,20
2013,12,4,7,392,21.3
2013,12,4,8,559,22.7
2013,12,4,9,707,23.4
2013,12,4,10,828,25.7
2013,12,4,11,632,26.8
2013,12,4,12,532,27.2
2013,12,4,13,631,27.4
2013,12,4,14,631,27.8
2013,12,4,15,399,27.7
2013,12,4,16,180,26.7
2013,12,4,17,69,25.1
2013,12,4,18,15,23.8
2013,12,4,19,0,23.4
2013,12,4,20,0,23.3
2013,12,4,21,0,23.2
2013,12,4,22,0,23.3
2013,12,4,23,0,23.4
2013,12,5,0,0,23
2013,12,5,1,0,22.3
2013,12,5,2,0,21.7
2013,12,5,3,0,21.1
2013,12,5,4,0,20.5
2013,12,5,5,45,20.1
2013,12,5,6,283,20.2
2013,12,5,7,555,20.9
2013,12,5,8,768,22
2013,12,5,9,936,22.5
2013,12,5,10,1045,23.6
2013,12,5,11,297,24
2013,12,5,12,242,23.9
2013,12,5,13,236,23.4
2013,12,5,14,188,22.3
2013,12,5,15,124,20.7
2013,12,5,16,58,18.8
2013,12,5,17,17,17.4
2013,12,5,18,3,16.5
2013,12,5,19,0,15.9
2013,12,5,20,0,15.5
2013,12,5,21,0,15.2
2013,12,5,22,0,15
2013,12,5,23,0,14.9
2013,12,6,0,0,14.7
2013,12,6,1,0,14.4
2013,12,6,2,0,14.1
2013,12,6,3,0,13.9
2013,12,6,4,0,14
2013,12,6,5,26,14.6
2013,12,6,6,131,15.5
2013,12,6,7,361,16.5
2013,12,6,8,551,17.6
2013,12,6,9,713,18.2
2013,12,6,10,832,19.6
2013,12,6,11,884,20.4
2013,12,6,12,926,20.9
2013,12,6,13,949,21.1
2013,12,6,14,870,20.8
2013,12,6,15,682,20.3
2013,12,6,16,463,19.7
2013,12,6,17,237,18.9
2013,12,6,18,45,18
2013,12,6,19,0,17.4
2013,12,6,20,0,17.2
2013,12,6,21,0,17.1
2013,12,6,22,0,17.3
2013,12,6,23,0,17.5
2013,12,7,0,0,17.6
2013,12,7,1,0,17.4
2013,12,7,2,0,17.1
2013,12,7,3,0,16.6
2013,12,7,4,0,16.4
2013,12,7,5,124,16.8
2013,12,7,6,341,18
2013,12,7,7,555,19.4
2013,12,7,8,732,20.6
2013,12,7,9,876,21.1
2013,12,7,10,942,22.5
2013,12,7,11,940,23.2
2013,12,7,12,922,23.6
2013,12,7,13,880,23.6
2013,12,7,14,799,23.4
2013,12,7,15,665,22.8
2013,12,7,16,462,22
2013,12,7,17,235,20.9
2013,12,7,18,45,19.8
2013,12,7,19,0,19.1
2013,12,7,20,0,18.9
2013,12,7,21,0,18.8
2013,12,7,22,0,18.7
2013,12,7,23,0,18.7
2013,12,8,0,0,18.6
2013,12,8,1,0,18.5
2013,12,8,2,0,18.4
2013,12,8,3,0,18.4
2013,12,8,4,0,18.6
2013,12,8,5,115,19.5
2013,12,8,6,324,20.7
2013,12,8,7,466,21.7
2013,12,8,8,689,22.6
2013,12,8,9,852,22.9
2013,12,8,10,981,23.9
2013,12,8,11,1040,24.6
2013,12,8,12,1033,25.1
2013,12,8,13,950,25.5
2013,12,8,14,803,25.6
2013,12,8,15,642,25.2
2013,12,8,16,456,24.4
2013,12,8,17,234,23.2
2013,12,8,18,41,22
2013,12,8,19,0,21.3
2013,12,8,20,0,21
2013,12,8,21,0,20.8
2013,12,8,22,0,20.5
2013,12,8,23,0,20.3
2013,12,9,0,0,20.1
2013,12,9,1,0,19.8
2013,12,9,2,0,19.6
2013,12,9,3,0,19.4
2013,12,9,4,0,19.5
2013,12,9,5,21,20.1
2013,12,9,6,78,20.9
2013,12,9,7,240,22
2013,12,9,8,423,23.9
2013,12,9,9,560,25
2013,12,9,10,587,27.5
2013,12,9,11,724,28.7
2013,12,9,12,805,29.4
2013,12,9,13,796,29.6
2013,12,9,14,666,29.3
2013,12,9,15,519,28.8
2013,12,9,16,376,27.9
2013,12,9,17,162,26.6
2013,12,9,18,25,25.1
2013,12,9,19,0,24
2013,12,9,20,0,23.4
2013,12,9,21,0,23.1
2013,12,9,22,0,23
2013,12,9,23,0,23.3
2013,12,10,0,0,23.8
2013,12,10,1,0,24
2013,12,10,2,0,23.8
2013,12,10,3,0,23.6
2013,12,10,4,0,23.5
2013,12,10,5,40,23.9
2013,12,10,6,232,24.7
2013,12,10,7,539,25.5
2013,12,10,8,752,26.3
2013,12,10,9,920,26.6
2013,12,10,10,1039,27.8
2013,12,10,11,1094,28.5
2013,12,10,12,1087,29.2
2013,12,10,13,1013,29.5
2013,12,10,14,876,29.3
2013,12,10,15,690,28.4
2013,12,10,16,472,27
2013,12,10,17,245,25.2
2013,12,10,18,50,23.4
2013,12,10,19,0,22.2
2013,12,10,20,0,21.5
2013,12,10,21,0,20.9
2013,12,10,22,0,20.4
2013,12,10,23,0,20
2013,12,11,0,0,19.7
2013,12,11,1,0,19.5
2013,12,11,2,0,19.3
2013,12,11,3,0,19.3
2013,12,11,4,0,19.4
2013,12,11,5,97,20
2013,12,11,6,338,21.2
2013,12,11,7,563,22.3
2013,12,11,8,767,23.2
2013,12,11,9,934,23.6
2013,12,11,10,1049,25
2013,12,11,11,1099,26
2013,12,11,12,1084,27
2013,12,11,13,988,27.7
2013,12,11,14,831,28.1
2013,12,11,15,652,28
2013,12,11,16,464,27.5
2013,12,11,17,242,26.3
2013,12,11,18,51,24.5
2013,12,11,19,0,23
2013,12,11,20,0,22.1
2013,12,11,21,0,21.7
2013,12,11,22,0,21.2
2013,12,11,23,0,20.4
2013,12,12,0,0,19.8
2013,12,12,1,0,19.5
2013,12,12,2,0,19.2
2013,12,12,3,0,19.2
2013,12,12,4,0,19.5
2013,12,12,5,14,20.3
2013,12,12,6,37,21.2
2013,12,12,7,60,22
2013,12,12,8,88,22.7
2013,12,12,9,113,23
2013,12,12,10,126,23.9
2013,12,12,11,200,24.4
2013,12,12,12,302,24.7
2013,12,12,13,451,24.7
2013,12,12,14,648,24.6
2013,12,12,15,635,24
2013,12,12,16,459,23.2
2013,12,12,17,237,22.2
2013,12,12,18,50,21.4
2013,12,12,19,0,20.9
2013,12,12,20,0,20.7
2013,12,12,21,0,20.6
2013,12,12,22,0,20.4
2013,12,12,23,0,20.1
2013,12,13,0,0,19.9
2013,12,13,1,0,19.6
2013,12,13,2,0,19.3
2013,12,13,3,0,19.2
2013,12,13,4,0,19.3
2013,12,13,5,108,20.1
2013,12,13,6,280,21.4
2013,12,13,7,421,22.8
2013,12,13,8,559,24
2013,12,13,9,691,24.6
2013,12,13,10,812,25.9
2013,12,13,11,839,26.5
2013,12,13,12,701,26.7
2013,12,13,13,572,26.5
2013,12,13,14,423,26.1
2013,12,13,15,296,25.4
2013,12,13,16,248,24.3
2013,12,13,17,149,23.3
2013,12,13,18,35,22.3
2013,12,13,19,0,21.7
2013,12,13,20,0,21.4
2013,12,13,21,0,21.2
2013,12,13,22,0,21
2013,12,13,23,0,20.9
2013,12,14,0,0,20.9
2013,12,14,1,0,20.8
2013,12,14,2,0,20.5
2013,12,14,3,0,20.2
2013,12,14,4,0,20.4
2013,12,14,5,6,21.2
2013,12,14,6,14,22.1
2013,12,14,7,29,22.7
2013,12,14,8,49,22.9
2013,12,14,9,71,23
2013,12,14,10,91,22.4
2013,12,14,11,101,21.8
2013,12,14,12,99,21.5
2013,12,14,13,85,21.5
2013,12,14,14,81,21.5
2013,12,14,15,72,21.5
2013,12,14,16,57,21.3
2013,12,14,17,32,21
2013,12,14,18,9,20.6
2013,12,14,19,0,20.3
2013,12,14,20,0,20.1
2013,12,14,21,0,20
2013,12,14,22,0,19.9
2013,12,14,23,0,19.8
2013,12,15,0,0,19.6
2013,12,15,1,0,19.4
2013,12,15,2,0,19.2
2013,12,15,3,0,19
2013,12,15,4,0,19.2
2013,12,15,5,13,19.8
2013,12,15,6,35,20.6
2013,12,15,7,63,21.4
2013,12,15,8,87,22.2
2013,12,15,9,105,22.6
2013,12,15,10,96,23.5
2013,12,15,11,124,23.8
2013,12,15,12,167,23.8
2013,12,15,13,94,23.6
2013,12,15,14,64,23.3
2013,12,15,15,78,22.8
2013,12,15,16,64,22.2
2013,12,15,17,25,21.5
2013,12,15,18,8,20.9
2013,12,15,19,0,20.6
2013,12,15,20,0,20.4
2013,12,15,21,0,20.2
2013,12,15,22,0,19.9
2013,12,15,23,0,19.8
2013,12,16,0,0,19.6
2013,12,16,1,0,19.5
2013,12,16,2,0,19.4
2013,12,16,3,0,19.4
2013,12,16,4,0,19.5
2013,12,16,5,28,19.9
2013,12,16,6,45,20.4
2013,12,16,7,63,21.1
2013,12,16,8,81,22
2013,12,16,9,95,22.5
2013,12,16,10,100,23.3
2013,12,16,11,101,23.7
2013,12,16,12,99,23.8
2013,12,16,13,100,23.8
2013,12,16,14,138,23.6
2013,12,16,15,162,23.2
2013,12,16,16,127,22.5
2013,12,16,17,76,21.6
2013,12,16,18,18,20.9
2013,12,16,19,0,20.4
2013,12,16,20,0,20.3
2013,12,16,21,0,20.3
2013,12,16,22,0,20.2
2013,12,16,23,0,20.1
2013,12,17,0,0,20
2013,12,17,1,0,19.9
2013,12,17,2,0,19.7
2013,12,17,3,0,19.6
2013,12,17,4,0,19.7
2013,12,17,5,26,20.3
2013,12,17,6,80,21.1
2013,12,17,7,167,22
2013,12,17,8,360,22.9
2013,12,17,9,651,23.4
2013,12,17,10,816,24.5
2013,12,17,11,973,25
2013,12,17,12,1082,25.2
2013,12,17,13,1008,25.1
2013,12,17,14,875,24.8
2013,12,17,15,693,24.3
2013,12,17,16,478,23.6
2013,12,17,17,255,22.7
2013,12,17,18,61,21.7
2013,12,17,19,0,21
2013,12,17,20,0,20.6
2013,12,17,21,0,20.3
2013,12,17,22,0,20.1
2013,12,17,23,0,19.9
2013,12,18,0,0,19.7
2013,12,18,1,0,19.6
2013,12,18,2,0,19.5
2013,12,18,3,0,19.4
2013,12,18,4,0,19.7
2013,12,18,5,73,20.7
2013,12,18,6,220,21.8
2013,12,18,7,394,22.8
2013,12,18,8,558,23.6
2013,12,18,9,700,23.9
2013,12,18,10,859,24.6
2013,12,18,11,1007,24.8
2013,12,18,12,1068,24.9
2013,12,18,13,1004,24.8
2013,12,18,14,874,24.5
2013,12,18,15,696,24.1
2013,12,18,16,486,23.6
2013,12,18,17,264,22.7
2013,12,18,18,66,21.6
2013,12,18,19,0,20.8
2013,12,18,20,0,20.4
2013,12,18,21,0,20
2013,12,18,22,0,19.8
2013,12,18,23,0,19.5
2013,12,19,0,0,19.3
2013,12,19,1,0,19.1
2013,12,19,2,0,18.9
2013,12,19,3,0,18.8
2013,12,19,4,0,19
2013,12,19,5,107,20
2013,12,19,6,314,21.3
2013,12,19,7,534,22.4
2013,12,19,8,738,23.4
2013,12,19,9,908,24
2013,12,19,10,1030,25.5
2013,12,19,11,1084,26.2
2013,12,19,12,1074,26.7
2013,12,19,13,997,26.8
2013,12,19,14,864,26.6
2013,12,19,15,682,26.1
2013,12,19,16,465,25.4
2013,12,19,17,179,24.3
2013,12,19,18,58,23
2013,12,19,19,0,22.1
2013,12,19,20,0,21.6
2013,12,19,21,0,21.3
2013,12,19,22,0,21.1
2013,12,19,23,0,20.9
2013,12,20,0,0,20.7
2013,12,20,1,0,20.4
2013,12,20,2,0,20.3
2013,12,20,3,0,20.1
2013,12,20,4,0,20.2
2013,12,20,5,96,21
2013,12,20,6,291,22.6
2013,12,20,7,505,24.9
2013,12,20,8,705,27.7
2013,12,20,9,869,29.2
2013,12,20,10,1003,33.1
2013,12,20,11,1060,34.5
2013,12,20,12,1055,34.5
2013,12,20,13,913,33.6
2013,12,20,14,495,32.6
2013,12,20,15,593,31.7
2013,12,20,16,458,30.6
2013,12,20,17,215,29.1
2013,12,20,18,55,27.5
2013,12,20,19,0,26.5
2013,12,20,20,0,26
2013,12,20,21,0,25.5
2013,12,20,22,0,25.1
2013,12,20,23,0,24.9
2013,12,21,0,0,24.8
2013,12,21,1,0,24.4
2013,12,21,2,0,23.8
2013,12,21,3,0,23.3
2013,12,21,4,0,22.6
2013,12,21,5,91,22.4
2013,12,21,6,151,22.8
2013,12,21,7,333,23.3
2013,12,21,8,646,23.9
2013,12,21,9,857,24.2
2013,12,21,10,985,24.9
2013,12,21,11,1040,25
2013,12,21,12,1028,24.8
2013,12,21,13,955,24.5
2013,12,21,14,823,24.1
2013,12,21,15,645,23.6
2013,12,21,16,273,23
2013,12,21,17,147,22.3
2013,12,21,18,36,21.8
2013,12,21,19,0,21.5
2013,12,21,20,0,21.5
2013,12,21,21,0,21.5
2013,12,21,22,0,21.4
2013,12,21,23,0,21.2
2013,12,22,0,0,21
2013,12,22,1,0,20.7
2013,12,22,2,0,20.6
2013,12,22,3,0,20.5
2013,12,22,4,0,20.8
2013,12,22,5,80,21.6
2013,12,22,6,181,22.7
2013,12,22,7,501,24
2013,12,22,8,604,25.7
2013,12,22,9,697,26.6
2013,12,22,10,803,29.6
2013,12,22,11,657,31.1
2013,12,22,12,613,32.1
2013,12,22,13,655,32.3
2013,12,22,14,699,31.6
2013,12,22,15,480,30.1
2013,12,22,16,351,28.3
2013,12,22,17,165,26.7
2013,12,22,18,21,25.6
2013,12,22,19,0,25.2
2013,12,22,20,0,25.1
2013,12,22,21,0,25
2013,12,22,22,0,24.8
2013,12,22,23,0,24.7
2013,12,23,0,0,24.4
2013,12,23,1,0,23.9
2013,12,23,2,0,23.3
2013,12,23,3,0,22.9
2013,12,23,4,0,22.8
2013,12,23,5,66,23.1
2013,12,23,6,210,23.5
2013,12,23,7,408,24.8
2013,12,23,8,588,27.4
2013,12,23,9,512,29
2013,12,23,10,290,32
2013,12,23,11,544,32.8
2013,12,23,12,319,31.8
2013,12,23,13,218,29.6
2013,12,23,14,153,27.5
2013,12,23,15,269,26
2013,12,23,16,313,25.1
2013,12,23,17,57,24.5
2013,12,23,18,39,23.8
2013,12,23,19,0,23.2
2013,12,23,20,0,22.5
2013,12,23,21,0,21.4
2013,12,23,22,0,20.3
2013,12,23,23,0,19.5
2013,12,24,0,0,19
2013,12,24,1,0,18.9
2013,12,24,2,0,18.9
2013,12,24,3,0,19
2013,12,24,4,0,19.2
2013,12,24,5,7,19.6
2013,12,24,6,21,20.3
2013,12,24,7,66,20.8
2013,12,24,8,296,21.2
2013,12,24,9,85,21.4
2013,12,24,10,412,21.7
2013,12,24,11,364,21.7
2013,12,24,12,526,21.7
2013,12,24,13,359,21.7
2013,12,24,14,272,21.5
2013,12,24,15,161,21.2
2013,12,24,16,111,20.9
2013,12,24,17,120,20.5
2013,12,24,18,31,20.1
2013,12,24,19,0,19.9
2013,12,24,20,0,19.8
2013,12,24,21,0,19.7
2013,12,24,22,0,19.7
2013,12,24,23,0,19.8
2013,12,25,0,0,19.8
2013,12,25,1,0,19.8
2013,12,25,2,0,19.8
2013,12,25,3,0,19.8
2013,12,25,4,0,19.9
2013,12,25,5,5,20.3
2013,12,25,6,11,20.8
2013,12,25,7,34,21.3
2013,12,25,8,85,21.9
2013,12,25,9,142,22.1
2013,12,25,10,172,22.2
2013,12,25,11,292,22
2013,12,25,12,207,21.9
2013,12,25,13,140,21.6
2013,12,25,14,230,21.2
2013,12,25,15,159,20.7
2013,12,25,16,136,20.2
2013,12,25,17,81,19.9
2013,12,25,18,22,19.8
2013,12,25,19,0,19.8
2013,12,25,20,0,19.8
2013,12,25,21,0,19.9
2013,12,25,22,0,19.9
2013,12,25,23,0,20
2013,12,26,0,0,20.1
2013,12,26,1,0,20
2013,12,26,2,0,20
2013,12,26,3,0,19.9
2013,12,26,4,0,19.8
2013,12,26,5,7,19.9
2013,12,26,6,23,20.2
2013,12,26,7,501,20.6
2013,12,26,8,439,21.2
2013,12,26,9,873,21.5
2013,12,26,10,1002,22.5
2013,12,26,11,1062,23.2
2013,12,26,12,1058,23.6
2013,12,26,13,992,23.6
2013,12,26,14,863,23.2
2013,12,26,15,685,22.6
2013,12,26,16,479,21.9
2013,12,26,17,261,21.2
2013,12,26,18,50,20.6
2013,12,26,19,0,20.3
2013,12,26,20,0,20.3
2013,12,26,21,0,20.2
2013,12,26,22,0,20.1
2013,12,26,23,0,20
2013,12,27,0,0,19.8
2013,12,27,1,0,19.7
2013,12,27,2,0,19.6
2013,12,27,3,0,19.5
2013,12,27,4,0,19.7
2013,12,27,5,92,20.3
2013,12,27,6,293,21.1
2013,12,27,7,513,22
2013,12,27,8,718,22.8
2013,12,27,9,888,23.2
2013,12,27,10,1009,24.1
2013,12,27,11,1070,24.3
2013,12,27,12,876,24.2
2013,12,27,13,990,24
2013,12,27,14,860,23.6
2013,12,27,15,682,23.2
2013,12,27,16,474,22.6
2013,12,27,17,124,21.9
2013,12,27,18,68,21.3
2013,12,27,19,0,20.8
2013,12,27,20,0,20.5
2013,12,27,21,0,20.3
2013,12,27,22,0,20.2
2013,12,27,23,0,20.1
2013,12,28,0,0,19.9
2013,12,28,1,0,19.7
2013,12,28,2,0,19.6
2013,12,28,3,0,19.5
2013,12,28,4,0,19.7
2013,12,28,5,95,20.6
2013,12,28,6,299,21.7
2013,12,28,7,520,22.5
2013,12,28,8,724,23.3
2013,12,28,9,894,23.7
2013,12,28,10,1018,24.7
2013,12,28,11,1078,25.3
2013,12,28,12,1074,25.6
2013,12,28,13,1002,25.7
2013,12,28,14,874,25.5
2013,12,28,15,696,25
2013,12,28,16,489,24.3
2013,12,28,17,269,23.3
2013,12,28,18,72,22.4
2013,12,28,19,0,21.7
2013,12,28,20,0,21.5
2013,12,28,21,0,21.3
2013,12,28,22,0,21.1
2013,12,28,23,0,20.9
2013,12,29,0,0,20.7
2013,12,29,1,0,20.4
2013,12,29,2,0,20
2013,12,29,3,0,19.7
2013,12,29,4,0,19.9
2013,12,29,5,85,20.7
2013,12,29,6,265,21.3
2013,12,29,7,469,21.3
2013,12,29,8,679,21.2
2013,12,29,9,862,21.3
2013,12,29,10,1014,21.5
2013,12,29,11,1088,21.6
2013,12,29,12,1085,21.7
2013,12,29,13,1032,21.7
2013,12,29,14,897,21.5
2013,12,29,15,715,21.2
2013,12,29,16,497,20.8
2013,12,29,17,268,20.4
2013,12,29,18,31,19.8
2013,12,29,19,0,19.4
2013,12,29,20,0,19.3
2013,12,29,21,0,19.1
2013,12,29,22,0,19.1
2013,12,29,23,0,19
2013,12,30,0,0,18.8
2013,12,30,1,0,18.6
2013,12,30,2,0,18.5
2013,12,30,3,0,18.4
2013,12,30,4,0,18.5
2013,12,30,5,74,19.2
2013,12,30,6,290,20.2
2013,12,30,7,513,20.9
2013,12,30,8,435,21.7
2013,12,30,9,895,22
2013,12,30,10,1024,23.1
2013,12,30,11,1086,23.7
2013,12,30,12,1080,24.1
2013,12,30,13,1013,24
2013,12,30,14,885,23.4
2013,12,30,15,706,22.5
2013,12,30,16,500,21.4
2013,12,30,17,275,20.5
2013,12,30,18,74,19.8
2013,12,30,19,0,19.4
2013,12,30,20,0,19.3
2013,12,30,21,0,19.2
2013,12,30,22,0,19.2
2013,12,30,23,0,19.1
2013,12,31,0,0,19
2013,12,31,1,0,18.9
2013,12,31,2,0,18.7
2013,12,31,3,0,18.6
2013,12,31,4,0,18.8
2013,12,31,5,87,19.7
2013,12,31,6,290,20.9
2013,12,31,7,513,22.1
2013,12,31,8,723,23.1
2013,12,31,9,900,23.7
2013,12,31,10,1025,25.2
2013,12,31,11,1087,25.6
2013,12,31,12,1081,25.6
2013,12,31,13,1015,25
2013,12,31,14,883,24.1
2013,12,31,15,702,23.2
2013,12,31,16,230,22.5
2013,12,31,17,120,21.8
2013,12,31,18,28,21.2
2013,12,31,19,0,20.9
2013,12,31,20,0,20.7
2013,12,31,21,0,20.4
2013,12,31,22,0,20.3
2013,12,31,23,0,20.1
2014,1,1,0,0,21.2
2014,1,1,1,0,21
2014,1,1,2,0,20.7
2014,1,1,3,0,20.5
2014,1,1,4,0,20.6
2014,1,1,5,81,21.4
2014,1,1,6,277,22.7
2014,1,1,7,495,23.9
2014,1,1,8,701,24.9
2014,1,1,9,873,25.4
2014,1,1,10,1010,24.9
2014,1,1,11,956,25.3
2014,1,1,12,677,25.6
2014,1,1,13,587,25.6
2014,1,1,14,279,24.9
2014,1,1,15,283,23.9
2014,1,1,16,147,23.1
2014,1,1,17,112,22.5
2014,1,1,18,31,22.1
2014,1,1,19,0,21.9
2014,1,1,20,0,21.8
2014,1,1,21,0,21.8
2014,1,1,22,0,21.7
2014,1,1,23,0,21.7
2014,1,2,0,0,21.7
2014,1,2,1,0,21.5
2014,1,2,2,0,21.5
2014,1,2,3,0,21.8
2014,1,2,4,0,22.2
2014,1,2,5,32,23.2
2014,1,2,6,276,24.7
2014,1,2,7,228,26.8
2014,1,2,8,539,28.9
2014,1,2,9,574,29.8
2014,1,2,10,340,31.9
2014,1,2,11,622,32
2014,1,2,12,217,30.7
2014,1,2,13,134,29.1
2014,1,2,14,240,27.6
2014,1,2,15,112,26.6
2014,1,2,16,132,25.7
2014,1,2,17,181,24.5
2014,1,2,18,49,23.4
2014,1,2,19,0,22.6
2014,1,2,20,0,22
2014,1,2,21,0,21.4
2014,1,2,22,0,20.8
2014,1,2,23,0,20.4
2014,1,3,0,0,20.2
2014,1,3,1,0,20.3
2014,1,3,2,0,20.4
2014,1,3,3,0,20.4
2014,1,3,4,0,20.6
2014,1,3,5,38,21
2014,1,3,6,10,21.8
2014,1,3,7,207,22.7
2014,1,3,8,211,23.6
2014,1,3,9,453,24.1
2014,1,3,10,705,25.3
2014,1,3,11,762,26
2014,1,3,12,1007,26.3
2014,1,3,13,742,26.3
2014,1,3,14,824,25.8
2014,1,3,15,649,24.9
2014,1,3,16,450,23.9
2014,1,3,17,241,23
2014,1,3,18,61,22.4
2014,1,3,19,0,22.2
2014,1,3,20,0,22.2
2014,1,3,21,0,22.2
2014,1,3,22,0,22.2
2014,1,3,23,0,22.2
2014,1,4,0,0,22.1
2014,1,4,1,0,22.3
2014,1,4,2,0,22.3
2014,1,4,3,0,22
2014,1,4,4,0,21.6
2014,1,4,5,69,21.6
2014,1,4,6,259,22
2014,1,4,7,478,22.6
2014,1,4,8,689,23.2
2014,1,4,9,873,23.6
2014,1,4,10,1019,24.8
2014,1,4,11,1088,25.4
2014,1,4,12,1086,25.7
2014,1,4,13,1023,25.4
2014,1,4,14,893,24.7
2014,1,4,15,714,23.8
2014,1,4,16,501,22.8
2014,1,4,17,276,21.7
2014,1,4,18,75,20.6
2014,1,4,19,0,20.1
2014,1,4,20,0,20
2014,1,4,21,0,20
2014,1,4,22,0,20
2014,1,4,23,0,20
2014,1,5,0,0,19.9
2014,1,5,1,0,19.9
2014,1,5,2,0,20
2014,1,5,3,0,20
2014,1,5,4,0,20.3
2014,1,5,5,77,21.2
2014,1,5,6,278,22.4
2014,1,5,7,503,23.4
2014,1,5,8,710,24.4
2014,1,5,9,883,24.8
2014,1,5,10,998,25.8
2014,1,5,11,1054,26.2
2014,1,5,12,1041,26.5
2014,1,5,13,978,26.6
2014,1,5,14,845,26.4
2014,1,5,15,657,25.9
2014,1,5,16,447,25
2014,1,5,17,234,24.1
2014,1,5,18,56,23.4
2014,1,5,19,0,22.9
2014,1,5,20,0,22.6
2014,1,5,21,0,22.2
2014,1,5,22,0,21.8
2014,1,5,23,0,21.5
2014,1,6,0,0,21
2014,1,6,1,0,20.9
2014,1,6,2,0,21.1
2014,1,6,3,0,21.3
2014,1,6,4,0,21.4
2014,1,6,5,83,22.1
2014,1,6,6,297,23.4
2014,1,6,7,534,24.5
2014,1,6,8,755,25.3
2014,1,6,9,940,25.7
2014,1,6,10,1068,26.9
2014,1,6,11,1126,27.5
2014,1,6,12,1120,27.8
2014,1,6,13,1043,27.8
2014,1,6,14,910,27.3
2014,1,6,15,726,26.2
2014,1,6,16,516,24.6
2014,1,6,17,287,22.6
2014,1,6,18,80,20.9
2014,1,6,19,0,19.9
2014,1,6,20,0,19.6
2014,1,6,21,0,19.5
2014,1,6,22,0,19.5
2014,1,6,23,0,19.4
2014,1,7,0,0,19.2
2014,1,7,1,0,18.9
2014,1,7,2,0,18.7
2014,1,7,3,0,18.7
2014,1,7,4,0,18.8
2014,1,7,5,11,19.2
2014,1,7,6,43,19.5
2014,1,7,7,476,19.9
2014,1,7,8,361,20.1
2014,1,7,9,169,20.2
2014,1,7,10,338,20.6
2014,1,7,11,225,20.9
2014,1,7,12,265,21.2
2014,1,7,13,408,21.2
2014,1,7,14,658,21
2014,1,7,15,346,20.8
2014,1,7,16,135,20.4
2014,1,7,17,108,19.9
2014,1,7,18,27,19.3
2014,1,7,19,0,19
2014,1,7,20,0,19
2014,1,7,21,0,18.9
2014,1,7,22,0,18.8
2014,1,7,23,0,18.7
2014,1,8,0,0,18.5
2014,1,8,1,0,18.3
2014,1,8,2,0,18.1
2014,1,8,3,0,18
2014,1,8,4,0,18.2
2014,1,8,5,5,18.7
2014,1,8,6,18,19.2
2014,1,8,7,72,19.8
2014,1,8,8,172,20.5
2014,1,8,9,442,20.8
2014,1,8,10,758,21.2
2014,1,8,11,355,21.4
2014,1,8,12,663,21.5
2014,1,8,13,371,21.4
2014,1,8,14,275,21.2
2014,1,8,15,181,20.9
2014,1,8,16,494,20.6
2014,1,8,17,92,20.2
2014,1,8,18,23,19.8
2014,1,8,19,0,19.5
2014,1,8,20,0,19.5
2014,1,8,21,0,19.4
2014,1,8,22,0,19.4
2014,1,8,23,0,19.4
2014,1,9,0,0,19.3
2014,1,9,1,0,19.2
2014,1,9,2,0,19.2
2014,1,9,3,0,19.3
2014,1,9,4,0,19.5
2014,1,9,5,70,20
2014,1,9,6,203,20.8
2014,1,9,7,289,21.4
2014,1,9,8,344,21.8
2014,1,9,9,511,22
2014,1,9,10,512,22.2
2014,1,9,11,611,22
2014,1,9,12,611,21.8
2014,1,9,13,645,21.7
2014,1,9,14,454,21.7
2014,1,9,15,564,21.6
2014,1,9,16,363,21.4
2014,1,9,17,229,20.9
2014,1,9,18,64,20.4
2014,1,9,19,0,20
2014,1,9,20,0,19.8
2014,1,9,21,0,19.6
2014,1,9,22,0,19.6
2014,1,9,23,0,19.5
2014,1,10,0,0,19.5
2014,1,10,1,0,19.4
2014,1,10,2,0,19.4
2014,1,10,3,0,19.3
2014,1,10,4,0,19.5
2014,1,10,5,38,20.2
2014,1,10,6,157,21.3
2014,1,10,7,468,22.4
2014,1,10,8,675,23.5
2014,1,10,9,848,24
2014,1,10,10,825,25
2014,1,10,11,850,25.3
2014,1,10,12,946,25.4
2014,1,10,13,568,25.2
2014,1,10,14,850,24.8
2014,1,10,15,682,24.3
2014,1,10,16,482,23.7
2014,1,10,17,268,22.9
2014,1,10,18,75,22.3
2014,1,10,19,0,21.8
2014,1,10,20,0,21.6
2014,1,10,21,0,21.3
2014,1,10,22,0,21.1
2014,1,10,23,0,20.9
2014,1,11,0,0,20.7
2014,1,11,1,0,20.6
2014,1,11,2,0,20.6
2014,1,11,3,0,20.6
2014,1,11,4,0,20.7
2014,1,11,5,60,21.4
2014,1,11,6,250,22.7
2014,1,11,7,469,24.1
2014,1,11,8,679,25.5
2014,1,11,9,858,26.2
2014,1,11,10,993,27.6
2014,1,11,11,1062,28
2014,1,11,12,1065,28.2
2014,1,11,13,1002,28
2014,1,11,14,877,27.5
2014,1,11,15,703,26.7
2014,1,11,16,494,25.8
2014,1,11,17,272,24.8
2014,1,11,18,75,23.9
2014,1,11,19,0,23.1
2014,1,11,20,0,22.6
2014,1,11,21,0,22.3
2014,1,11,22,0,22
2014,1,11,23,0,21.8
2014,1,12,0,0,21.5
2014,1,12,1,0,21.2
2014,1,12,2,0,21.1
2014,1,12,3,0,21.1
2014,1,12,4,0,21.3
2014,1,12,5,58,22
2014,1,12,6,248,23.2
2014,1,12,7,466,24.2
2014,1,12,8,673,25.1
2014,1,12,9,848,25.4
2014,1,12,10,968,25.8
2014,1,12,11,1035,25.7
2014,1,12,12,1037,25.3
2014,1,12,13,987,25
2014,1,12,14,866,24.6
2014,1,12,15,697,24.2
2014,1,12,16,490,23.6
2014,1,12,17,271,22.8
2014,1,12,18,75,22
2014,1,12,19,0,21.5
2014,1,12,20,0,21.2
2014,1,12,21,0,21
2014,1,12,22,0,20.8
2014,1,12,23,0,20.6
2014,1,13,0,0,20.4
2014,1,13,1,0,20.2
2014,1,13,2,0,20
2014,1,13,3,0,19.8
2014,1,13,4,0,19.9
2014,1,13,5,62,20.4
2014,1,13,6,262,21.2
2014,1,13,7,488,22
2014,1,13,8,702,22.8
2014,1,13,9,883,23.2
2014,1,13,10,1017,24.1
2014,1,13,11,1086,24.4
2014,1,13,12,1090,24.5
2014,1,13,13,1028,24.4
2014,1,13,14,908,24.1
2014,1,13,15,732,23.6
2014,1,13,16,519,22.9
2014,1,13,17,291,22.1
2014,1,13,18,83,21.2
2014,1,13,19,0,20.7
2014,1,13,20,0,20.4
2014,1,13,21,0,20.1
2014,1,13,22,0,19.9
2014,1,13,23,0,19.7
2014,1,14,0,0,19.5
2014,1,14,1,0,19.4
2014,1,14,2,0,19.4
2014,1,14,3,0,19.5
2014,1,14,4,0,19.8
2014,1,14,5,59,20.6
2014,1,14,6,256,21.8
2014,1,14,7,483,22.9
2014,1,14,8,697,24.1
2014,1,14,9,877,24.7
2014,1,14,10,1007,26.4
2014,1,14,11,1078,27.1
2014,1,14,12,1082,27.3
2014,1,14,13,1026,27.3
2014,1,14,14,903,27.1
2014,1,14,15,728,26.5
2014,1,14,16,518,25.6
2014,1,14,17,291,24.5
2014,1,14,18,83,23.4
2014,1,14,19,0,22.8
2014,1,14,20,0,22.5
2014,1,14,21,0,22.4
2014,1,14,22,0,22.2
2014,1,14,23,0,22
2014,1,15,0,0,21.7
2014,1,15,1,0,21.3
2014,1,15,2,0,20.9
2014,1,15,3,0,20.7
2014,1,15,4,0,20.8
2014,1,15,5,57,21.7
2014,1,15,6,254,23.2
2014,1,15,7,479,24.6
2014,1,15,8,695,26.1
2014,1,15,9,876,26.8
2014,1,15,10,1011,28.6
2014,1,15,11,1084,29.4
2014,1,15,12,1089,29.6
2014,1,15,13,1029,29.5
2014,1,15,14,904,29.1
2014,1,15,15,730,28.4
2014,1,15,16,518,27.5
2014,1,15,17,289,26.4
2014,1,15,18,80,25.1
2014,1,15,19,0,24.2
2014,1,15,20,0,23.6
2014,1,15,21,0,23.2
2014,1,15,22,0,22.8
2014,1,15,23,0,22.4
2014,1,16,0,0,22
2014,1,16,1,0,21.7
2014,1,16,2,0,21.5
2014,1,16,3,0,21.3
2014,1,16,4,0,21.3
2014,1,16,5,54,22.1
2014,1,16,6,250,23.4
2014,1,16,7,476,24.7
2014,1,16,8,691,25.9
2014,1,16,9,874,26.5
2014,1,16,10,1006,27.9
2014,1,16,11,1081,28.3
2014,1,16,12,1087,28.4
2014,1,16,13,1026,28.2
2014,1,16,14,906,27.8
2014,1,16,15,731,27.2
2014,1,16,16,521,26.3
2014,1,16,17,292,25.2
2014,1,16,18,82,24.1
2014,1,16,19,0,23.2
2014,1,16,20,0,22.8
2014,1,16,21,0,22.5
2014,1,16,22,0,22.2
2014,1,16,23,0,21.9
2014,1,17,0,0,21.6
2014,1,17,1,0,21.3
2014,1,17,2,0,21.1
2014,1,17,3,0,20.8
2014,1,17,4,0,20.9
2014,1,17,5,52,21.8
2014,1,17,6,250,23.1
2014,1,17,7,480,24.4
2014,1,17,8,698,25.6
2014,1,17,9,884,26.1
2014,1,17,10,1017,27.6
2014,1,17,11,1088,28.1
2014,1,17,12,1093,28.3
2014,1,17,13,1030,28.1
2014,1,17,14,905,27.7
2014,1,17,15,732,27.1
2014,1,17,16,520,26.3
2014,1,17,17,292,25.2
2014,1,17,18,81,24.1
2014,1,17,19,0,23.2
2014,1,17,20,0,22.8
2014,1,17,21,0,22.4
2014,1,17,22,0,22.1
2014,1,17,23,0,21.8
2014,1,18,0,0,21.4
2014,1,18,1,0,20.9
2014,1,18,2,0,20.5
2014,1,18,3,0,20.1
2014,1,18,4,0,20.1
2014,1,18,5,52,21
2014,1,18,6,251,22.6
2014,1,18,7,481,24.2
2014,1,18,8,701,25.8
2014,1,18,9,886,26.6
2014,1,18,10,1020,28.7
2014,1,18,11,1092,29.6
2014,1,18,12,1098,30
2014,1,18,13,1036,29.9
2014,1,18,14,913,29.6
2014,1,18,15,737,28.9
2014,1,18,16,523,27.8
2014,1,18,17,291,26.4
2014,1,18,18,80,24.9
2014,1,18,19,0,23.7
2014,1,18,20,0,23.1
2014,1,18,21,0,22.6
2014,1,18,22,0,22.1
2014,1,18,23,0,21.7
2014,1,19,0,0,21.4
2014,1,19,1,0,21.2
2014,1,19,2,0,21
2014,1,19,3,0,21
2014,1,19,4,0,21.2
2014,1,19,5,43,22
2014,1,19,6,230,23.1
2014,1,19,7,448,24
2014,1,19,8,654,24.7
2014,1,19,9,558,25.1
2014,1,19,10,951,25.9
2014,1,19,11,1015,26
2014,1,19,12,1010,25.8
2014,1,19,13,947,25.3
2014,1,19,14,824,24.8
2014,1,19,15,656,24.3
2014,1,19,16,454,23.7
2014,1,19,17,243,23.1
2014,1,19,18,60,22.5
2014,1,19,19,0,22.2
2014,1,19,20,0,22
2014,1,19,21,0,21.8
2014,1,19,22,0,21.6
2014,1,19,23,0,21.5
2014,1,20,0,0,21.4
2014,1,20,1,0,21.2
2014,1,20,2,0,21.2
2014,1,20,3,0,21.1
2014,1,20,4,0,21.2
2014,1,20,5,36,21.7
2014,1,20,6,210,22.4
2014,1,20,7,425,23.2
2014,1,20,8,473,24.2
2014,1,20,9,93,24.6
2014,1,20,10,935,25.3
2014,1,20,11,1004,25.3
2014,1,20,12,1008,25
2014,1,20,13,924,24.4
2014,1,20,14,800,23.7
2014,1,20,15,630,23
2014,1,20,16,107,22.2
2014,1,20,17,224,21.5
2014,1,20,18,48,21
2014,1,20,19,0,20.7
2014,1,20,20,0,20.7
2014,1,20,21,0,20.6
2014,1,20,22,0,20.6
2014,1,20,23,0,20.6
2014,1,21,0,0,20.6
2014,1,21,1,0,20.6
2014,1,21,2,0,20.6
2014,1,21,3,0,20.6
2014,1,21,4,0,20.8
2014,1,21,5,33,21.2
2014,1,21,6,208,21.8
2014,1,21,7,424,22.3
2014,1,21,8,634,23.1
2014,1,21,9,815,23.4
2014,1,21,10,946,24.4
2014,1,21,11,1018,24.7
2014,1,21,12,1023,24.8
2014,1,21,13,973,24.8
2014,1,21,14,849,24.6
2014,1,21,15,677,24.2
2014,1,21,16,473,23.6
2014,1,21,17,254,23
2014,1,21,18,5,22.4
2014,1,21,19,0,22.1
2014,1,21,20,0,22
2014,1,21,21,0,21.9
2014,1,21,22,0,21.8
2014,1,21,23,0,21.7
2014,1,22,0,0,21.6
2014,1,22,1,0,21.5
2014,1,22,2,0,21.4
2014,1,22,3,0,21.3
2014,1,22,4,0,21.3
2014,1,22,5,3,21.5
2014,1,22,6,212,21.9
2014,1,22,7,428,22.3
2014,1,22,8,54,22.7
2014,1,22,9,815,22.8
2014,1,22,10,105,22.9
2014,1,22,11,349,22.9
2014,1,22,12,1028,22.8
2014,1,22,13,969,22.7
2014,1,22,14,852,22.5
2014,1,22,15,683,22.2
2014,1,22,16,476,21.8
2014,1,22,17,259,21.4
2014,1,22,18,66,20.9
2014,1,22,19,0,20.7
2014,1,22,20,0,20.7
2014,1,22,21,0,20.6
2014,1,22,22,0,20.5
2014,1,22,23,0,20.4
2014,1,23,0,0,20.3
2014,1,23,1,0,20.2
2014,1,23,2,0,20.3
2014,1,23,3,0,20.4
2014,1,23,4,0,20.5
2014,1,23,5,5,20.9
2014,1,23,6,27,21.5
2014,1,23,7,221,22.2
2014,1,23,8,424,22.9
2014,1,23,9,830,23.3
2014,1,23,10,645,23.8
2014,1,23,11,648,23.9
2014,1,23,12,585,23.8
2014,1,23,13,563,23.7
2014,1,23,14,538,23.4
2014,1,23,15,499,23
2014,1,23,16,475,22.5
2014,1,23,17,178,22
2014,1,23,18,41,21.5
2014,1,23,19,0,21.3
2014,1,23,20,0,21.2
2014,1,23,21,0,21.2
2014,1,23,22,0,21.2
2014,1,23,23,0,21.2
2014,1,24,0,0,21.1
2014,1,24,1,0,21.1
2014,1,24,2,0,21.1
2014,1,24,3,0,21
2014,1,24,4,0,21
2014,1,24,5,33,21.4
2014,1,24,6,120,22.3
2014,1,24,7,244,23.2
2014,1,24,8,370,23.9
2014,1,24,9,493,24.2
2014,1,24,10,410,24.8
2014,1,24,11,523,25.5
2014,1,24,12,639,26.3
2014,1,24,13,576,26.5
2014,1,24,14,316,26.3
2014,1,24,15,252,25.6
2014,1,24,16,185,24.5
2014,1,24,17,82,23.4
2014,1,24,18,22,22.8
2014,1,24,19,0,22.5
2014,1,24,20,0,22.4
2014,1,24,21,0,22.3
2014,1,24,22,0,22.2
2014,1,24,23,0,22.1
2014,1,25,0,0,21.8
2014,1,25,1,0,21.3
2014,1,25,2,0,20.7
2014,1,25,3,0,20.2
2014,1,25,4,0,20
2014,1,25,5,33,20.5
2014,1,25,6,216,21.4
2014,1,25,7,441,22
2014,1,25,8,362,22.3
2014,1,25,9,845,22.3
2014,1,25,10,981,22.3
2014,1,25,11,1054,22.1
2014,1,25,12,1064,22
2014,1,25,13,1009,21.9
2014,1,25,14,497,21.6
2014,1,25,15,364,21.4
2014,1,25,16,139,21
2014,1,25,17,92,20.5
2014,1,25,18,20,20
2014,1,25,19,0,19.7
2014,1,25,20,0,19.6
2014,1,25,21,0,19.4
2014,1,25,22,0,19.3
2014,1,25,23,0,19.1
2014,1,26,0,0,18.9
2014,1,26,1,0,18.7
2014,1,26,2,0,18.4
2014,1,26,3,0,18.1
2014,1,26,4,0,18
2014,1,26,5,3,18.6
2014,1,26,6,14,19.5
2014,1,26,7,434,20.2
2014,1,26,8,649,20.8
2014,1,26,9,270,21.1
2014,1,26,10,373,21.6
2014,1,26,11,111,21.9
2014,1,26,12,247,22
2014,1,26,13,329,22
2014,1,26,14,872,21.9
2014,1,26,15,703,21.6
2014,1,26,16,495,21.3
2014,1,26,17,272,20.7
2014,1,26,18,70,20.1
2014,1,26,19,0,19.6
2014,1,26,20,0,19.5
2014,1,26,21,0,19.4
2014,1,26,22,0,19.3
2014,1,26,23,0,19.1
2014,1,27,0,0,19
2014,1,27,1,0,18.8
2014,1,27,2,0,18.7
2014,1,27,3,0,18.6
2014,1,27,4,0,18.7
2014,1,27,5,33,19.6
2014,1,27,6,224,21
2014,1,27,7,452,22.1
2014,1,27,8,667,23
2014,1,27,9,582,23.5
2014,1,27,10,987,24.5
2014,1,27,11,1062,24.9
2014,1,27,12,1069,25
2014,1,27,13,1011,24.9
2014,1,27,14,888,24.6
2014,1,27,15,713,24.1
2014,1,27,16,504,23.5
2014,1,27,17,275,22.7
2014,1,27,18,68,22
2014,1,27,19,0,21.6
2014,1,27,20,0,21.4
2014,1,27,21,0,21.2
2014,1,27,22,0,21
2014,1,27,23,0,20.8
2014,1,28,0,0,20.6
2014,1,28,1,0,20.3
2014,1,28,2,0,20
2014,1,28,3,0,19.7
2014,1,28,4,0,19.7
2014,1,28,5,31,20.4
2014,1,28,6,222,21.8
2014,1,28,7,451,23.2
2014,1,28,8,671,24.2
2014,1,28,9,857,24.6
2014,1,28,10,992,25.6
2014,1,28,11,1067,25.9
2014,1,28,12,1075,26.1
2014,1,28,13,1017,26.1
2014,1,28,14,897,25.9
2014,1,28,15,720,25.5
2014,1,28,16,506,24.8
2014,1,28,17,276,24
2014,1,28,18,68,23.1
2014,1,28,19,0,22.5
2014,1,28,20,0,22.3
2014,1,28,21,0,22
2014,1,28,22,0,21.8
2014,1,28,23,0,21.4
2014,1,29,0,0,21.1
2014,1,29,1,0,20.7
2014,1,29,2,0,20.4
2014,1,29,3,0,20.1
2014,1,29,4,0,20
2014,1,29,5,26,20.7
2014,1,29,6,209,22
2014,1,29,7,436,23.5
2014,1,29,8,655,25.1
2014,1,29,9,844,25.9
2014,1,29,10,982,27.6
2014,1,29,11,1062,28.2
2014,1,29,12,1074,28.4
2014,1,29,13,1016,28.3
2014,1,29,14,897,27.9
2014,1,29,15,721,27.3
2014,1,29,16,508,26.4
2014,1,29,17,276,25.2
2014,1,29,18,67,23.9
2014,1,29,19,0,23
2014,1,29,20,0,22.4
2014,1,29,21,0,22
2014,1,29,22,0,21.7
2014,1,29,23,0,21.3
2014,1,30,0,0,21
2014,1,30,1,0,20.8
2014,1,30,2,0,20.7
2014,1,30,3,0,20.7
2014,1,30,4,0,21
2014,1,30,5,25,22
2014,1,30,6,211,23.2
2014,1,30,7,440,24.1
2014,1,30,8,661,24.9
2014,1,30,9,851,25.3
2014,1,30,10,989,26.3
2014,1,30,11,1066,26.7
2014,1,30,12,1075,27
2014,1,30,13,1017,27
2014,1,30,14,892,26.7
2014,1,30,15,716,26.2
2014,1,30,16,500,25.4
2014,1,30,17,271,24.4
2014,1,30,18,64,23.4
2014,1,30,19,0,22.8
2014,1,30,20,0,22.4
2014,1,30,21,0,22.2
2014,1,30,22,0,21.8
2014,1,30,23,0,21.5
2014,1,31,0,0,21.1
2014,1,31,1,0,20.7
2014,1,31,2,0,20.4
2014,1,31,3,0,20.1
2014,1,31,4,0,20.1
2014,1,31,5,24,20.8
2014,1,31,6,207,22.1
2014,1,31,7,432,23.7
2014,1,31,8,650,25.2
2014,1,31,9,833,25.9
2014,1,31,10,969,27.7
2014,1,31,11,1042,28.5
2014,1,31,12,1049,28.9
2014,1,31,13,991,29
2014,1,31,14,869,28.7
2014,1,31,15,696,28.2
2014,1,31,16,488,27.3
2014,1,31,17,262,25.9
2014,1,31,18,60,24.4
2014,1,31,19,0,23.4
2014,1,31,20,0,22.9
2014,1,31,21,0,22.5
2014,1,31,22,0,22.2
2014,1,31,23,0,21.9
2014,2,1,0,0,21.8
2014,2,1,1,0,21.7
2014,2,1,2,0,21.7
2014,2,1,3,0,21.7
2014,2,1,4,0,21.8
2014,2,1,5,17,22.3
2014,2,1,6,184,23
2014,2,1,7,402,23.8
2014,2,1,8,617,24.5
2014,2,1,9,802,24.9
2014,2,1,10,942,25.7
2014,2,1,11,1018,25.9
2014,2,1,12,1028,25.9
2014,2,1,13,977,25.7
2014,2,1,14,859,25.4
2014,2,1,15,690,24.9
2014,2,1,16,482,24.2
2014,2,1,17,259,23.3
2014,2,1,18,58,22.4
2014,2,1,19,0,21.8
2014,2,1,20,0,21.5
2014,2,1,21,0,21.3
2014,2,1,22,0,21.1
2014,2,1,23,0,21
2014,2,2,0,0,21
2014,2,2,1,0,21
2014,2,2,2,0,21.1
2014,2,2,3,0,21.1
2014,2,2,4,0,21.3
2014,2,2,5,17,22
2014,2,2,6,186,23.1
2014,2,2,7,406,24
2014,2,2,8,622,24.9
2014,2,2,9,809,25.3
2014,2,2,10,953,26.1
2014,2,2,11,1032,26.4
2014,2,2,12,1041,26.4
2014,2,2,13,993,26.2
2014,2,2,14,873,25.8
2014,2,2,15,700,25.2
2014,2,2,16,489,24.5
2014,2,2,17,262,23.7
2014,2,2,18,58,23
2014,2,2,19,0,22.5
2014,2,2,20,0,22.2
2014,2,2,21,0,22
2014,2,2,22,0,21.7
2014,2,2,23,0,21.5
2014,2,3,0,0,21.3
2014,2,3,1,0,21.1
2014,2,3,2,0,21
2014,2,3,3,0,21
2014,2,3,4,0,21
2014,2,3,5,17,21.5
2014,2,3,6,191,22.5
2014,2,3,7,418,23.5
2014,2,3,8,642,24.4
2014,2,3,9,833,24.8
2014,2,3,10,979,26
2014,2,3,11,1057,26.6
2014,2,3,12,1066,26.9
2014,2,3,13,1005,26.9
2014,2,3,14,879,26.5
2014,2,3,15,698,25.9
2014,2,3,16,484,25
2014,2,3,17,254,23.9
2014,2,3,18,53,22.9
2014,2,3,19,0,22.4
2014,2,3,20,0,22.2
2014,2,3,21,0,22.1
2014,2,3,22,0,21.9
2014,2,3,23,0,21.7
2014,2,4,0,0,21.4
2014,2,4,1,0,21
2014,2,4,2,0,20.8
2014,2,4,3,0,20.8
2014,2,4,4,0,20.9
2014,2,4,5,12,21.6
2014,2,4,6,168,22.6
2014,2,4,7,188,23.4
2014,2,4,8,258,23.8
2014,2,4,9,65,24
2014,2,4,10,287,23.5
2014,2,4,11,224,22.9
2014,2,4,12,209,22.3
2014,2,4,13,183,21.9
2014,2,4,14,238,21.5
2014,2,4,15,227,21.1
2014,2,4,16,78,20.6
2014,2,4,17,67,20.2
2014,2,4,18,8,20
2014,2,4,19,0,19.9
2014,2,4,20,0,19.8
2014,2,4,21,0,19.7
2014,2,4,22,0,19.6
2014,2,4,23,0,19.4
2014,2,5,0,0,19.2
2014,2,5,1,0,19
2014,2,5,2,0,18.9
2014,2,5,3,0,18.8
2014,2,5,4,0,18.9
2014,2,5,5,6,19.2
2014,2,5,6,110,19.7
2014,2,5,7,273,20.1
2014,2,5,8,379,20.7
2014,2,5,9,394,21
2014,2,5,10,627,21.6
2014,2,5,11,659,21.8
2014,2,5,12,699,21.8
2014,2,5,13,664,21.7
2014,2,5,14,569,21.5
2014,2,5,15,318,21.2
2014,2,5,16,172,20.8
2014,2,5,17,96,20.3
2014,2,5,18,17,19.8
2014,2,5,19,0,19.6
2014,2,5,20,0,19.5
2014,2,5,21,0,19.5
2014,2,5,22,0,19.5
2014,2,5,23,0,19.5
2014,2,6,0,0,19.4
2014,2,6,1,0,19.4
2014,2,6,2,0,19.2
2014,2,6,3,0,19.2
2014,2,6,4,0,19.2
2014,2,6,5,2,19.4
2014,2,6,6,34,19.8
2014,2,6,7,90,20.2
2014,2,6,8,134,20.7
2014,2,6,9,265,21
2014,2,6,10,210,21.9
2014,2,6,11,1034,22.3
2014,2,6,12,180,22.6
2014,2,6,13,712,22.7
2014,2,6,14,868,22.5
2014,2,6,15,694,22.1
2014,2,6,16,482,21.5
2014,2,6,17,192,20.7
2014,2,6,18,52,20
2014,2,6,19,0,19.6
2014,2,6,20,0,19.4
2014,2,6,21,0,19.2
2014,2,6,22,0,19
2014,2,6,23,0,18.8
2014,2,7,0,0,18.7
2014,2,7,1,0,18.5
2014,2,7,2,0,18.4
2014,2,7,3,0,18.2
2014,2,7,4,0,18
2014,2,7,5,4,18.6
2014,2,7,6,186,19.8
2014,2,7,7,414,21.1
2014,2,7,8,635,22.3
2014,2,7,9,824,22.8
2014,2,7,10,966,24.4
2014,2,7,11,1043,25.1
2014,2,7,12,1052,25.5
2014,2,7,13,993,25.5
2014,2,7,14,868,25.2
2014,2,7,15,692,24.7
2014,2,7,16,479,24
2014,2,7,17,250,23
2014,2,7,18,48,22
2014,2,7,19,0,21.4
2014,2,7,20,0,21.1
2014,2,7,21,0,20.9
2014,2,7,22,0,20.7
2014,2,7,23,0,20.5
2014,2,8,0,0,20.3
2014,2,8,1,0,20
2014,2,8,2,0,19.7
2014,2,8,3,0,19.4
2014,2,8,4,0,19.2
2014,2,8,5,0,19.8
2014,2,8,6,175,21.4
2014,2,8,7,399,23.2
2014,2,8,8,617,24.6
2014,2,8,9,804,25.2
2014,2,8,10,939,26.5
2014,2,8,11,1016,27
2014,2,8,12,1026,27.2
2014,2,8,13,980,27
2014,2,8,14,860,26.6
2014,2,8,15,685,26.1
2014,2,8,16,473,25.3
2014,2,8,17,245,24.2
2014,2,8,18,46,23.1
2014,2,8,19,0,22.4
2014,2,8,20,0,22
2014,2,8,21,0,21.7
2014,2,8,22,0,21.5
2014,2,8,23,0,21.3
2014,2,9,0,0,21.1
2014,2,9,1,0,20.8
2014,2,9,2,0,20.5
2014,2,9,3,0,20.3
2014,2,9,4,0,20.3
2014,2,9,5,0,20.9
2014,2,9,6,178,22.3
2014,2,9,7,406,23.5
2014,2,9,8,630,24.7
2014,2,9,9,821,25.2
2014,2,9,10,964,26.7
2014,2,9,11,1042,27.4
2014,2,9,12,1052,27.7
2014,2,9,13,997,27.7
2014,2,9,14,873,27.3
2014,2,9,15,692,26.6
2014,2,9,16,471,25.5
2014,2,9,17,240,24.3
2014,2,9,18,42,23.2
2014,2,9,19,0,22.6
2014,2,9,20,0,22.3
2014,2,9,21,0,22
2014,2,9,22,0,21.8
2014,2,9,23,0,21.6
2014,2,10,0,0,21.3
2014,2,10,1,0,20.9
2014,2,10,2,0,20.5
2014,2,10,3,0,20.4
2014,2,10,4,0,20.7
2014,2,10,5,0,21.5
2014,2,10,6,157,22.6
2014,2,10,7,372,23.5
2014,2,10,8,586,24.2
2014,2,10,9,772,24.5
2014,2,10,10,921,25.1
2014,2,10,11,995,25.3
2014,2,10,12,1005,25.1
2014,2,10,13,953,24.8
2014,2,10,14,833,24.3
2014,2,10,15,659,23.7
2014,2,10,16,448,23
2014,2,10,17,224,22.2
2014,2,10,18,37,21.6
2014,2,10,19,0,21.2
2014,2,10,20,0,21
2014,2,10,21,0,20.7
2014,2,10,22,0,20.6
2014,2,10,23,0,20.5
2014,2,11,0,0,20.4
2014,2,11,1,0,20.3
2014,2,11,2,0,20.3
2014,2,11,3,0,20.3
2014,2,11,4,0,20.3
2014,2,11,5,0,20.7
2014,2,11,6,144,21.4
2014,2,11,7,354,22.1
2014,2,11,8,566,22.9
2014,2,11,9,749,23.3
2014,2,11,10,896,24.4
2014,2,11,11,971,24.8
2014,2,11,12,984,25
2014,2,11,13,942,24.8
2014,2,11,14,818,24.3
2014,2,11,15,642,23.6
2014,2,11,16,431,22.8
2014,2,11,17,212,22.1
2014,2,11,18,32,21.6
2014,2,11,19,0,21.5
2014,2,11,20,0,21.5
2014,2,11,21,0,21.5
2014,2,11,22,0,21.5
2014,2,11,23,0,21.5
2014,2,12,0,0,21.5
2014,2,12,1,0,21.5
2014,2,12,2,0,21.4
2014,2,12,3,0,21.4
2014,2,12,4,0,21.5
2014,2,12,5,0,22
2014,2,12,6,150,22.9
2014,2,12,7,365,23.7
2014,2,12,8,578,24.5
2014,2,12,9,763,24.9
2014,2,12,10,562,25.6
2014,2,12,11,975,25.7
2014,2,12,12,986,25.5
2014,2,12,13,925,25.3
2014,2,12,14,644,25
2014,2,12,15,633,24.5
2014,2,12,16,302,23.9
2014,2,12,17,128,23.2
2014,2,12,18,29,22.6
2014,2,12,19,0,22.3
2014,2,12,20,0,22.2
2014,2,12,21,0,22.1
2014,2,12,22,0,22
2014,2,12,23,0,21.9
2014,2,13,0,0,21.9
2014,2,13,1,0,21.8
2014,2,13,2,0,21.8
2014,2,13,3,0,21.7
2014,2,13,4,0,21.7
2014,2,13,5,0,22.1
2014,2,13,6,148,23
2014,2,13,7,363,24.1
2014,2,13,8,575,24.9
2014,2,13,9,757,25.2
2014,2,13,10,878,26.1
2014,2,13,11,801,26.2
2014,2,13,12,648,26.1
2014,2,13,13,743,25.9
2014,2,13,14,390,25.5
2014,2,13,15,386,24.9
2014,2,13,16,161,24.1
2014,2,13,17,129,23.5
2014,2,13,18,20,23.1
2014,2,13,19,0,22.9
2014,2,13,20,0,22.9
2014,2,13,21,0,22.7
2014,2,13,22,0,22.6
2014,2,13,23,0,22.5
2014,2,14,0,0,22.3
2014,2,14,1,0,22.1
2014,2,14,2,0,22
2014,2,14,3,0,21.9
2014,2,14,4,0,21.8
2014,2,14,5,0,21.7
2014,2,14,6,45,21.8
2014,2,14,7,122,21.9
2014,2,14,8,56,22.2
2014,2,14,9,250,22.4
2014,2,14,10,153,22.9
2014,2,14,11,210,23.5
2014,2,14,12,339,23.9
2014,2,14,13,384,24.1
2014,2,14,14,340,24
2014,2,14,15,385,23.4
2014,2,14,16,143,22.7
2014,2,14,17,103,22
2014,2,14,18,16,21.7
2014,2,14,19,0,21.6
2014,2,14,20,0,21.7
2014,2,14,21,0,21.7
2014,2,14,22,0,21.7
2014,2,14,23,0,21.6
2014,2,15,0,0,21.5
2014,2,15,1,0,21.5
2014,2,15,2,0,21.5
2014,2,15,3,0,21.5
2014,2,15,4,0,21.6
2014,2,15,5,0,21.7
2014,2,15,6,32,21.9
2014,2,15,7,136,22.2
2014,2,15,8,243,22.6
2014,2,15,9,347,22.9
2014,2,15,10,319,23.8
2014,2,15,11,362,24.3
2014,2,15,12,324,25
2014,2,15,13,406,25.8
2014,2,15,14,201,26.3
2014,2,15,15,328,26.1
2014,2,15,16,197,25.3
2014,2,15,17,84,24.2
2014,2,15,18,13,23.6
2014,2,15,19,0,23.5
2014,2,15,20,0,23.4
2014,2,15,21,0,23.3
2014,2,15,22,0,23.2
2014,2,15,23,0,23.2
2014,2,16,0,0,23.1
2014,2,16,1,0,23.1
2014,2,16,2,0,23.3
2014,2,16,3,0,23.4
2014,2,16,4,0,23.6
2014,2,16,5,0,23.9
2014,2,16,6,16,24.3
2014,2,16,7,39,24.2
2014,2,16,8,32,24.5
2014,2,16,9,188,24.8
2014,2,16,10,108,25.2
2014,2,16,11,116,24.8
2014,2,16,12,154,24.2
2014,2,16,13,179,23.5
2014,2,16,14,144,22.9
2014,2,16,15,107,22.5
2014,2,16,16,87,22.1
2014,2,16,17,37,21.5
2014,2,16,18,7,21.1
2014,2,16,19,0,20.9
2014,2,16,20,0,20.6
2014,2,16,21,0,20.4
2014,2,16,22,0,20.1
2014,2,16,23,0,20
2014,2,17,0,0,19.9
2014,2,17,1,0,19.8
2014,2,17,2,0,19.7
2014,2,17,3,0,19.7
2014,2,17,4,0,19.6
2014,2,17,5,0,19.8
2014,2,17,6,80,20.4
2014,2,17,7,350,21.1
2014,2,17,8,398,21.9
2014,2,17,9,756,22.3
2014,2,17,10,907,23
2014,2,17,11,988,23.1
2014,2,17,12,999,23.1
2014,2,17,13,932,23
2014,2,17,14,812,22.9
2014,2,17,15,639,22.6
2014,2,17,16,430,22.1
2014,2,17,17,208,21.5
2014,2,17,18,25,20.9
2014,2,17,19,0,20.5
2014,2,17,20,0,20.3
2014,2,17,21,0,20.2
2014,2,17,22,0,20.1
2014,2,17,23,0,20
2014,2,18,0,0,19.9
2014,2,18,1,0,19.9
2014,2,18,2,0,19.8
2014,2,18,3,0,19.9
2014,2,18,4,0,20
2014,2,18,5,0,20.5
2014,2,18,6,28,21.4
2014,2,18,7,83,22
2014,2,18,8,73,22.6
2014,2,18,9,72,22.9
2014,2,18,10,332,23.6
2014,2,18,11,948,23.9
2014,2,18,12,959,24.2
2014,2,18,13,919,24.3
2014,2,18,14,797,24.2
2014,2,18,15,625,23.8
2014,2,18,16,418,23.2
2014,2,18,17,198,22.4
2014,2,18,18,22,21.8
2014,2,18,19,0,21.5
2014,2,18,20,0,21.5
2014,2,18,21,0,21.5
2014,2,18,22,0,21.4
2014,2,18,23,0,21.4
2014,2,19,0,0,21.4
2014,2,19,1,0,21.4
2014,2,19,2,0,21.5
2014,2,19,3,0,21.6
2014,2,19,4,0,21.8
2014,2,19,5,0,22.4
2014,2,19,6,129,23.4
2014,2,19,7,273,24.6
2014,2,19,8,479,25.9
2014,2,19,9,510,26.6
2014,2,19,10,222,28
2014,2,19,11,403,28.4
2014,2,19,12,448,28.3
2014,2,19,13,120,27.5
2014,2,19,14,124,26.4
2014,2,19,15,123,25.6
2014,2,19,16,25,25.1
2014,2,19,17,11,24.5
2014,2,19,18,3,24
2014,2,19,19,0,23.9
2014,2,19,20,0,23.8
2014,2,19,21,0,23.7
2014,2,19,22,0,23.7
2014,2,19,23,0,23.5
2014,2,20,0,0,23.3
2014,2,20,1,0,23.1
2014,2,20,2,0,22.8
2014,2,20,3,0,22.3
2014,2,20,4,0,21.8
2014,2,20,5,0,21.5
2014,2,20,6,9,21.5
2014,2,20,7,372,21.9
2014,2,20,8,595,22.7
2014,2,20,9,788,23.2
2014,2,20,10,931,25
2014,2,20,11,1006,26.1
2014,2,20,12,1016,26.8
2014,2,20,13,958,26.9
2014,2,20,14,834,26.4
2014,2,20,15,656,25.6
2014,2,20,16,438,24.4
2014,2,20,17,207,22.7
2014,2,20,18,20,21.4
2014,2,20,19,0,20.9
2014,2,20,20,0,20.7
2014,2,20,21,0,20.8
2014,2,20,22,0,20.8
2014,2,20,23,0,20.6
2014,2,21,0,0,20.3
2014,2,21,1,0,19.7
2014,2,21,2,0,19.2
2014,2,21,3,0,18.6
2014,2,21,4,0,18.1
2014,2,21,5,0,18.3
2014,2,21,6,150,19.3
2014,2,21,7,380,20.8
2014,2,21,8,605,22.1
2014,2,21,9,798,22.6
2014,2,21,10,937,23.7
2014,2,21,11,1015,24.2
2014,2,21,12,1020,24.3
2014,2,21,13,957,24.1
2014,2,21,14,828,23.6
2014,2,21,15,646,22.9
2014,2,21,16,429,22.2
2014,2,21,17,199,21.4
2014,2,21,18,18,20.7
2014,2,21,19,0,20.4
2014,2,21,20,0,20.2
2014,2,21,21,0,20
2014,2,21,22,0,19.8
2014,2,21,23,0,19.6
2014,2,22,0,0,19.4
2014,2,22,1,0,19.3
2014,2,22,2,0,19.3
2014,2,22,3,0,19.3
2014,2,22,4,0,19.4
2014,2,22,5,0,19.9
2014,2,22,6,35,20.7
2014,2,22,7,110,21.3
2014,2,22,8,399,21.9
2014,2,22,9,744,22.2
2014,2,22,10,888,22.8
2014,2,22,11,964,23.1
2014,2,22,12,974,23.2
2014,2,22,13,920,23
2014,2,22,14,796,22.6
2014,2,22,15,623,22.1
2014,2,22,16,410,21.4
2014,2,22,17,187,20.6
2014,2,22,18,7,20
2014,2,22,19,0,19.8
2014,2,22,20,0,19.7
2014,2,22,21,0,19.7
2014,2,22,22,0,19.6
2014,2,22,23,0,19.4
2014,2,23,0,0,19.4
2014,2,23,1,0,19.4
2014,2,23,2,0,19.5
2014,2,23,3,0,19.6
2014,2,23,4,0,19.8
2014,2,23,5,0,20.3
2014,2,23,6,69,20.9
2014,2,23,7,348,21.5
2014,2,23,8,567,22
2014,2,23,9,757,22.1
2014,2,23,10,894,22.6
2014,2,23,11,973,22.9
2014,2,23,12,983,23.2
2014,2,23,13,924,23.2
2014,2,23,14,801,22.9
2014,2,23,15,423,22.5
2014,2,23,16,416,21.9
2014,2,23,17,104,21.1
2014,2,23,18,15,20.4
2014,2,23,19,0,20
2014,2,23,20,0,19.9
2014,2,23,21,0,19.8
2014,2,23,22,0,19.8
2014,2,23,23,0,19.9
2014,2,24,0,0,20
2014,2,24,1,0,20.1
2014,2,24,2,0,20
2014,2,24,3,0,20
2014,2,24,4,0,19.9
2014,2,24,5,0,20
2014,2,24,6,130,20.8
2014,2,24,7,352,21.9
2014,2,24,8,571,23
2014,2,24,9,760,23.6
2014,2,24,10,897,24.8
2014,2,24,11,974,25.2
2014,2,24,12,984,25.4
2014,2,24,13,927,25.4
2014,2,24,14,801,25
2014,2,24,15,624,24.5
2014,2,24,16,412,23.8
2014,2,24,17,187,22.9
2014,2,24,18,13,22.1
2014,2,24,19,0,21.7
2014,2,24,20,0,21.5
2014,2,24,21,0,21.3
2014,2,24,22,0,21.1
2014,2,24,23,0,20.9
2014,2,25,0,0,20.7
2014,2,25,1,0,20.4
2014,2,25,2,0,20.2
2014,2,25,3,0,20.1
2014,2,25,4,0,20
2014,2,25,5,0,20.5
2014,2,25,6,127,21.7
2014,2,25,7,347,22.9
2014,2,25,8,565,23.9
2014,2,25,9,754,24.3
2014,2,25,10,895,25.3
2014,2,25,11,971,25.7
2014,2,25,12,982,26
2014,2,25,13,923,26
2014,2,25,14,799,25.8
2014,2,25,15,621,25.3
2014,2,25,16,407,24.5
2014,2,25,17,182,23.6
2014,2,25,18,0,22.7
2014,2,25,19,0,22.3
2014,2,25,20,0,22.1
2014,2,25,21,0,21.9
2014,2,25,22,0,21.7
2014,2,25,23,0,21.5
2014,2,26,0,0,21.2
2014,2,26,1,0,20.9
2014,2,26,2,0,20.7
2014,2,26,3,0,20.4
2014,2,26,4,0,20.2
2014,2,26,5,0,20.5
2014,2,26,6,79,21.7
2014,2,26,7,234,23.4
2014,2,26,8,284,25.2
2014,2,26,9,731,26.1
2014,2,26,10,580,28.9
2014,2,26,11,553,29.9
2014,2,26,12,937,29.9
2014,2,26,13,683,29.1
2014,2,26,14,395,27.8
2014,2,26,15,218,26.6
2014,2,26,16,195,25.5
2014,2,26,17,76,24.2
2014,2,26,18,0,23.2
2014,2,26,19,0,22.8
2014,2,26,20,0,22.6
2014,2,26,21,0,22.5
2014,2,26,22,0,22.4
2014,2,26,23,0,22.3
2014,2,27,0,0,22.1
2014,2,27,1,0,22
2014,2,27,2,0,22
2014,2,27,3,0,21.8
2014,2,27,4,0,21.7
2014,2,27,5,0,21.7
2014,2,27,6,105,21.9
2014,2,27,7,309,22.1
2014,2,27,8,239,22.5
2014,2,27,9,116,22.7
2014,2,27,10,86,22.7
2014,2,27,11,186,22.5
2014,2,27,12,891,22.1
2014,2,27,13,846,21.9
2014,2,27,14,728,21.6
2014,2,27,15,140,21.2
2014,2,27,16,47,20.8
2014,2,27,17,18,20.3
2014,2,27,18,0,20
2014,2,27,19,0,19.9
2014,2,27,20,0,20
2014,2,27,21,0,19.9
2014,2,27,22,0,19.9
2014,2,27,23,0,19.8
2014,2,28,0,0,19.8
2014,2,28,1,0,19.8
2014,2,28,2,0,19.9
2014,2,28,3,0,20
2014,2,28,4,0,20
2014,2,28,5,0,20.2
2014,2,28,6,5,20.4
2014,2,28,7,12,20.6
2014,2,28,8,24,20.8
2014,2,28,9,97,20.9
2014,2,28,10,65,21.1
2014,2,28,11,95,21
2014,2,28,12,269,21
2014,2,28,13,169,21
2014,2,28,14,148,21
2014,2,28,15,125,21
2014,2,28,16,167,20.9
2014,2,28,17,63,20.8
2014,2,28,18,0,20.5
2014,2,28,19,0,20.4
2014,2,28,20,0,20.3
2014,2,28,21,0,20.2
2014,2,28,22,0,20.1
2014,2,28,23,0,20
2014,3,1,0,0,19.9
2014,3,1,1,0,19.8
2014,3,1,2,0,19.8
2014,3,1,3,0,19.8
2014,3,1,4,0,19.9
2014,3,1,5,0,20.3
2014,3,1,6,6,20.9
2014,3,1,7,12,21.4
2014,3,1,8,76,21.8
2014,3,1,9,118,22.1
2014,3,1,10,97,22.8
2014,3,1,11,392,23
2014,3,1,12,437,23
2014,3,1,13,410,22.8
2014,3,1,14,58,22.4
2014,3,1,15,268,21.8
2014,3,1,16,115,21.2
2014,3,1,17,14,20.7
2014,3,1,18,0,20.3
2014,3,1,19,0,20
2014,3,1,20,0,19.9
2014,3,1,21,0,19.8
2014,3,1,22,0,19.8
2014,3,1,23,0,19.9
2014,3,2,0,0,19.9
2014,3,2,1,0,19.8
2014,3,2,2,0,19.7
2014,3,2,3,0,19.5
2014,3,2,4,0,19.4
2014,3,2,5,0,19.5
2014,3,2,6,25,19.6
2014,3,2,7,85,19.8
2014,3,2,8,106,19.9
2014,3,2,9,144,19.9
2014,3,2,10,431,20.5
2014,3,2,11,546,21.1
2014,3,2,12,297,21.8
2014,3,2,13,367,22.3
2014,3,2,14,181,22.5
2014,3,2,15,355,22.6
2014,3,2,16,183,22.4
2014,3,2,17,65,21.8
2014,3,2,18,0,21.2
2014,3,2,19,0,21
2014,3,2,20,0,20.9
2014,3,2,21,0,21
2014,3,2,22,0,21.1
2014,3,2,23,0,21.1
2014,3,3,0,0,21.1
2014,3,3,1,0,21
2014,3,3,2,0,20.8
2014,3,3,3,0,20.7
2014,3,3,4,0,20.6
2014,3,3,5,0,20.8
2014,3,3,6,109,21.4
2014,3,3,7,324,22
2014,3,3,8,190,22.6
2014,3,3,9,725,22.9
2014,3,3,10,860,23.6
2014,3,3,11,680,23.9
2014,3,3,12,130,24
2014,3,3,13,177,23.8
2014,3,3,14,372,23.5
2014,3,3,15,235,23
2014,3,3,16,158,22.4
2014,3,3,17,55,21.8
2014,3,3,18,0,21.2
2014,3,3,19,0,21
2014,3,3,20,0,20.9
2014,3,3,21,0,20.9
2014,3,3,22,0,20.9
2014,3,3,23,0,20.9
2014,3,4,0,0,20.9
2014,3,4,1,0,20.8
2014,3,4,2,0,20.6
2014,3,4,3,0,20.5
2014,3,4,4,0,20.4
2014,3,4,5,0,20.7
2014,3,4,6,35,21.3
2014,3,4,7,325,21.9
2014,3,4,8,240,22.6
2014,3,4,9,174,22.9
2014,3,4,10,850,23.9
2014,3,4,11,282,24.3
2014,3,4,12,285,24.5
2014,3,4,13,393,24.4
2014,3,4,14,527,24.2
2014,3,4,15,579,23.9
2014,3,4,16,367,23.4
2014,3,4,17,149,22.5
2014,3,4,18,0,21.8
2014,3,4,19,0,21.4
2014,3,4,20,0,21.1
2014,3,4,21,0,20.9
2014,3,4,22,0,20.6
2014,3,4,23,0,20.3
2014,3,5,0,0,20
2014,3,5,1,0,19.7
2014,3,5,2,0,19.4
2014,3,5,3,0,19.3
2014,3,5,4,0,19.1
2014,3,5,5,0,19.5
2014,3,5,6,102,20.6
2014,3,5,7,314,22.1
2014,3,5,8,528,23.6
2014,3,5,9,712,24.3
2014,3,5,10,848,25.8
2014,3,5,11,919,26.5
2014,3,5,12,921,27
2014,3,5,13,717,27.2
2014,3,5,14,362,27.1
2014,3,5,15,25,26.6
2014,3,5,16,262,25.7
2014,3,5,17,98,24.7
2014,3,5,18,0,23.9
2014,3,5,19,0,23.3
2014,3,5,20,0,22.8
2014,3,5,21,0,22.4
2014,3,5,22,0,22.1
2014,3,5,23,0,21.8
2014,3,6,0,0,21.6
2014,3,6,1,0,21.3
2014,3,6,2,0,21.1
2014,3,6,3,0,21
2014,3,6,4,0,21
2014,3,6,5,0,21.5
2014,3,6,6,89,22.1
2014,3,6,7,287,22.6
2014,3,6,8,317,23
2014,3,6,9,668,23.3
2014,3,6,10,793,23.7
2014,3,6,11,866,23.9
2014,3,6,12,876,23.9
2014,3,6,13,626,23.8
2014,3,6,14,703,23.7
2014,3,6,15,422,23.5
2014,3,6,16,184,23.3
2014,3,6,17,65,22.9
2014,3,6,18,0,22.6
2014,3,6,19,0,22.5
2014,3,6,20,0,22.7
2014,3,6,21,0,22.7
2014,3,6,22,0,22.6
2014,3,6,23,0,22.3
2014,3,7,0,0,21.9
2014,3,7,1,0,21.7
2014,3,7,2,0,21.4
2014,3,7,3,0,21.2
2014,3,7,4,0,21
2014,3,7,5,0,21.1
2014,3,7,6,88,21.9
2014,3,7,7,290,23.1
2014,3,7,8,499,24.2
2014,3,7,9,679,24.7
2014,3,7,10,815,25.6
2014,3,7,11,888,25.8
2014,3,7,12,895,25.8
2014,3,7,13,628,25.6
2014,3,7,14,422,25.3
2014,3,7,15,26,24.9
2014,3,7,16,133,24.3
2014,3,7,17,46,23.7
2014,3,7,18,0,23.2
2014,3,7,19,0,22.9
2014,3,7,20,0,22.7
2014,3,7,21,0,22.4
2014,3,7,22,0,22.1
2014,3,7,23,0,21.9
2014,3,8,0,0,21.7
2014,3,8,1,0,21.5
2014,3,8,2,0,21.4
2014,3,8,3,0,21.3
2014,3,8,4,0,21.2
2014,3,8,5,0,21.5
2014,3,8,6,12,22.3
2014,3,8,7,43,23.1
2014,3,8,8,518,23.9
2014,3,8,9,502,24.3
2014,3,8,10,831,25.1
2014,3,8,11,905,25.5
2014,3,8,12,912,25.7
2014,3,8,13,857,25.7
2014,3,8,14,734,25.4
2014,3,8,15,557,25
2014,3,8,16,348,24.3
2014,3,8,17,132,23.4
2014,3,8,18,0,22.6
2014,3,8,19,0,22.2
2014,3,8,20,0,22
2014,3,8,21,0,21.8
2014,3,8,22,0,21.7
2014,3,8,23,0,21.7
2014,3,9,0,0,21.7
2014,3,9,1,0,21.7
2014,3,9,2,0,21.7
2014,3,9,3,0,21.6
2014,3,9,4,0,21.4
2014,3,9,5,0,21.5
2014,3,9,6,71,22.1
2014,3,9,7,302,23
2014,3,9,8,515,23.7
2014,3,9,9,698,24.1
2014,3,9,10,835,24.9
2014,3,9,11,773,25.3
2014,3,9,12,913,25.5
2014,3,9,13,853,25.4
2014,3,9,14,729,25.2
2014,3,9,15,552,24.8
2014,3,9,16,344,24.3
2014,3,9,17,128,23.5
2014,3,9,18,0,22.9
2014,3,9,19,0,22.7
2014,3,9,20,0,22.5
2014,3,9,21,0,22.3
2014,3,9,22,0,22.1
2014,3,9,23,0,21.9
2014,3,10,0,0,21.7
2014,3,10,1,0,21.6
2014,3,10,2,0,21.5
2014,3,10,3,0,21.4
2014,3,10,4,0,21.2
2014,3,10,5,0,21.4
2014,3,10,6,91,22.3
2014,3,10,7,301,23.4
2014,3,10,8,513,24.3
2014,3,10,9,695,24.7
2014,3,10,10,828,25.7
2014,3,10,11,901,26
2014,3,10,12,906,26.2
2014,3,10,13,846,26.1
2014,3,10,14,722,25.9
2014,3,10,15,546,25.5
2014,3,10,16,337,24.9
2014,3,10,17,124,24
2014,3,10,18,0,23.3
2014,3,10,19,0,23
2014,3,10,20,0,22.7
2014,3,10,21,0,22.4
2014,3,10,22,0,22.1
2014,3,10,23,0,21.8
2014,3,11,0,0,21.5
2014,3,11,1,0,21.3
2014,3,11,2,0,21.1
2014,3,11,3,0,21
2014,3,11,4,0,20.9
2014,3,11,5,0,21.1
2014,3,11,6,87,22
2014,3,11,7,297,23.1
2014,3,11,8,512,24
2014,3,11,9,696,24.5
2014,3,11,10,837,25.5
2014,3,11,11,912,26
2014,3,11,12,920,26.1
2014,3,11,13,859,26
2014,3,11,14,735,25.8
2014,3,11,15,558,25.4
2014,3,11,16,346,24.7
2014,3,11,17,127,23.7
2014,3,11,18,0,22.7
2014,3,11,19,0,22.2
2014,3,11,20,0,21.8
2014,3,11,21,0,21.4
2014,3,11,22,0,21
2014,3,11,23,0,20.7
2014,3,12,0,0,20.3
2014,3,12,1,0,20.1
2014,3,12,2,0,19.9
2014,3,12,3,0,19.7
2014,3,12,4,0,19.6
2014,3,12,5,0,19.7
2014,3,12,6,66,20.7
2014,3,12,7,229,22.2
2014,3,12,8,212,24
2014,3,12,9,323,24.9
2014,3,12,10,251,26.8
2014,3,12,11,452,27.2
2014,3,12,12,180,26.9
2014,3,12,13,698,26.5
2014,3,12,14,425,25.9
2014,3,12,15,327,25.2
2014,3,12,16,154,24.6
2014,3,12,17,49,23.9
2014,3,12,18,0,23.3
2014,3,12,19,0,23
2014,3,12,20,0,22.8
2014,3,12,21,0,22.6
2014,3,12,22,0,22.4
2014,3,12,23,0,22.2
2014,3,13,0,0,21.9
2014,3,13,1,0,21.5
2014,3,13,2,0,21.2
2014,3,13,3,0,21.1
2014,3,13,4,0,20.9
2014,3,13,5,0,21
2014,3,13,6,45,21.2
2014,3,13,7,170,21.5
2014,3,13,8,343,22
2014,3,13,9,247,22.3
2014,3,13,10,553,23.3
2014,3,13,11,647,23.8
2014,3,13,12,860,24
2014,3,13,13,805,24
2014,3,13,14,680,23.9
2014,3,13,15,508,23.7
2014,3,13,16,303,23.4
2014,3,13,17,100,22.8
2014,3,13,18,0,22.3
2014,3,13,19,0,22.1
2014,3,13,20,0,21.9
2014,3,13,21,0,21.6
2014,3,13,22,0,21.4
2014,3,13,23,0,21.1
2014,3,14,0,0,20.9
2014,3,14,1,0,20.7
2014,3,14,2,0,20.6
2014,3,14,3,0,20.4
2014,3,14,4,0,20.3
2014,3,14,5,0,20.5
2014,3,14,6,79,21.5
2014,3,14,7,284,22.7
2014,3,14,8,179,23.8
2014,3,14,9,321,24.3
2014,3,14,10,808,25.4
2014,3,14,11,878,25.9
2014,3,14,12,881,26
2014,3,14,13,821,25.9
2014,3,14,14,693,25.6
2014,3,14,15,517,25
2014,3,14,16,238,24.2
2014,3,14,17,76,23.4
2014,3,14,18,0,22.8
2014,3,14,19,0,22.5
2014,3,14,20,0,22.3
2014,3,14,21,0,22.1
2014,3,14,22,0,21.9
2014,3,14,23,0,21.6
2014,3,15,0,0,21.3
2014,3,15,1,0,21.1
2014,3,15,2,0,20.8
2014,3,15,3,0,20.5
2014,3,15,4,0,20.3
2014,3,15,5,0,20.4
2014,3,15,6,44,21.1
2014,3,15,7,170,22.1
2014,3,15,8,487,23.3
2014,3,15,9,593,23.9
2014,3,15,10,514,25.6
2014,3,15,11,261,26.5
2014,3,15,12,781,27
2014,3,15,13,684,27.1
2014,3,15,14,571,26.9
2014,3,15,15,96,26.2
2014,3,15,16,12,25.3
2014,3,15,17,6,24.4
2014,3,15,18,0,23.6
2014,3,15,19,0,22.9
2014,3,15,20,0,22.3
2014,3,15,21,0,22
2014,3,15,22,0,21.8
2014,3,15,23,0,21.6
2014,3,16,0,0,21.5
2014,3,16,1,0,21.4
2014,3,16,2,0,21.4
2014,3,16,3,0,21.3
2014,3,16,4,0,21.2
2014,3,16,5,0,21.4
2014,3,16,6,20,22.2
2014,3,16,7,272,23.4
2014,3,16,8,481,24.8
2014,3,16,9,659,25.5
2014,3,16,10,292,26.5
2014,3,16,11,137,26.4
2014,3,16,12,138,25.3
2014,3,16,13,327,24.2
2014,3,16,14,484,23.7
2014,3,16,15,353,23.7
2014,3,16,16,229,23.7
2014,3,16,17,70,22.9
2014,3,16,18,0,21.9
2014,3,16,19,0,21.1
2014,3,16,20,0,20.3
2014,3,16,21,0,19.7
2014,3,16,22,0,19.2
2014,3,16,23,0,18.8
2014,3,17,0,0,18.4
2014,3,17,1,0,18
2014,3,17,2,0,17.8
2014,3,17,3,0,17.6
2014,3,17,4,0,17.5
2014,3,17,5,0,17.6
2014,3,17,6,82,18.4
2014,3,17,7,301,19.6
2014,3,17,8,521,20.8
2014,3,17,9,709,21.3
2014,3,17,10,847,22.7
2014,3,17,11,920,23.6
2014,3,17,12,921,24.5
2014,3,17,13,856,25.1
2014,3,17,14,724,25.4
2014,3,17,15,541,25.3
2014,3,17,16,322,24.6
2014,3,17,17,102,23.2
2014,3,17,18,0,22
2014,3,17,19,0,21.3
2014,3,17,20,0,20.8
2014,3,17,21,0,20.4
2014,3,17,22,0,20
2014,3,17,23,0,19.6
2014,3,18,0,0,19.2
2014,3,18,1,0,18.9
2014,3,18,2,0,18.5
2014,3,18,3,0,18.1
2014,3,18,4,0,17.7
2014,3,18,5,0,17.6
2014,3,18,6,71,18.3
2014,3,18,7,278,20
2014,3,18,8,491,22.4
2014,3,18,9,675,23.8
2014,3,18,10,728,26.3
2014,3,18,11,884,27
2014,3,18,12,885,27.3
2014,3,18,13,665,27.4
2014,3,18,14,549,27.3
2014,3,18,15,342,26.9
2014,3,18,16,223,26
2014,3,18,17,65,24.8
2014,3,18,18,0,23.7
2014,3,18,19,0,23.1
2014,3,18,20,0,22.6
2014,3,18,21,0,22.2
2014,3,18,22,0,21.9
2014,3,18,23,0,21.6
2014,3,19,0,0,21.3
2014,3,19,1,0,21.1
2014,3,19,2,0,20.9
2014,3,19,3,0,20.6
2014,3,19,4,0,20.3
2014,3,19,5,0,20.4
2014,3,19,6,67,21.1
2014,3,19,7,266,22.2
2014,3,19,8,473,23.4
2014,3,19,9,651,23.9
2014,3,19,10,785,25.1
2014,3,19,11,852,25.2
2014,3,19,12,850,25.1
2014,3,19,13,778,24.7
2014,3,19,14,582,24.2
2014,3,19,15,438,23.8
2014,3,19,16,273,23.3
2014,3,19,17,70,22.7
2014,3,19,18,0,22.4
2014,3,19,19,0,22.4
2014,3,19,20,0,22.4
2014,3,19,21,0,22.3
2014,3,19,22,0,22.3
2014,3,19,23,0,22.2
2014,3,20,0,0,22.2
2014,3,20,1,0,22
2014,3,20,2,0,21.9
2014,3,20,3,0,21.8
2014,3,20,4,0,21.8
2014,3,20,5,0,21.9
2014,3,20,6,67,22.6
2014,3,20,7,269,23.5
2014,3,20,8,479,24.2
2014,3,20,9,658,24.6
2014,3,20,10,789,25.4
2014,3,20,11,857,25.7
2014,3,20,12,859,25.7
2014,3,20,13,796,25.5
2014,3,20,14,669,25.2
2014,3,20,15,493,24.6
2014,3,20,16,224,23.9
2014,3,20,17,15,23
2014,3,20,18,0,22.5
2014,3,20,19,0,22.3
2014,3,20,20,0,22.2
2014,3,20,21,0,22.1
2014,3,20,22,0,22
2014,3,20,23,0,22
2014,3,21,0,0,21.9
2014,3,21,1,0,21.8
2014,3,21,2,0,21.7
2014,3,21,3,0,21.6
2014,3,21,4,0,21.5
2014,3,21,5,0,21.5
2014,3,21,6,31,21.7
2014,3,21,7,131,22.2
2014,3,21,8,337,22.8
2014,3,21,9,384,23.1
2014,3,21,10,310,23.9
2014,3,21,11,640,24.5
2014,3,21,12,847,24.9
2014,3,21,13,792,25.2
2014,3,21,14,668,25.1
2014,3,21,15,493,24.6
2014,3,21,16,284,23.8
2014,3,21,17,78,22.8
2014,3,21,18,0,22.1
2014,3,21,19,0,21.8
2014,3,21,20,0,21.5
2014,3,21,21,0,21.3
2014,3,21,22,0,21.1
2014,3,21,23,0,20.8
2014,3,22,0,0,20.6
2014,3,22,1,0,20.4
2014,3,22,2,0,20.2
2014,3,22,3,0,20.2
2014,3,22,4,0,20.1
2014,3,22,5,0,20.1
2014,3,22,6,58,20.7
2014,3,22,7,253,22.1
2014,3,22,8,460,23.7
2014,3,22,9,639,24.5
2014,3,22,10,776,26
2014,3,22,11,846,26.6
2014,3,22,12,847,26.9
2014,3,22,13,781,26.8
2014,3,22,14,235,26.6
2014,3,22,15,429,26
2014,3,22,16,82,25.1
2014,3,22,17,22,24
2014,3,22,18,0,23.3
2014,3,22,19,0,22.9
2014,3,22,20,0,22.5
2014,3,22,21,0,22.2
2014,3,22,22,0,21.9
2014,3,22,23,0,21.6
2014,3,23,0,0,21.3
2014,3,23,1,0,21
2014,3,23,2,0,20.8
2014,3,23,3,0,20.7
2014,3,23,4,0,20.6
2014,3,23,5,0,20.8
2014,3,23,6,54,21.3
2014,3,23,7,245,22
2014,3,23,8,449,22.9
2014,3,23,9,627,23.6
2014,3,23,10,762,25.1
2014,3,23,11,831,25.8
2014,3,23,12,727,26.4
2014,3,23,13,635,26.6
2014,3,23,14,490,26.6
2014,3,23,15,178,26.1
2014,3,23,16,197,25.3
2014,3,23,17,49,24.2
2014,3,23,18,0,23.3
2014,3,23,19,0,22.9
2014,3,23,20,0,22.8
2014,3,23,21,0,22.7
2014,3,23,22,0,22.4
2014,3,23,23,0,22
2014,3,24,0,0,21.5
2014,3,24,1,0,21.1
2014,3,24,2,0,20.7
2014,3,24,3,0,20.5
2014,3,24,4,0,20.5
2014,3,24,5,0,20.6
2014,3,24,6,5,20.8
2014,3,24,7,14,21.1
2014,3,24,8,48,21.4
2014,3,24,9,58,21.6
2014,3,24,10,197,21.8
2014,3,24,11,204,21.8
2014,3,24,12,56,21.7
2014,3,24,13,51,21.5
2014,3,24,14,112,21.2
2014,3,24,15,106,21
2014,3,24,16,171,20.7
2014,3,24,17,40,20.5
2014,3,24,18,0,20.3
2014,3,24,19,0,20.2
2014,3,24,20,0,20.2
2014,3,24,21,0,20.2
2014,3,24,22,0,20.2
2014,3,24,23,0,20.1
2014,3,25,0,0,20.1
2014,3,25,1,0,20
2014,3,25,2,0,20
2014,3,25,3,0,20
2014,3,25,4,0,20.1
2014,3,25,5,0,20.3
2014,3,25,6,50,20.8
2014,3,25,7,237,21.3
2014,3,25,8,439,21.8
2014,3,25,9,618,22.1
2014,3,25,10,753,23.3
2014,3,25,11,696,23.9
2014,3,25,12,551,24.1
2014,3,25,13,382,24
2014,3,25,14,286,23.5
2014,3,25,15,173,23
2014,3,25,16,164,22.5
2014,3,25,17,37,22.1
2014,3,25,18,0,21.8
2014,3,25,19,0,21.7
2014,3,25,20,0,21.6
2014,3,25,21,0,21.5
2014,3,25,22,0,21.5
2014,3,25,23,0,21.4
2014,3,26,0,0,21.4
2014,3,26,1,0,21.3
2014,3,26,2,0,21.3
2014,3,26,3,0,21.3
2014,3,26,4,0,21.3
2014,3,26,5,0,21.3
2014,3,26,6,4,21.5
2014,3,26,7,9,21.7
2014,3,26,8,23,21.9
2014,3,26,9,96,22
2014,3,26,10,285,22
2014,3,26,11,260,22
2014,3,26,12,413,22.2
2014,3,26,13,471,22.4
2014,3,26,14,342,22.5
2014,3,26,15,220,22.6
2014,3,26,16,108,22.6
2014,3,26,17,25,22.6
2014,3,26,18,0,22.5
2014,3,26,19,0,22.5
2014,3,26,20,0,22.3
2014,3,26,21,0,22.1
2014,3,26,22,0,21.9
2014,3,26,23,0,21.7
2014,3,27,0,0,21.6
2014,3,27,1,0,21.5
2014,3,27,2,0,21.5
2014,3,27,3,0,21.6
2014,3,27,4,0,21.6
2014,3,27,5,0,21.6
2014,3,27,6,4,21.7
2014,3,27,7,9,21.8
2014,3,27,8,17,22
2014,3,27,9,54,22.1
2014,3,27,10,42,22.3
2014,3,27,11,106,22.2
2014,3,27,12,199,22.1
2014,3,27,13,183,22
2014,3,27,14,183,21.9
2014,3,27,15,258,21.9
2014,3,27,16,85,21.7
2014,3,27,17,19,21.4
2014,3,27,18,0,21.1
2014,3,27,19,0,21
2014,3,27,20,0,20.8
2014,3,27,21,0,20.7
2014,3,27,22,0,20.6
2014,3,27,23,0,20.6
2014,3,28,0,0,20.5
2014,3,28,1,0,20.6
2014,3,28,2,0,20.6
2014,3,28,3,0,20.7
2014,3,28,4,0,20.6
2014,3,28,5,0,20.7
2014,3,28,6,4,20.8
2014,3,28,7,9,21
2014,3,28,8,33,21.3
2014,3,28,9,114,21.4
2014,3,28,10,431,21.9
2014,3,28,11,379,22.3
2014,3,28,12,355,22.9
2014,3,28,13,470,23.3
2014,3,28,14,198,23.3
2014,3,28,15,112,23
2014,3,28,16,188,22.4
2014,3,28,17,38,21.7
2014,3,28,18,0,21.3
2014,3,28,19,0,21.2
2014,3,28,20,0,21.2
2014,3,28,21,0,21.2
2014,3,28,22,0,21.1
2014,3,28,23,0,21
2014,3,29,0,0,20.8
2014,3,29,1,0,20.6
2014,3,29,2,0,20.4
2014,3,29,3,0,20.4
2014,3,29,4,0,20.6
2014,3,29,5,0,20.8
2014,3,29,6,22,21
2014,3,29,7,132,21.2
2014,3,29,8,279,21.6
2014,3,29,9,598,22
2014,3,29,10,725,23
2014,3,29,11,791,23.5
2014,3,29,12,640,23.7
2014,3,29,13,539,23.6
2014,3,29,14,504,23.3
2014,3,29,15,238,22.8
2014,3,29,16,131,22.1
2014,3,29,17,25,21.7
2014,3,29,18,0,21.4
2014,3,29,19,0,21.3
2014,3,29,20,0,21.1
2014,3,29,21,0,21
2014,3,29,22,0,20.8
2014,3,29,23,0,20.7
2014,3,30,0,0,20.6
2014,3,30,1,0,20.5
2014,3,30,2,0,20.5
2014,3,30,3,0,20.5
2014,3,30,4,0,20.5
2014,3,30,5,0,20.7
2014,3,30,6,42,21.4
2014,3,30,7,227,22.1
2014,3,30,8,429,22.6
2014,3,30,9,604,22.9
2014,3,30,10,727,23.6
2014,3,30,11,791,23.9
2014,3,30,12,791,24
2014,3,30,13,732,23.9
2014,3,30,14,602,23.6
2014,3,30,15,426,23.1
2014,3,30,16,223,22.5
2014,3,30,17,24,21.9
2014,3,30,18,0,21.5
2014,3,30,19,0,21.2
2014,3,30,20,0,21
2014,3,30,21,0,20.9
2014,3,30,22,0,20.8
2014,3,30,23,0,20.6
2014,3,31,0,0,20.3
2014,3,31,1,0,20.1
2014,3,31,2,0,19.9
2014,3,31,3,0,19.8
2014,3,31,4,0,19.8
2014,3,31,5,0,19.9
2014,3,31,6,38,20.4
2014,3,31,7,221,21
2014,3,31,8,425,21.4
2014,3,31,9,602,21.5
2014,3,31,10,326,22.4
2014,3,31,11,308,22.7
2014,3,31,12,800,22.9
2014,3,31,13,733,23
2014,3,31,14,604,23
2014,3,31,15,430,22.7
2014,3,31,16,226,22.3
2014,3,31,17,39,21.7
2014,3,31,18,0,21.3
2014,3,31,19,0,21.1
2014,3,31,20,0,20.9
2014,3,31,21,0,20.7
2014,3,31,22,0,20.5
2014,3,31,23,0,20.3
2014,4,1,0,0,20.1
2014,4,1,1,0,19.9
2014,4,1,2,0,19.7
2014,4,1,3,0,19.5
2014,4,1,4,0,19.3
2014,4,1,5,0,19.2
2014,4,1,6,42,19.7
2014,4,1,7,230,20.7
2014,4,1,8,395,21.9
2014,4,1,9,485,22.4
2014,4,1,10,475,23.6
2014,4,1,11,602,24.2
2014,4,1,12,618,24.3
2014,4,1,13,473,24.2
2014,4,1,14,398,24
2014,4,1,15,282,23.6
2014,4,1,16,152,23
2014,4,1,17,24,22.3
2014,4,1,18,0,21.7
2014,4,1,19,0,21.4
2014,4,1,20,0,21
2014,4,1,21,0,20.7
2014,4,1,22,0,20.4
2014,4,1,23,0,20.2
2014,4,2,0,0,20.1
2014,4,2,1,0,20
2014,4,2,2,0,20
2014,4,2,3,0,19.9
2014,4,2,4,0,19.9
2014,4,2,5,0,19.9
2014,4,2,6,38,20.3
2014,4,2,7,224,21.3
2014,4,2,8,425,22.4
2014,4,2,9,599,22.9
2014,4,2,10,729,24.1
2014,4,2,11,795,24.6
2014,4,2,12,794,25
2014,4,2,13,732,25.1
2014,4,2,14,604,25
2014,4,2,15,427,24.5
2014,4,2,16,222,23.6
2014,4,2,17,35,22.6
2014,4,2,18,0,22
2014,4,2,19,0,21.7
2014,4,2,20,0,21.5
2014,4,2,21,0,21.3
2014,4,2,22,0,21.1
2014,4,2,23,0,20.9
2014,4,3,0,0,20.8
2014,4,3,1,0,20.7
2014,4,3,2,0,20.6
2014,4,3,3,0,20.6
2014,4,3,4,0,20.6
2014,4,3,5,0,20.7
2014,4,3,6,35,21.2
2014,4,3,7,212,22.2
2014,4,3,8,407,23.3
2014,4,3,9,577,23.8
2014,4,3,10,709,24.9
2014,4,3,11,772,25.5
2014,4,3,12,622,25.9
2014,4,3,13,558,25.9
2014,4,3,14,464,25.4
2014,4,3,15,309,24.6
2014,4,3,16,151,23.9
2014,4,3,17,21,23.2
2014,4,3,18,0,22.8
2014,4,3,19,0,22.6
2014,4,3,20,0,22.5
2014,4,3,21,0,22.5
2014,4,3,22,0,22.5
2014,4,3,23,0,22.4
2014,4,4,0,0,22.3
2014,4,4,1,0,21.9
2014,4,4,2,0,21.5
2014,4,4,3,0,21.2
2014,4,4,4,0,20.9
2014,4,4,5,0,20.7
2014,4,4,6,13,20.5
2014,4,4,7,68,20.7
2014,4,4,8,103,21
2014,4,4,9,123,21.1
2014,4,4,10,244,21.2
2014,4,4,11,243,21.2
2014,4,4,12,198,21.1
2014,4,4,13,91,21
2014,4,4,14,30,20.9
2014,4,4,15,93,20.7
2014,4,4,16,42,20.5
2014,4,4,17,8,20.2
2014,4,4,18,0,20.1
2014,4,4,19,0,20
2014,4,4,20,0,19.9
2014,4,4,21,0,19.7
2014,4,4,22,0,19.4
2014,4,4,23,0,19.2
2014,4,5,0,0,19
2014,4,5,1,0,18.9
2014,4,5,2,0,18.9
2014,4,5,3,0,18.9
2014,4,5,4,0,19
2014,4,5,5,0,19.2
2014,4,5,6,7,19.7
2014,4,5,7,47,20.4
2014,4,5,8,398,21
2014,4,5,9,229,21.4
2014,4,5,10,693,22.3
2014,4,5,11,207,22.7
2014,4,5,12,749,22.8
2014,4,5,13,675,22.6
2014,4,5,14,544,22.3
2014,4,5,15,371,21.9
2014,4,5,16,186,21.4
2014,4,5,17,5,21
2014,4,5,18,0,20.8
2014,4,5,19,0,20.7
2014,4,5,20,0,20.5
2014,4,5,21,0,20.4
2014,4,5,22,0,20.2
2014,4,5,23,0,20.1
2014,4,6,0,0,19.8
2014,4,6,1,0,19.6
2014,4,6,2,0,19.4
2014,4,6,3,0,19.2
2014,4,6,4,0,19.1
2014,4,6,5,0,19.2
2014,4,6,6,8,19.5
2014,4,6,7,202,20.2
2014,4,6,8,324,20.9
2014,4,6,9,204,21.3
2014,4,6,10,374,21.8
2014,4,6,11,251,22
2014,4,6,12,114,22
2014,4,6,13,160,21.8
2014,4,6,14,208,21.6
2014,4,6,15,148,21.1
2014,4,6,16,63,20.5
2014,4,6,17,7,20
2014,4,6,18,0,19.8
2014,4,6,19,0,19.8
2014,4,6,20,0,19.7
2014,4,6,21,0,19.7
2014,4,6,22,0,19.6
2014,4,6,23,0,19.5
2014,4,7,0,0,19.3
2014,4,7,1,0,19.2
2014,4,7,2,0,19.1
2014,4,7,3,0,18.9
2014,4,7,4,0,18.9
2014,4,7,5,0,18.9
2014,4,7,6,3,19.4
2014,4,7,7,14,20.1
2014,4,7,8,186,20.7
2014,4,7,9,412,21
2014,4,7,10,504,21.5
2014,4,7,11,312,21.6
2014,4,7,12,373,21.6
2014,4,7,13,529,21.5
2014,4,7,14,270,21.3
2014,4,7,15,244,21.1
2014,4,7,16,106,20.7
2014,4,7,17,9,20.4
2014,4,7,18,0,20.1
2014,4,7,19,0,20
2014,4,7,20,0,19.9
2014,4,7,21,0,20
2014,4,7,22,0,20.1
2014,4,7,23,0,20.1
2014,4,8,0,0,20
2014,4,8,1,0,19.9
2014,4,8,2,0,19.8
2014,4,8,3,0,19.8
2014,4,8,4,0,19.9
2014,4,8,5,0,20
2014,4,8,6,3,20.3
2014,4,8,7,8,20.8
2014,4,8,8,217,21.2
2014,4,8,9,366,21.4
2014,4,8,10,433,21.8
2014,4,8,11,63,22.1
2014,4,8,12,154,22.3
2014,4,8,13,312,22.3
2014,4,8,14,381,22.3
2014,4,8,15,330,22
2014,4,8,16,181,21.4
2014,4,8,17,17,20.6
2014,4,8,18,0,20.1
2014,4,8,19,0,20
2014,4,8,20,0,19.8
2014,4,8,21,0,19.6
2014,4,8,22,0,19.4
2014,4,8,23,0,19.2
2014,4,9,0,0,19
2014,4,9,1,0,18.8
2014,4,9,2,0,18.6
2014,4,9,3,0,18.4
2014,4,9,4,0,18.3
2014,4,9,5,0,18.3
2014,4,9,6,25,18.9
2014,4,9,7,193,19.7
2014,4,9,8,383,20.4
2014,4,9,9,548,20.6
2014,4,9,10,270,21.1
2014,4,9,11,401,21.4
2014,4,9,12,426,21.7
2014,4,9,13,425,21.9
2014,4,9,14,317,22
2014,4,9,15,301,21.7
2014,4,9,16,140,21.3
2014,4,9,17,10,20.9
2014,4,9,18,0,20.8
2014,4,9,19,0,20.8
2014,4,9,20,0,20.7
2014,4,9,21,0,20.5
2014,4,9,22,0,20.3
2014,4,9,23,0,20.1
2014,4,10,0,0,20
2014,4,10,1,0,19.9
2014,4,10,2,0,19.8
2014,4,10,3,0,19.7
2014,4,10,4,0,19.5
2014,4,10,5,0,19.4
2014,4,10,6,3,19.5
2014,4,10,7,8,19.9
2014,4,10,8,136,20.5
2014,4,10,9,24,20.7
2014,4,10,10,82,21.4
2014,4,10,11,114,21.6
2014,4,10,12,168,21.6
2014,4,10,13,297,21.3
2014,4,10,14,290,21
2014,4,10,15,166,20.7
2014,4,10,16,70,20.4
2014,4,10,17,6,20.2
2014,4,10,18,0,20.1
2014,4,10,19,0,20.1
2014,4,10,20,0,20.2
2014,4,10,21,0,20.2
2014,4,10,22,0,20.2
2014,4,10,23,0,20.1
2014,4,11,0,0,20
2014,4,11,1,0,19.9
2014,4,11,2,0,19.8
2014,4,11,3,0,19.8
2014,4,11,4,0,19.7
2014,4,11,5,0,19.6
2014,4,11,6,24,19.7
2014,4,11,7,139,20.1
2014,4,11,8,294,20.9
2014,4,11,9,556,21.4
2014,4,11,10,459,23.4
2014,4,11,11,254,24.3
2014,4,11,12,135,24.8
2014,4,11,13,340,24.9
2014,4,11,14,146,24.8
2014,4,11,15,45,24.4
2014,4,11,16,18,23.6
2014,4,11,17,1,22.7
2014,4,11,18,0,22.1
2014,4,11,19,0,21.6
2014,4,11,20,0,21.1
2014,4,11,21,0,20.8
2014,4,11,22,0,20.3
2014,4,11,23,0,19.7
2014,4,12,0,0,19.3
2014,4,12,1,0,19.3
2014,4,12,2,0,19.4
2014,4,12,3,0,19.4
2014,4,12,4,0,19.3
2014,4,12,5,0,19.3
2014,4,12,6,2,19.5
2014,4,12,7,13,20
2014,4,12,8,29,20.6
2014,4,12,9,185,20.9
2014,4,12,10,411,21.5
2014,4,12,11,195,21.6
2014,4,12,12,148,21.6
2014,4,12,13,188,21.6
2014,4,12,14,293,21.4
2014,4,12,15,27,21.1
2014,4,12,16,11,20.7
2014,4,12,17,0,20.3
2014,4,12,18,0,20.1
2014,4,12,19,0,19.9
2014,4,12,20,0,19.7
2014,4,12,21,0,19.4
2014,4,12,22,0,19.2
2014,4,12,23,0,18.9
2014,4,13,0,0,18.7
2014,4,13,1,0,18.6
2014,4,13,2,0,18.6
2014,4,13,3,0,18.6
2014,4,13,4,0,18.7
2014,4,13,5,0,18.8
2014,4,13,6,2,19.2
2014,4,13,7,13,19.7
2014,4,13,8,29,20.2
2014,4,13,9,266,20.5
2014,4,13,10,200,21.2
2014,4,13,11,286,21.4
2014,4,13,12,406,21.3
2014,4,13,13,168,21.2
2014,4,13,14,335,21.1
2014,4,13,15,228,20.8
2014,4,13,16,92,20.4
2014,4,13,17,0,19.9
2014,4,13,18,0,19.7
2014,4,13,19,0,19.6
2014,4,13,20,0,19.5
2014,4,13,21,0,19.4
2014,4,13,22,0,19.1
2014,4,13,23,0,18.8
2014,4,14,0,0,18.3
2014,4,14,1,0,17.9
2014,4,14,2,0,17.7
2014,4,14,3,0,17.7
2014,4,14,4,0,17.6
2014,4,14,5,0,17.5
2014,4,14,6,8,17.7
2014,4,14,7,84,18.4
2014,4,14,8,195,19.2
2014,4,14,9,306,19.6
2014,4,14,10,540,20.6
2014,4,14,11,169,20.9
2014,4,14,12,243,20.9
2014,4,14,13,434,20.7
2014,4,14,14,384,20.4
2014,4,14,15,240,20.1
2014,4,14,16,97,19.6
2014,4,14,17,0,19.2
2014,4,14,18,0,18.8
2014,4,14,19,0,18.6
2014,4,14,20,0,18.4
2014,4,14,21,0,18.2
2014,4,14,22,0,18
2014,4,14,23,0,17.8
2014,4,15,0,0,17.7
2014,4,15,1,0,17.5
2014,4,15,2,0,17.4
2014,4,15,3,0,17.3
2014,4,15,4,0,17.2
2014,4,15,5,0,17.2
2014,4,15,6,20,17.6
2014,4,15,7,188,18.3
2014,4,15,8,255,18.9
2014,4,15,9,417,19.2
2014,4,15,10,421,19.8
2014,4,15,11,445,20
2014,4,15,12,431,19.9
2014,4,15,13,365,19.7
2014,4,15,14,175,19.6
2014,4,15,15,152,19.5
2014,4,15,16,60,19.5
2014,4,15,17,0,19.4
2014,4,15,18,0,19.3
2014,4,15,19,0,19
2014,4,15,20,0,18.8
2014,4,15,21,0,18.6
2014,4,15,22,0,18.3
2014,4,15,23,0,18.2
2014,4,16,0,0,18.2
2014,4,16,1,0,18.3
2014,4,16,2,0,18.3
2014,4,16,3,0,18.2
2014,4,16,4,0,18.2
2014,4,16,5,0,18.2
2014,4,16,6,9,18.4
2014,4,16,7,124,18.8
2014,4,16,8,274,19.3
2014,4,16,9,228,19.5
2014,4,16,10,659,20.2
2014,4,16,11,536,20.6
2014,4,16,12,719,20.7
2014,4,16,13,650,20.8
2014,4,16,14,523,20.8
2014,4,16,15,353,20.5
2014,4,16,16,157,20
2014,4,16,17,0,19.4
2014,4,16,18,0,19.1
2014,4,16,19,0,19
2014,4,16,20,0,18.8
2014,4,16,21,0,18.6
2014,4,16,22,0,18.3
2014,4,16,23,0,18
2014,4,17,0,0,17.8
2014,4,17,1,0,17.6
2014,4,17,2,0,17.4
2014,4,17,3,0,17.3
2014,4,17,4,0,17.1
2014,4,17,5,0,17
2014,4,17,6,18,17.5
2014,4,17,7,186,18.4
2014,4,17,8,380,19.4
2014,4,17,9,371,19.9
2014,4,17,10,471,20.7
2014,4,17,11,464,21.1
2014,4,17,12,722,21.3
2014,4,17,13,655,21.3
2014,4,17,14,526,21.2
2014,4,17,15,351,20.9
2014,4,17,16,153,20.3
2014,4,17,17,0,19.6
2014,4,17,18,0,19.3
2014,4,17,19,0,19.2
2014,4,17,20,0,19
2014,4,17,21,0,18.7
2014,4,17,22,0,18.4
2014,4,17,23,0,18
2014,4,18,0,0,17.6
2014,4,18,1,0,17.3
2014,4,18,2,0,17.1
2014,4,18,3,0,16.8
2014,4,18,4,0,16.5
2014,4,18,5,0,16.2
2014,4,18,6,17,16.3
2014,4,18,7,185,17.1
2014,4,18,8,382,18.5
2014,4,18,9,551,19.3
2014,4,18,10,674,21
2014,4,18,11,731,21.8
2014,4,18,12,724,22.4
2014,4,18,13,652,22.9
2014,4,18,14,520,23.2
2014,4,18,15,344,23.1
2014,4,18,16,146,22.4
2014,4,18,17,0,21.4
2014,4,18,18,0,20.6
2014,4,18,19,0,19.9
2014,4,18,20,0,19.4
2014,4,18,21,0,19
2014,4,18,22,0,18.6
2014,4,18,23,0,18.2
2014,4,19,0,0,18
2014,4,19,1,0,17.9
2014,4,19,2,0,17.8
2014,4,19,3,0,17.6
2014,4,19,4,0,17.4
2014,4,19,5,0,17.2
2014,4,19,6,14,17.4
2014,4,19,7,179,18
2014,4,19,8,376,18.6
2014,4,19,9,546,18.8
2014,4,19,10,667,19.2
2014,4,19,11,726,19.5
2014,4,19,12,719,19.6
2014,4,19,13,644,19.6
2014,4,19,14,512,19.5
2014,4,19,15,338,19.1
2014,4,19,16,145,18.4
2014,4,19,17,0,17.8
2014,4,19,18,0,17.6
2014,4,19,19,0,17.4
2014,4,19,20,0,17.3
2014,4,19,21,0,17.2
2014,4,19,22,0,17.1
2014,4,19,23,0,17
2014,4,20,0,0,16.8
2014,4,20,1,0,16.6
2014,4,20,2,0,16.5
2014,4,20,3,0,16.4
2014,4,20,4,0,16.4
2014,4,20,5,0,16.3
2014,4,20,6,14,16.6
2014,4,20,7,122,17.5
2014,4,20,8,366,18.4
2014,4,20,9,531,18.9
2014,4,20,10,654,20.1
2014,4,20,11,710,20.7
2014,4,20,12,699,21.2
2014,4,20,13,635,21.5
2014,4,20,14,504,21.6
2014,4,20,15,331,21.4
2014,4,20,16,138,20.8
2014,4,20,17,0,20
2014,4,20,18,0,19.7
2014,4,20,19,0,19.6
2014,4,20,20,0,19.3
2014,4,20,21,0,18.9
2014,4,20,22,0,18.3
2014,4,20,23,0,17.7
2014,4,21,0,0,17.1
2014,4,21,1,0,16.5
2014,4,21,2,0,16.1
2014,4,21,3,0,15.8
2014,4,21,4,0,15.5
2014,4,21,5,0,15.3
2014,4,21,6,13,15.6
2014,4,21,7,174,16.5
2014,4,21,8,366,17.6
2014,4,21,9,531,18.2
2014,4,21,10,653,19.9
2014,4,21,11,708,20.7
2014,4,21,12,700,21.1
2014,4,21,13,628,21.4
2014,4,21,14,497,21.4
2014,4,21,15,323,21.2
2014,4,21,16,105,20.6
2014,4,21,17,0,20
2014,4,21,18,0,19.8
2014,4,21,19,0,19.8
2014,4,21,20,0,19.8
2014,4,21,21,0,19.5
2014,4,21,22,0,19
2014,4,21,23,0,18.2
2014,4,22,0,0,17.5
2014,4,22,1,0,17
2014,4,22,2,0,16.5
2014,4,22,3,0,16.2
2014,4,22,4,0,15.9
2014,4,22,5,0,15.7
2014,4,22,6,4,16
2014,4,22,7,119,17
2014,4,22,8,303,18
2014,4,22,9,415,18.5
2014,4,22,10,526,20.3
2014,4,22,11,535,21.1
2014,4,22,12,702,21.8
2014,4,22,13,507,22.3
2014,4,22,14,410,22.6
2014,4,22,15,223,22.5
2014,4,22,16,77,22
2014,4,22,17,0,21.3
2014,4,22,18,0,20.6
2014,4,22,19,0,19.9
2014,4,22,20,0,19.2
2014,4,22,21,0,18.5
2014,4,22,22,0,17.8
2014,4,22,23,0,17.1
2014,4,23,0,0,16.4
2014,4,23,1,0,15.9
2014,4,23,2,0,15.4
2014,4,23,3,0,15
2014,4,23,4,0,14.7
2014,4,23,5,0,14.5
2014,4,23,6,0,14.8
2014,4,23,7,78,15.6
2014,4,23,8,268,16.9
2014,4,23,9,407,17.7
2014,4,23,10,548,20.6
2014,4,23,11,452,22
2014,4,23,12,428,22.8
2014,4,23,13,616,23.1
2014,4,23,14,488,23.2
2014,4,23,15,315,23.1
2014,4,23,16,125,22.3
2014,4,23,17,0,21.2
2014,4,23,18,0,20.5
2014,4,23,19,0,20.1
2014,4,23,20,0,19.6
2014,4,23,21,0,19.2
2014,4,23,22,0,18.7
2014,4,23,23,0,18.2
2014,4,24,0,0,17.6
2014,4,24,1,0,17.1
2014,4,24,2,0,16.6
2014,4,24,3,0,16.3
2014,4,24,4,0,16
2014,4,24,5,0,15.8
2014,4,24,6,0,16.1
2014,4,24,7,88,17.2
2014,4,24,8,215,18.8
2014,4,24,9,403,19.7
2014,4,24,10,532,22.9
2014,4,24,11,581,24.5
2014,4,24,12,533,25.3
2014,4,24,13,488,25.7
2014,4,24,14,405,25.9
2014,4,24,15,314,25.6
2014,4,24,16,123,24.5
2014,4,24,17,0,23.3
2014,4,24,18,0,22.2
2014,4,24,19,0,21.4
2014,4,24,20,0,21
2014,4,24,21,0,20.7
2014,4,24,22,0,20.5
2014,4,24,23,0,20.2
2014,4,25,0,0,19.8
2014,4,25,1,0,19.5
2014,4,25,2,0,19.4
2014,4,25,3,0,19.3
2014,4,25,4,0,19.3
2014,4,25,5,0,19.3
2014,4,25,6,0,19.5
2014,4,25,7,7,19.9
2014,4,25,8,14,20.1
2014,4,25,9,37,20.3
2014,4,25,10,55,20.6
2014,4,25,11,185,20.8
2014,4,25,12,51,20.8
2014,4,25,13,580,20.8
2014,4,25,14,454,20.8
2014,4,25,15,289,20.7
2014,4,25,16,108,20.3
2014,4,25,17,0,20
2014,4,25,18,0,19.8
2014,4,25,19,0,19.7
2014,4,25,20,0,19.5
2014,4,25,21,0,19.3
2014,4,25,22,0,19.1
2014,4,25,23,0,19
2014,4,26,0,0,18.8
2014,4,26,1,0,18.8
2014,4,26,2,0,18.6
2014,4,26,3,0,18.4
2014,4,26,4,0,18.3
2014,4,26,5,0,18.2
2014,4,26,6,0,18.2
2014,4,26,7,14,18.5
2014,4,26,8,30,19.1
2014,4,26,9,93,19.5
2014,4,26,10,122,20.6
2014,4,26,11,229,21.2
2014,4,26,12,271,21.9
2014,4,26,13,299,22.7
2014,4,26,14,313,23.3
2014,4,26,15,161,23.2
2014,4,26,16,56,22.5
2014,4,26,17,0,21.6
2014,4,26,18,0,21.1
2014,4,26,19,0,20.6
2014,4,26,20,0,20.1
2014,4,26,21,0,19.6
2014,4,26,22,0,19.1
2014,4,26,23,0,18.8
2014,4,27,0,0,18.6
2014,4,27,1,0,18.4
2014,4,27,2,0,18.3
2014,4,27,3,0,18.3
2014,4,27,4,0,18.4
2014,4,27,5,0,18.6
2014,4,27,6,0,18.9
2014,4,27,7,10,19.2
2014,4,27,8,24,19.4
2014,4,27,9,72,19.4
2014,4,27,10,50,19.5
2014,4,27,11,62,19.5
2014,4,27,12,89,19.4
2014,4,27,13,106,19.4
2014,4,27,14,176,19.2
2014,4,27,15,74,19
2014,4,27,16,24,18.6
2014,4,27,17,0,18.4
2014,4,27,18,0,18.4
2014,4,27,19,0,18.5
2014,4,27,20,0,18.5
2014,4,27,21,0,18.5
2014,4,27,22,0,18.5
2014,4,27,23,0,18.5
2014,4,28,0,0,18.4
2014,4,28,1,0,18.3
2014,4,28,2,0,18.2
2014,4,28,3,0,18.1
2014,4,28,4,0,18.1
2014,4,28,5,0,18.1
2014,4,28,6,0,18.4
2014,4,28,7,40,18.8
2014,4,28,8,103,19.3
2014,4,28,9,313,19.4
2014,4,28,10,440,20
2014,4,28,11,241,20.3
2014,4,28,12,153,20.5
2014,4,28,13,248,20.6
2014,4,28,14,227,20.6
2014,4,28,15,283,20.5
2014,4,28,16,104,20
2014,4,28,17,0,19.4
2014,4,28,18,0,19.1
2014,4,28,19,0,18.9
2014,4,28,20,0,18.7
2014,4,28,21,0,18.4
2014,4,28,22,0,18.2
2014,4,28,23,0,17.8
2014,4,29,0,0,17.5
2014,4,29,1,0,17.3
2014,4,29,2,0,17
2014,4,29,3,0,16.7
2014,4,29,4,0,16.5
2014,4,29,5,0,16.3
2014,4,29,6,0,16.6
2014,4,29,7,151,17.7
2014,4,29,8,335,19.2
2014,4,29,9,494,20
2014,4,29,10,609,22
2014,4,29,11,664,23
2014,4,29,12,491,23.8
2014,4,29,13,463,24.2
2014,4,29,14,338,24.2
2014,4,29,15,209,23.7
2014,4,29,16,71,22.8
2014,4,29,17,0,22
2014,4,29,18,0,21.7
2014,4,29,19,0,21.5
2014,4,29,20,0,21.3
2014,4,29,21,0,21.1
2014,4,29,22,0,20.9
2014,4,29,23,0,20.6
2014,4,30,0,0,20.4
2014,4,30,1,0,20.3
2014,4,30,2,0,20
2014,4,30,3,0,19.7
2014,4,30,4,0,19.5
2014,4,30,5,0,19.2
2014,4,30,6,0,19.2
2014,4,30,7,98,19.7
2014,4,30,8,237,20.4
2014,4,30,9,25,20.7
2014,4,30,10,439,21.3
2014,4,30,11,516,21.7
2014,4,30,12,668,21.8
2014,4,30,13,598,21.8
2014,4,30,14,469,21.7
2014,4,30,15,296,21.2
2014,4,30,16,105,20.4
2014,4,30,17,0,19.7
2014,4,30,18,0,19.2
2014,4,30,19,0,18.7
2014,4,30,20,0,18.1
2014,4,30,21,0,17.6
2014,4,30,22,0,17.1
2014,4,30,23,0,16.6
2014,5,1,0,0,16.3
2014,5,1,1,0,16
2014,5,1,2,0,15.7
2014,5,1,3,0,15.4
2014,5,1,4,0,15.1
2014,5,1,5,0,14.9
2014,5,1,6,0,15.1
2014,5,1,7,150,15.9
2014,5,1,8,338,16.8
2014,5,1,9,500,17.3
2014,5,1,10,612,18.2
2014,5,1,11,667,18.7
2014,5,1,12,658,19.1
2014,5,1,13,592,19.3
2014,5,1,14,461,19.4
2014,5,1,15,289,19.2
2014,5,1,16,101,18.6
2014,5,1,17,0,17.9
2014,5,1,18,0,17.7
2014,5,1,19,0,17.6
2014,5,1,20,0,17.6
2014,5,1,21,0,17.5
2014,5,1,22,0,17.4
2014,5,1,23,0,17.3
2014,5,2,0,0,17.1
2014,5,2,1,0,16.9
2014,5,2,2,0,16.6
2014,5,2,3,0,16.2
2014,5,2,4,0,15.7
2014,5,2,5,0,15.2
2014,5,2,6,0,15.2
2014,5,2,7,143,16
2014,5,2,8,329,17.1
2014,5,2,9,490,17.8
2014,5,2,10,605,19.2
2014,5,2,11,659,19.8
2014,5,2,12,650,20.1
2014,5,2,13,439,20.2
2014,5,2,14,451,20.3
2014,5,2,15,139,20
2014,5,2,16,40,19.3
2014,5,2,17,0,18.6
2014,5,2,18,0,18
2014,5,2,19,0,17.3
2014,5,2,20,0,16.6
2014,5,2,21,0,16
2014,5,2,22,0,15.5
2014,5,2,23,0,15.1
2014,5,3,0,0,14.9
2014,5,3,1,0,14.9
2014,5,3,2,0,14.9
2014,5,3,3,0,14.8
2014,5,3,4,0,14.5
2014,5,3,5,0,13.9
2014,5,3,6,0,13.2
2014,5,3,7,6,12.6
2014,5,3,8,13,12.4
2014,5,3,9,265,12.5
2014,5,3,10,193,13.7
2014,5,3,11,477,14.5
2014,5,3,12,481,15.2
2014,5,3,13,373,15.6
2014,5,3,14,253,15.7
2014,5,3,15,138,15.5
2014,5,3,16,43,15
2014,5,3,17,0,14.3
2014,5,3,18,0,13.8
2014,5,3,19,0,13.6
2014,5,3,20,0,13.7
2014,5,3,21,0,13.7
2014,5,3,22,0,13.6
2014,5,3,23,0,13.4
2014,5,4,0,0,13.1
2014,5,4,1,0,13
2014,5,4,2,0,13.1
2014,5,4,3,0,13.4
2014,5,4,4,0,13.9
2014,5,4,5,0,14.4
2014,5,4,6,0,14.9
2014,5,4,7,103,15.3
2014,5,4,8,251,15.8
2014,5,4,9,368,16.1
2014,5,4,10,597,17.5
2014,5,4,11,656,18.3
2014,5,4,12,654,18.8
2014,5,4,13,585,18.8
2014,5,4,14,456,18.3
2014,5,4,15,284,17.3
2014,5,4,16,96,16
2014,5,4,17,0,15
2014,5,4,18,0,14.4
2014,5,4,19,0,13.9
2014,5,4,20,0,13.6
2014,5,4,21,0,13.3
2014,5,4,22,0,13
2014,5,4,23,0,12.8
2014,5,5,0,0,12.5
2014,5,5,1,0,12.4
2014,5,5,2,0,12.2
2014,5,5,3,0,12.1
2014,5,5,4,0,12.1
2014,5,5,5,0,12
2014,5,5,6,0,12.3
2014,5,5,7,143,13.3
2014,5,5,8,332,14.5
2014,5,5,9,495,15.1
2014,5,5,10,607,16.7
2014,5,5,11,662,17.4
2014,5,5,12,653,18
2014,5,5,13,578,18.4
2014,5,5,14,449,18.5
2014,5,5,15,277,18.4
2014,5,5,16,92,17.9
2014,5,5,17,0,17.3
2014,5,5,18,0,16.5
2014,5,5,19,0,15.6
2014,5,5,20,0,14.8
2014,5,5,21,0,14.3
2014,5,5,22,0,14
2014,5,5,23,0,13.8
2014,5,6,0,0,13.7
2014,5,6,1,0,13.7
2014,5,6,2,0,13.8
2014,5,6,3,0,13.9
2014,5,6,4,0,14.1
2014,5,6,5,0,14.3
2014,5,6,6,0,14.8
2014,5,6,7,81,15.7
2014,5,6,8,206,16.9
2014,5,6,9,462,17.5
2014,5,6,10,577,18.8
2014,5,6,11,630,19.2
2014,5,6,12,621,19.5
2014,5,6,13,555,19.6
2014,5,6,14,430,19.7
2014,5,6,15,264,19.5
2014,5,6,16,84,18.8
2014,5,6,17,0,18.2
2014,5,6,18,0,18
2014,5,6,19,0,17.7
2014,5,6,20,0,17.4
2014,5,6,21,0,17.1
2014,5,6,22,0,17
2014,5,6,23,0,16.7
2014,5,7,0,0,16.4
2014,5,7,1,0,16.4
2014,5,7,2,0,16.3
2014,5,7,3,0,16
2014,5,7,4,0,15.6
2014,5,7,5,0,15.2
2014,5,7,6,0,15.3
2014,5,7,7,127,16
2014,5,7,8,307,16.8
2014,5,7,9,466,17.2
2014,5,7,10,418,18.1
2014,5,7,11,635,18.5
2014,5,7,12,625,18.9
2014,5,7,13,555,19
2014,5,7,14,427,19
2014,5,7,15,258,18.7
2014,5,7,16,16,18
2014,5,7,17,0,17.5
2014,5,7,18,0,17.3
2014,5,7,19,0,17.1
2014,5,7,20,0,17
2014,5,7,21,0,17
2014,5,7,22,0,17
2014,5,7,23,0,17
2014,5,8,0,0,17.1
2014,5,8,1,0,17
2014,5,8,2,0,16.8
2014,5,8,3,0,16.5
2014,5,8,4,0,16.5
2014,5,8,5,0,16.4
2014,5,8,6,0,16.7
2014,5,8,7,26,17.5
2014,5,8,8,72,18.2
2014,5,8,9,465,18.6
2014,5,8,10,572,19.1
2014,5,8,11,624,19.2
2014,5,8,12,179,19.3
2014,5,8,13,552,19.3
2014,5,8,14,107,19.1
2014,5,8,15,255,18.8
2014,5,8,16,77,18.3
2014,5,8,17,0,17.9
2014,5,8,18,0,17.7
2014,5,8,19,0,17.7
2014,5,8,20,0,17.6
2014,5,8,21,0,17.5
2014,5,8,22,0,17.4
2014,5,8,23,0,17.4
2014,5,9,0,0,17.3
2014,5,9,1,0,17
2014,5,9,2,0,16.7
2014,5,9,3,0,16.4
2014,5,9,4,0,16.1
2014,5,9,5,0,15.9
2014,5,9,6,0,15.9
2014,5,9,7,41,16.4
2014,5,9,8,118,17.1
2014,5,9,9,167,17.4
2014,5,9,10,411,18.3
2014,5,9,11,621,18.7
2014,5,9,12,612,19
2014,5,9,13,542,19.3
2014,5,9,14,293,19.3
2014,5,9,15,104,19
2014,5,9,16,30,18.3
2014,5,9,17,0,17.8
2014,5,9,18,0,17.8
2014,5,9,19,0,17.9
2014,5,9,20,0,17.8
2014,5,9,21,0,17.6
2014,5,9,22,0,17.3
2014,5,9,23,0,16.9
2014,5,10,0,0,16.5
2014,5,10,1,0,16.1
2014,5,10,2,0,15.7
2014,5,10,3,0,15.4
2014,5,10,4,0,15
2014,5,10,5,0,14.8
2014,5,10,6,0,14.9
2014,5,10,7,120,15.8
2014,5,10,8,234,17
2014,5,10,9,450,17.6
2014,5,10,10,557,19.5
2014,5,10,11,607,20.5
2014,5,10,12,595,21.3
2014,5,10,13,323,21.7
2014,5,10,14,228,21.7
2014,5,10,15,136,21.3
2014,5,10,16,38,20.7
2014,5,10,17,0,20.1
2014,5,10,18,0,19.6
2014,5,10,19,0,19.2
2014,5,10,20,0,18.6
2014,5,10,21,0,18
2014,5,10,22,0,17.4
2014,5,10,23,0,16.9
2014,5,11,0,0,16.6
2014,5,11,1,0,16.5
2014,5,11,2,0,16.4
2014,5,11,3,0,16.3
2014,5,11,4,0,16.3
2014,5,11,5,0,16.3
2014,5,11,6,0,16.5
2014,5,11,7,115,17.2
2014,5,11,8,292,18.2
2014,5,11,9,448,18.8
2014,5,11,10,561,20
2014,5,11,11,615,20.5
2014,5,11,12,87,20.6
2014,5,11,13,536,20.5
2014,5,11,14,410,20.2
2014,5,11,15,244,19.8
2014,5,11,16,70,19.1
2014,5,11,17,0,18.7
2014,5,11,18,0,18.5
2014,5,11,19,0,18.4
2014,5,11,20,0,18.3
2014,5,11,21,0,18.2
2014,5,11,22,0,18.1
2014,5,11,23,0,18
2014,5,12,0,0,17.8
2014,5,12,1,0,17.7
2014,5,12,2,0,17.5
2014,5,12,3,0,17.4
2014,5,12,4,0,17.3
2014,5,12,5,0,17.3
2014,5,12,6,0,17.6
2014,5,12,7,58,18.7
2014,5,12,8,167,19.7
2014,5,12,9,444,20.1
2014,5,12,10,546,20.5
2014,5,12,11,599,20.6
2014,5,12,12,589,20.6
2014,5,12,13,519,20.5
2014,5,12,14,398,20.2
2014,5,12,15,238,19.8
2014,5,12,16,69,19.1
2014,5,12,17,0,18.5
2014,5,12,18,0,18.3
2014,5,12,19,0,18.2
2014,5,12,20,0,18.1
2014,5,12,21,0,18.1
2014,5,12,22,0,18
2014,5,12,23,0,18
2014,5,13,0,0,17.8
2014,5,13,1,0,17.5
2014,5,13,2,0,17.2
2014,5,13,3,0,17
2014,5,13,4,0,16.9
2014,5,13,5,0,16.8
2014,5,13,6,0,17
2014,5,13,7,116,17.6
2014,5,13,8,293,18.2
2014,5,13,9,447,18.4
2014,5,13,10,549,19.4
2014,5,13,11,602,20.1
2014,5,13,12,593,20.5
2014,5,13,13,529,20.8
2014,5,13,14,405,20.8
2014,5,13,15,241,20.4
2014,5,13,16,67,19.7
2014,5,13,17,0,19
2014,5,13,18,0,18.6
2014,5,13,19,0,18.4
2014,5,13,20,0,18.2
2014,5,13,21,0,17.9
2014,5,13,22,0,17.7
2014,5,13,23,0,17.4
2014,5,14,0,0,17
2014,5,14,1,0,16.7
2014,5,14,2,0,16.3
2014,5,14,3,0,16
2014,5,14,4,0,15.7
2014,5,14,5,0,15.4
2014,5,14,6,0,15.4
2014,5,14,7,111,16.2
2014,5,14,8,285,17.4
2014,5,14,9,438,18.1
2014,5,14,10,546,19.8
2014,5,14,11,600,20.5
2014,5,14,12,593,21
2014,5,14,13,523,21.3
2014,5,14,14,400,21.3
2014,5,14,15,238,20.8
2014,5,14,16,66,19.9
2014,5,14,17,0,19.1
2014,5,14,18,0,18.6
2014,5,14,19,0,18.3
2014,5,14,20,0,18.1
2014,5,14,21,0,17.7
2014,5,14,22,0,17.3
2014,5,14,23,0,16.9
2014,5,15,0,0,16.4
2014,5,15,1,0,15.9
2014,5,15,2,0,15.4
2014,5,15,3,0,15
2014,5,15,4,0,14.7
2014,5,15,5,0,14.4
2014,5,15,6,0,14.4
2014,5,15,7,113,15.1
2014,5,15,8,290,16.4
2014,5,15,9,447,17
2014,5,15,10,556,19.4
2014,5,15,11,609,20.4
2014,5,15,12,600,21.1
2014,5,15,13,533,21.5
2014,5,15,14,408,21.6
2014,5,15,15,240,21.2
2014,5,15,16,65,20.2
2014,5,15,17,0,19.4
2014,5,15,18,0,18.9
2014,5,15,19,0,18.6
2014,5,15,20,0,18.3
2014,5,15,21,0,17.9
2014,5,15,22,0,17.5
2014,5,15,23,0,17.1
2014,5,16,0,0,16.7
2014,5,16,1,0,16.2
2014,5,16,2,0,15.7
2014,5,16,3,0,15.3
2014,5,16,4,0,14.9
2014,5,16,5,0,14.5
2014,5,16,6,0,14.4
2014,5,16,7,111,15
2014,5,16,8,290,16.1
2014,5,16,9,446,16.7
2014,5,16,10,559,20
2014,5,16,11,612,21.5
2014,5,16,12,603,22.1
2014,5,16,13,533,22.4
2014,5,16,14,408,22.5
2014,5,16,15,241,22
2014,5,16,16,65,20.9
2014,5,16,17,0,19.9
2014,5,16,18,0,19.2
2014,5,16,19,0,18.8
2014,5,16,20,0,18.4
2014,5,16,21,0,17.9
2014,5,16,22,0,17.5
2014,5,16,23,0,17.1
2014,5,17,0,0,16.7
2014,5,17,1,0,16.2
2014,5,17,2,0,15.8
2014,5,17,3,0,15.5
2014,5,17,4,0,15.1
2014,5,17,5,0,14.7
2014,5,17,6,0,14.6
2014,5,17,7,107,15.1
2014,5,17,8,148,16.4
2014,5,17,9,436,17.2
2014,5,17,10,542,19.7
2014,5,17,11,597,21.2
2014,5,17,12,587,22.4
2014,5,17,13,520,23
2014,5,17,14,395,23.2
2014,5,17,15,230,22.6
2014,5,17,16,59,21.4
2014,5,17,17,0,20.3
2014,5,17,18,0,19.6
2014,5,17,19,0,19
2014,5,17,20,0,18.5
2014,5,17,21,0,18
2014,5,17,22,0,17.4
2014,5,17,23,0,16.8
2014,5,18,0,0,16.3
2014,5,18,1,0,15.9
2014,5,18,2,0,15.5
2014,5,18,3,0,15.2
2014,5,18,4,0,15
2014,5,18,5,0,14.8
2014,5,18,6,0,14.8
2014,5,18,7,46,15.3
2014,5,18,8,93,16
2014,5,18,9,248,16.4
2014,5,18,10,296,17.9
2014,5,18,11,321,18.8
2014,5,18,12,449,19.5
2014,5,18,13,378,19.8
2014,5,18,14,230,20
2014,5,18,15,161,19.8
2014,5,18,16,39,19.4
2014,5,18,17,0,19.1
2014,5,18,18,0,18.9
2014,5,18,19,0,18.6
2014,5,18,20,0,18.2
2014,5,18,21,0,17.9
2014,5,18,22,0,17.6
2014,5,18,23,0,17.2
2014,5,19,0,0,16.8
2014,5,19,1,0,16.3
2014,5,19,2,0,15.8
2014,5,19,3,0,15.5
2014,5,19,4,0,15.2
2014,5,19,5,0,15.1
2014,5,19,6,0,15.2
2014,5,19,7,51,16
2014,5,19,8,159,17.5
2014,5,19,9,418,18.3
2014,5,19,10,445,21.3
2014,5,19,11,575,22.6
2014,5,19,12,564,23.3
2014,5,19,13,501,23.6
2014,5,19,14,378,23.6
2014,5,19,15,218,23.1
2014,5,19,16,53,22.5
2014,5,19,17,0,21.8
2014,5,19,18,0,21.2
2014,5,19,19,0,20.5
2014,5,19,20,0,19.6
2014,5,19,21,0,18.9
2014,5,19,22,0,18.2
2014,5,19,23,0,17.7
2014,5,20,0,0,17.2
2014,5,20,1,0,16.7
2014,5,20,2,0,16.3
2014,5,20,3,0,15.9
2014,5,20,4,0,15.7
2014,5,20,5,0,15.6
2014,5,20,6,0,15.8
2014,5,20,7,48,16.4
2014,5,20,8,176,17.4
2014,5,20,9,288,18
2014,5,20,10,387,20.6
2014,5,20,11,381,22.2
2014,5,20,12,409,23.3
2014,5,20,13,355,23.6
2014,5,20,14,372,23.6
2014,5,20,15,139,23.1
2014,5,20,16,33,22.2
2014,5,20,17,0,21.4
2014,5,20,18,0,20.6
2014,5,20,19,0,20
2014,5,20,20,0,19.5
2014,5,20,21,0,18.9
2014,5,20,22,0,18.4
2014,5,20,23,0,17.9
2014,5,21,0,0,17.5
2014,5,21,1,0,17.2
2014,5,21,2,0,16.8
2014,5,21,3,0,16.6
2014,5,21,4,0,16.4
2014,5,21,5,0,16.2
2014,5,21,6,0,16.3
2014,5,21,7,89,17
2014,5,21,8,250,18.5
2014,5,21,9,395,19.4
2014,5,21,10,507,21.1
2014,5,21,11,558,21.6
2014,5,21,12,550,21.7
2014,5,21,13,486,21.7
2014,5,21,14,367,21.5
2014,5,21,15,211,21
2014,5,21,16,51,20.1
2014,5,21,17,0,19.4
2014,5,21,18,0,19.1
2014,5,21,19,0,18.9
2014,5,21,20,0,18.6
2014,5,21,21,0,18.2
2014,5,21,22,0,17.8
2014,5,21,23,0,17.4
2014,5,22,0,0,17
2014,5,22,1,0,16.5
2014,5,22,2,0,16
2014,5,22,3,0,15.5
2014,5,22,4,0,15.1
2014,5,22,5,0,14.8
2014,5,22,6,0,14.8
2014,5,22,7,95,15.4
2014,5,22,8,266,16.7
2014,5,22,9,419,17.5
2014,5,22,10,526,20.6
2014,5,22,11,579,21.9
2014,5,22,12,568,22.7
2014,5,22,13,500,23.2
2014,5,22,14,377,23.3
2014,5,22,15,216,22.8
2014,5,22,16,50,21.9
2014,5,22,17,0,21.1
2014,5,22,18,0,20.5
2014,5,22,19,0,19.9
2014,5,22,20,0,19.2
2014,5,22,21,0,18.4
2014,5,22,22,0,17.8
2014,5,22,23,0,17.3
2014,5,23,0,0,16.9
2014,5,23,1,0,16.6
2014,5,23,2,0,16.4
2014,5,23,3,0,16.1
2014,5,23,4,0,15.9
2014,5,23,5,0,15.7
2014,5,23,6,0,15.7
2014,5,23,7,87,16.4
2014,5,23,8,251,17.7
2014,5,23,9,397,18.5
2014,5,23,10,503,21.5
2014,5,23,11,553,23
2014,5,23,12,544,23.7
2014,5,23,13,423,24
2014,5,23,14,360,24.1
2014,5,23,15,205,23.6
2014,5,23,16,48,22.6
2014,5,23,17,0,21.9
2014,5,23,18,0,21.3
2014,5,23,19,0,20.8
2014,5,23,20,0,20.1
2014,5,23,21,0,19.4
2014,5,23,22,0,18.7
2014,5,23,23,0,18.1
2014,5,24,0,0,17.6
2014,5,24,1,0,17.2
2014,5,24,2,0,17
2014,5,24,3,0,16.8
2014,5,24,4,0,16.7
2014,5,24,5,0,16.6
2014,5,24,6,0,16.8
2014,5,24,7,85,17.5
2014,5,24,8,247,18.8
2014,5,24,9,393,19.5
2014,5,24,10,498,21.6
2014,5,24,11,548,22.3
2014,5,24,12,539,22.7
2014,5,24,13,382,22.8
2014,5,24,14,356,22.7
2014,5,24,15,27,22.2
2014,5,24,16,6,21.4
2014,5,24,17,0,20.7
2014,5,24,18,0,20.3
2014,5,24,19,0,20.1
2014,5,24,20,0,20.2
2014,5,24,21,0,20.1
2014,5,24,22,0,19.8
2014,5,24,23,0,19.3
2014,5,25,0,0,18.8
2014,5,25,1,0,18.5
2014,5,25,2,0,18.1
2014,5,25,3,0,17.8
2014,5,25,4,0,17.4
2014,5,25,5,0,17.1
2014,5,25,6,0,17
2014,5,25,7,83,17.5
2014,5,25,8,33,18.8
2014,5,25,9,319,19.6
2014,5,25,10,290,21.9
2014,5,25,11,279,23
2014,5,25,12,538,23.6
2014,5,25,13,472,23.8
2014,5,25,14,353,23.7
2014,5,25,15,198,23.1
2014,5,25,16,43,22
2014,5,25,17,0,21.1
2014,5,25,18,0,20.7
2014,5,25,19,0,20.4
2014,5,25,20,0,20.1
2014,5,25,21,0,19.8
2014,5,25,22,0,19.4
2014,5,25,23,0,19
2014,5,26,0,0,18.5
2014,5,26,1,0,18
2014,5,26,2,0,17.5
2014,5,26,3,0,17
2014,5,26,4,0,16.7
2014,5,26,5,0,16.4
2014,5,26,6,0,16.4
2014,5,26,7,75,17
2014,5,26,8,233,18.3
2014,5,26,9,378,19.1
2014,5,26,10,492,21.4
2014,5,26,11,480,22.7
2014,5,26,12,533,23.5
2014,5,26,13,476,23.9
2014,5,26,14,357,23.8
2014,5,26,15,203,23.1
2014,5,26,16,45,21.8
2014,5,26,17,0,20.8
2014,5,26,18,0,20.3
2014,5,26,19,0,20.2
2014,5,26,20,0,20.1
2014,5,26,21,0,19.9
2014,5,26,22,0,19.7
2014,5,26,23,0,19.5
2014,5,27,0,0,19.2
2014,5,27,1,0,19
2014,5,27,2,0,18.9
2014,5,27,3,0,18.7
2014,5,27,4,0,18.6
2014,5,27,5,0,18.4
2014,5,27,6,0,18.3
2014,5,27,7,79,18.8
2014,5,27,8,167,19.5
2014,5,27,9,305,20
2014,5,27,10,356,21.6
2014,5,27,11,373,22.5
2014,5,27,12,352,23
2014,5,27,13,218,23.2
2014,5,27,14,253,23.1
2014,5,27,15,134,22.9
2014,5,27,16,23,22.5
2014,5,27,17,0,22.1
2014,5,27,18,0,21.8
2014,5,27,19,0,21.6
2014,5,27,20,0,21.4
2014,5,27,21,0,21.1
2014,5,27,22,0,20.5
2014,5,27,23,0,19.7
2014,5,28,0,0,18.8
2014,5,28,1,0,18.3
2014,5,28,2,0,18.2
2014,5,28,3,0,18.1
2014,5,28,4,0,18
2014,5,28,5,0,17.8
2014,5,28,6,0,17.7
2014,5,28,7,81,18.4
2014,5,28,8,248,19.4
2014,5,28,9,397,19.8
2014,5,28,10,504,20.8
2014,5,28,11,555,21.3
2014,5,28,12,547,21.8
2014,5,28,13,480,22.2
2014,5,28,14,360,22.2
2014,5,28,15,204,21.6
2014,5,28,16,44,20.7
2014,5,28,17,0,19.8
2014,5,28,18,0,19.1
2014,5,28,19,0,18.4
2014,5,28,20,0,17.8
2014,5,28,21,0,17.3
2014,5,28,22,0,16.9
2014,5,28,23,0,16.5
2014,5,29,0,0,16.2
2014,5,29,1,0,15.9
2014,5,29,2,0,15.6
2014,5,29,3,0,15.4
2014,5,29,4,0,15.2
2014,5,29,5,0,15
2014,5,29,6,0,15.2
2014,5,29,7,78,16.1
2014,5,29,8,242,17.4
2014,5,29,9,390,18
2014,5,29,10,494,19.3
2014,5,29,11,398,19.7
2014,5,29,12,534,19.9
2014,5,29,13,469,19.9
2014,5,29,14,184,19.6
2014,5,29,15,92,19.1
2014,5,29,16,17,18.6
2014,5,29,17,0,18.3
2014,5,29,18,0,18.2
2014,5,29,19,0,18.1
2014,5,29,20,0,18
2014,5,29,21,0,17.9
2014,5,29,22,0,17.8
2014,5,29,23,0,17.7
2014,5,30,0,0,17.6
2014,5,30,1,0,17.5
2014,5,30,2,0,17.3
2014,5,30,3,0,17.1
2014,5,30,4,0,17
2014,5,30,5,0,16.9
2014,5,30,6,0,17.1
2014,5,30,7,34,17.8
2014,5,30,8,125,18.5
2014,5,30,9,388,18.8
2014,5,30,10,488,19.6
2014,5,30,11,540,19.9
2014,5,30,12,111,20.1
2014,5,30,13,463,20.1
2014,5,30,14,346,19.8
2014,5,30,15,193,19.3
2014,5,30,16,40,18.6
2014,5,30,17,0,18.1
2014,5,30,18,0,17.9
2014,5,30,19,0,17.8
2014,5,30,20,0,17.7
2014,5,30,21,0,17.7
2014,5,30,22,0,17.6
2014,5,30,23,0,17.5
2014,5,31,0,0,17.5
2014,5,31,1,0,17.4
2014,5,31,2,0,17.3
2014,5,31,3,0,17.3
2014,5,31,4,0,17.2
2014,5,31,5,0,17.1
2014,5,31,6,0,17.1
2014,5,31,7,70,17.7
2014,5,31,8,228,18.4
2014,5,31,9,375,18.5
2014,5,31,10,477,19.1
2014,5,31,11,526,19.4
2014,5,31,12,519,19.5
2014,5,31,13,459,19.5
2014,5,31,14,342,19.5
2014,5,31,15,191,19.2
2014,5,31,16,38,18.9
2014,5,31,17,0,18.6
2014,5,31,18,0,18.4
2014,5,31,19,0,18.3
2014,5,31,20,0,18.2
2014,5,31,21,0,18.2
2014,5,31,22,0,18.1
2014,5,31,23,0,18.2
2014,6,1,0,0,18.2
2014,6,1,1,0,18.2
2014,6,1,2,0,18.1
2014,6,1,3,0,18
2014,6,1,4,0,18
2014,6,1,5,0,17.9
2014,6,1,6,0,18
2014,6,1,7,11,18.3
2014,6,1,8,175,18.7
2014,6,1,9,141,18.8
2014,6,1,10,254,18.9
2014,6,1,11,231,18.8
2014,6,1,12,205,18.7
2014,6,1,13,152,18.5
2014,6,1,14,148,18.4
2014,6,1,15,75,18.1
2014,6,1,16,16,17.5
2014,6,1,17,0,17.3
2014,6,1,18,0,17.2
2014,6,1,19,0,17.2
2014,6,1,20,0,17.2
2014,6,1,21,0,17.2
2014,6,1,22,0,17.3
2014,6,1,23,0,17.3
2014,6,2,0,0,17.2
2014,6,2,1,0,17
2014,6,2,2,0,16.8
2014,6,2,3,0,16.3
2014,6,2,4,0,15.7
2014,6,2,5,0,15.2
2014,6,2,6,0,14.9
2014,6,2,7,28,14.9
2014,6,2,8,92,15.3
2014,6,2,9,134,15.5
2014,6,2,10,205,17
2014,6,2,11,534,18.3
2014,6,2,12,535,19.2
2014,6,2,13,472,19.7
2014,6,2,14,353,19.8
2014,6,2,15,196,19.4
2014,6,2,16,8,18.7
2014,6,2,17,0,18.1
2014,6,2,18,0,17.6
2014,6,2,19,0,17.1
2014,6,2,20,0,16.6
2014,6,2,21,0,16.1
2014,6,2,22,0,15.6
2014,6,2,23,0,15
2014,6,3,0,0,14.6
2014,6,3,1,0,14.2
2014,6,3,2,0,13.9
2014,6,3,3,0,13.6
2014,6,3,4,0,13.4
2014,6,3,5,0,13.2
2014,6,3,6,0,13.3
2014,6,3,7,73,13.9
2014,6,3,8,236,15
2014,6,3,9,385,15.6
2014,6,3,10,491,17
2014,6,3,11,544,17.9
2014,6,3,12,535,18.6
2014,6,3,13,470,19.1
2014,6,3,14,351,19.4
2014,6,3,15,196,19
2014,6,3,16,40,18.1
2014,6,3,17,0,17.1
2014,6,3,18,0,16.2
2014,6,3,19,0,15.5
2014,6,3,20,0,15
2014,6,3,21,0,14.6
2014,6,3,22,0,14.3
2014,6,3,23,0,14
2014,6,4,0,0,13.8
2014,6,4,1,0,13.7
2014,6,4,2,0,13.8
2014,6,4,3,0,13.8
2014,6,4,4,0,13.9
2014,6,4,5,0,14
2014,6,4,6,0,14.1
2014,6,4,7,69,14.9
2014,6,4,8,228,16.2
2014,6,4,9,374,16.8
2014,6,4,10,479,18.5
2014,6,4,11,529,19.2
2014,6,4,12,522,19.6
2014,6,4,13,459,19.7
2014,6,4,14,343,19.5
2014,6,4,15,190,19
2014,6,4,16,37,18.3
2014,6,4,17,0,17.8
2014,6,4,18,0,17.7
2014,6,4,19,0,17.6
2014,6,4,20,0,17.6
2014,6,4,21,0,17.6
2014,6,4,22,0,17.5
2014,6,4,23,0,17.4
2014,6,5,0,0,17.3
2014,6,5,1,0,17.2
2014,6,5,2,0,17
2014,6,5,3,0,16.9
2014,6,5,4,0,16.7
2014,6,5,5,0,16.6
2014,6,5,6,0,16.6
2014,6,5,7,12,16.9
2014,6,5,8,73,17.3
2014,6,5,9,215,17.4
2014,6,5,10,165,18.1
2014,6,5,11,135,18.5
2014,6,5,12,168,18.7
2014,6,5,13,272,18.7
2014,6,5,14,98,18.5
2014,6,5,15,47,18
2014,6,5,16,9,17.5
2014,6,5,17,0,17.2
2014,6,5,18,0,17.2
2014,6,5,19,0,17.1
2014,6,5,20,0,17.1
2014,6,5,21,0,16.9
2014,6,5,22,0,16.8
2014,6,5,23,0,16.6
2014,6,6,0,0,16.5
2014,6,6,1,0,16.3
2014,6,6,2,0,16.2
2014,6,6,3,0,16.2
2014,6,6,4,0,16.3
2014,6,6,5,0,16.5
2014,6,6,6,0,16.7
2014,6,6,7,15,16.8
2014,6,6,8,58,16.9
2014,6,6,9,266,17
2014,6,6,10,146,17
2014,6,6,11,118,17
2014,6,6,12,149,17
2014,6,6,13,131,17
2014,6,6,14,57,17
2014,6,6,15,29,16.7
2014,6,6,16,8,16.5
2014,6,6,17,0,16.2
2014,6,6,18,0,16
2014,6,6,19,0,15.7
2014,6,6,20,0,15.5
2014,6,6,21,0,15.3
2014,6,6,22,0,15.2
2014,6,6,23,0,15.1
2014,6,7,0,0,15
2014,6,7,1,0,14.9
2014,6,7,2,0,14.7
2014,6,7,3,0,14.5
2014,6,7,4,0,14.4
2014,6,7,5,0,14.2
2014,6,7,6,0,14.2
2014,6,7,7,62,14.6
2014,6,7,8,218,15.3
2014,6,7,9,364,15.6
2014,6,7,10,468,16.9
2014,6,7,11,520,17.6
2014,6,7,12,515,18
2014,6,7,13,364,18.2
2014,6,7,14,246,18.1
2014,6,7,15,190,17.6
2014,6,7,16,37,16.9
2014,6,7,17,0,16.4
2014,6,7,18,0,16.1
2014,6,7,19,0,15.9
2014,6,7,20,0,15.7
2014,6,7,21,0,15.5
2014,6,7,22,0,15.3
2014,6,7,23,0,15.2
2014,6,8,0,0,15.1
2014,6,8,1,0,14.9
2014,6,8,2,0,14.7
2014,6,8,3,0,14.6
2014,6,8,4,0,14.4
2014,6,8,5,0,14.3
2014,6,8,6,0,14.3
2014,6,8,7,60,14.7
2014,6,8,8,215,15.4
2014,6,8,9,361,15.7
2014,6,8,10,468,16.4
2014,6,8,11,520,16.7
2014,6,8,12,512,16.9
2014,6,8,13,163,17
2014,6,8,14,33,16.9
2014,6,8,15,18,16.5
2014,6,8,16,6,15.8
2014,6,8,17,0,15.3
2014,6,8,18,0,15
2014,6,8,19,0,14.7
2014,6,8,20,0,14.5
2014,6,8,21,0,14.3
2014,6,8,22,0,14.1
2014,6,8,23,0,13.8
2014,6,9,0,0,13.4
2014,6,9,1,0,13.1
2014,6,9,2,0,12.9
2014,6,9,3,0,12.8
2014,6,9,4,0,12.7
2014,6,9,5,0,12.9
2014,6,9,6,0,13.2
2014,6,9,7,52,14
2014,6,9,8,195,15.1
2014,6,9,9,334,15.7
2014,6,9,10,453,17.1
2014,6,9,11,419,17.6
2014,6,9,12,388,17.9
2014,6,9,13,288,18
2014,6,9,14,73,17.8
2014,6,9,15,36,17.4
2014,6,9,16,20,16.9
2014,6,9,17,0,16.8
2014,6,9,18,0,16.9
2014,6,9,19,0,16.9
2014,6,9,20,0,17
2014,6,9,21,0,17
2014,6,9,22,0,17.1
2014,6,9,23,0,17.1
2014,6,10,0,0,17
2014,6,10,1,0,16.9
2014,6,10,2,0,16.7
2014,6,10,3,0,16.5
2014,6,10,4,0,16.5
2014,6,10,5,0,16.5
2014,6,10,6,0,16.5
2014,6,10,7,4,17
2014,6,10,8,14,17.6
2014,6,10,9,94,17.8
2014,6,10,10,304,18.2
2014,6,10,11,152,18.3
2014,6,10,12,240,18.3
2014,6,10,13,457,18.3
2014,6,10,14,342,18.2
2014,6,10,15,68,17.7
2014,6,10,16,36,17.1
2014,6,10,17,0,16.8
2014,6,10,18,0,16.6
2014,6,10,19,0,16.5
2014,6,10,20,0,16.3
2014,6,10,21,0,16.1
2014,6,10,22,0,15.8
2014,6,10,23,0,15.6
2014,6,11,0,0,15.4
2014,6,11,1,0,15.3
2014,6,11,2,0,15.3
2014,6,11,3,0,15.3
2014,6,11,4,0,15.4
2014,6,11,5,0,15.4
2014,6,11,6,0,15.5
2014,6,11,7,29,15.9
2014,6,11,8,215,16.4
2014,6,11,9,227,16.6
2014,6,11,10,465,17.5
2014,6,11,11,519,17.9
2014,6,11,12,515,18.2
2014,6,11,13,124,18.2
2014,6,11,14,339,18.1
2014,6,11,15,41,17.8
2014,6,11,16,8,17.3
2014,6,11,17,0,17.1
2014,6,11,18,0,17.1
2014,6,11,19,0,17
2014,6,11,20,0,17
2014,6,11,21,0,17
2014,6,11,22,0,16.9
2014,6,11,23,0,16.8
2014,6,12,0,0,16.8
2014,6,12,1,0,16.6
2014,6,12,2,0,16.3
2014,6,12,3,0,15.9
2014,6,12,4,0,15.6
2014,6,12,5,0,15.1
2014,6,12,6,0,14.7
2014,6,12,7,34,14.8
2014,6,12,8,109,15.3
2014,6,12,9,253,15.6
2014,6,12,10,343,16.7
2014,6,12,11,404,17.4
2014,6,12,12,376,17.9
2014,6,12,13,326,18.3
2014,6,12,14,258,18.4
2014,6,12,15,191,17.9
2014,6,12,16,37,17.1
2014,6,12,17,0,16.5
2014,6,12,18,0,16.3
2014,6,12,19,0,16.2
2014,6,12,20,0,16.2
2014,6,12,21,0,16
2014,6,12,22,0,15.8
2014,6,12,23,0,15.4
2014,6,13,0,0,14.9
2014,6,13,1,0,14.4
2014,6,13,2,0,14
2014,6,13,3,0,13.7
2014,6,13,4,0,13.4
2014,6,13,5,0,13.2
2014,6,13,6,0,13.1
2014,6,13,7,34,13.5
2014,6,13,8,36,14.2
2014,6,13,9,236,14.5
2014,6,13,10,220,15.7
2014,6,13,11,375,16.5
2014,6,13,12,309,17.2
2014,6,13,13,381,17.8
2014,6,13,14,293,18.1
2014,6,13,15,157,17.8
2014,6,13,16,30,17.1
2014,6,13,17,0,16.6
2014,6,13,18,0,16.4
2014,6,13,19,0,16.3
2014,6,13,20,0,16.1
2014,6,13,21,0,15.9
2014,6,13,22,0,15.8
2014,6,13,23,0,15.6
2014,6,14,0,0,15.4
2014,6,14,1,0,15.1
2014,6,14,2,0,14.9
2014,6,14,3,0,14.8
2014,6,14,4,0,14.8
2014,6,14,5,0,14.8
2014,6,14,6,0,14.8
2014,6,14,7,4,15
2014,6,14,8,7,15.2
2014,6,14,9,12,15.3
2014,6,14,10,248,16.1
2014,6,14,11,364,17.1
2014,6,14,12,241,17.9
2014,6,14,13,286,18.3
2014,6,14,14,339,18.4
2014,6,14,15,101,18.2
2014,6,14,16,37,17.7
2014,6,14,17,0,17.2
2014,6,14,18,0,16.9
2014,6,14,19,0,16.6
2014,6,14,20,0,16.1
2014,6,14,21,0,15.3
2014,6,14,22,0,14.6
2014,6,14,23,0,14
2014,6,15,0,0,13.6
2014,6,15,1,0,13.2
2014,6,15,2,0,12.9
2014,6,15,3,0,12.6
2014,6,15,4,0,12.3
2014,6,15,5,0,12.1
2014,6,15,6,0,12.3
2014,6,15,7,28,12.9
2014,6,15,8,108,13.8
2014,6,15,9,72,14.2
2014,6,15,10,97,15
2014,6,15,11,128,15.4
2014,6,15,12,291,15.6
2014,6,15,13,62,16
2014,6,15,14,12,16.6
2014,6,15,15,7,16.9
2014,6,15,16,7,16.8
2014,6,15,17,0,16.7
2014,6,15,18,0,16.6
2014,6,15,19,0,16.2
2014,6,15,20,0,15.8
2014,6,15,21,0,15.3
2014,6,15,22,0,14.7
2014,6,15,23,0,14
2014,6,16,0,0,13.5
2014,6,16,1,0,13.1
2014,6,16,2,0,12.8
2014,6,16,3,0,12.4
2014,6,16,4,0,12.1
2014,6,16,5,0,11.8
2014,6,16,6,0,11.7
2014,6,16,7,59,12.2
2014,6,16,8,219,13.3
2014,6,16,9,367,13.9
2014,6,16,10,474,15.5
2014,6,16,11,529,16.3
2014,6,16,12,524,17
2014,6,16,13,460,17.7
2014,6,16,14,347,18
2014,6,16,15,194,17.7
2014,6,16,16,39,16.6
2014,6,16,17,0,15.3
2014,6,16,18,0,14.3
2014,6,16,19,0,13.6
2014,6,16,20,0,13.2
2014,6,16,21,0,12.8
2014,6,16,22,0,12.6
2014,6,16,23,0,12.5
2014,6,17,0,0,12.5
2014,6,17,1,0,12.5
2014,6,17,2,0,12.6
2014,6,17,3,0,12.7
2014,6,17,4,0,12.8
2014,6,17,5,0,12.9
2014,6,17,6,0,13
2014,6,17,7,58,13.7
2014,6,17,8,217,14.9
2014,6,17,9,364,15.5
2014,6,17,10,469,17
2014,6,17,11,523,17.7
2014,6,17,12,516,18.2
2014,6,17,13,454,18.4
2014,6,17,14,340,18.4
2014,6,17,15,37,17.9
2014,6,17,16,7,17.1
2014,6,17,17,0,16.7
2014,6,17,18,0,16.5
2014,6,17,19,0,16.2
2014,6,17,20,0,16
2014,6,17,21,0,15.8
2014,6,17,22,0,15.6
2014,6,17,23,0,15.3
2014,6,18,0,0,15
2014,6,18,1,0,14.9
2014,6,18,2,0,14.7
2014,6,18,3,0,14.5
2014,6,18,4,0,14.3
2014,6,18,5,0,14.1
2014,6,18,6,0,13.9
2014,6,18,7,53,14.4
2014,6,18,8,210,15.3
2014,6,18,9,357,15.7
2014,6,18,10,466,16.8
2014,6,18,11,521,17.3
2014,6,18,12,517,17.5
2014,6,18,13,459,17.6
2014,6,18,14,345,17.5
2014,6,18,15,193,16.9
2014,6,18,16,38,16
2014,6,18,17,0,15.5
2014,6,18,18,0,15.2
2014,6,18,19,0,15.1
2014,6,18,20,0,15.2
2014,6,18,21,0,15.4
2014,6,18,22,0,15.4
2014,6,18,23,0,15.2
2014,6,19,0,0,15
2014,6,19,1,0,14.8
2014,6,19,2,0,14.6
2014,6,19,3,0,14.4
2014,6,19,4,0,14.2
2014,6,19,5,0,13.8
2014,6,19,6,0,13.5
2014,6,19,7,53,13.8
2014,6,19,8,209,14.8
2014,6,19,9,356,15.4
2014,6,19,10,462,16.9
2014,6,19,11,517,17.6
2014,6,19,12,514,18.2
2014,6,19,13,460,18.5
2014,6,19,14,344,18.6
2014,6,19,15,55,18.2
2014,6,19,16,13,17.5
2014,6,19,17,0,17
2014,6,19,18,0,16.7
2014,6,19,19,0,16.4
2014,6,19,20,0,16.1
2014,6,19,21,0,15.7
2014,6,19,22,0,15.4
2014,6,19,23,0,15.1
2014,6,20,0,0,14.8
2014,6,20,1,0,14.6
2014,6,20,2,0,14.4
2014,6,20,3,0,14.2
2014,6,20,4,0,14
2014,6,20,5,0,13.9
2014,6,20,6,0,13.8
2014,6,20,7,18,14.4
2014,6,20,8,203,15.7
2014,6,20,9,348,16.4
2014,6,20,10,217,18.5
2014,6,20,11,504,19.6
2014,6,20,12,163,20.2
2014,6,20,13,247,20.4
2014,6,20,14,194,20.2
2014,6,20,15,183,19.6
2014,6,20,16,35,18.7
2014,6,20,17,0,18.1
2014,6,20,18,0,17.6
2014,6,20,19,0,17.1
2014,6,20,20,0,16.6
2014,6,20,21,0,16.1
2014,6,20,22,0,15.6
2014,6,20,23,0,15.2
2014,6,21,0,0,14.7
2014,6,21,1,0,14.2
2014,6,21,2,0,13.7
2014,6,21,3,0,13.2
2014,6,21,4,0,12.7
2014,6,21,5,0,12.4
2014,6,21,6,0,12.3
2014,6,21,7,52,12.8
2014,6,21,8,207,14.1
2014,6,21,9,355,14.8
2014,6,21,10,462,17.2
2014,6,21,11,517,18.2
2014,6,21,12,511,18.7
2014,6,21,13,457,18.9
2014,6,21,14,345,18.9
2014,6,21,15,194,18.2
2014,6,21,16,40,17.2
2014,6,21,17,0,16.6
2014,6,21,18,0,16.3
2014,6,21,19,0,16.3
2014,6,21,20,0,16.2
2014,6,21,21,0,16.1
2014,6,21,22,0,15.8
2014,6,21,23,0,15.4
2014,6,22,0,0,15
2014,6,22,1,0,14.5
2014,6,22,2,0,14.1
2014,6,22,3,0,13.9
2014,6,22,4,0,13.7
2014,6,22,5,0,13.6
2014,6,22,6,0,13.6
2014,6,22,7,10,14.2
2014,6,22,8,44,15.1
2014,6,22,9,86,15.5
2014,6,22,10,102,16.6
2014,6,22,11,221,17.3
2014,6,22,12,507,17.7
2014,6,22,13,451,17.8
2014,6,22,14,339,17.8
2014,6,22,15,190,17.3
2014,6,22,16,40,16.6
2014,6,22,17,0,16
2014,6,22,18,0,15.7
2014,6,22,19,0,15.4
2014,6,22,20,0,15.1
2014,6,22,21,0,14.7
2014,6,22,22,0,14.3
2014,6,22,23,0,13.9
2014,6,23,0,0,13.5
2014,6,23,1,0,13.2
2014,6,23,2,0,13
2014,6,23,3,0,12.8
2014,6,23,4,0,12.8
2014,6,23,5,0,12.7
2014,6,23,6,0,12.8
2014,6,23,7,50,13.2
2014,6,23,8,59,13.9
2014,6,23,9,112,14.4
2014,6,23,10,86,15.9
2014,6,23,11,149,16.8
2014,6,23,12,119,17.2
2014,6,23,13,86,17.2
2014,6,23,14,100,17.1
2014,6,23,15,51,17
2014,6,23,16,13,16.8
2014,6,23,17,0,16.6
2014,6,23,18,0,16.5
2014,6,23,19,0,16.3
2014,6,23,20,0,16
2014,6,23,21,0,15.5
2014,6,23,22,0,15.1
2014,6,23,23,0,14.6
2014,6,24,0,0,14.1
2014,6,24,1,0,13.6
2014,6,24,2,0,13.2
2014,6,24,3,0,12.8
2014,6,24,4,0,12.4
2014,6,24,5,0,12.1
2014,6,24,6,0,12.1
2014,6,24,7,52,12.5
2014,6,24,8,212,13.1
2014,6,24,9,361,13.4
2014,6,24,10,468,14.2
2014,6,24,11,524,14.8
2014,6,24,12,523,15.3
2014,6,24,13,462,15.8
2014,6,24,14,348,16
2014,6,24,15,198,15.8
2014,6,24,16,41,15.4
2014,6,24,17,0,15
2014,6,24,18,0,15
2014,6,24,19,0,14.9
2014,6,24,20,0,14.8
2014,6,24,21,0,14.5
2014,6,24,22,0,14.2
2014,6,24,23,0,13.8
2014,6,25,0,0,13.6
2014,6,25,1,0,13.3
2014,6,25,2,0,13.1
2014,6,25,3,0,13
2014,6,25,4,0,12.9
2014,6,25,5,0,13
2014,6,25,6,0,13.3
2014,6,25,7,30,14.1
2014,6,25,8,213,14.9
2014,6,25,9,364,15
2014,6,25,10,474,15.7
2014,6,25,11,533,16.3
2014,6,25,12,531,16.7
2014,6,25,13,471,16.8
2014,6,25,14,355,16.8
2014,6,25,15,202,16.3
2014,6,25,16,43,15.6
2014,6,25,17,0,15
2014,6,25,18,0,14.4
2014,6,25,19,0,13.9
2014,6,25,20,0,13.5
2014,6,25,21,0,13.2
2014,6,25,22,0,13.1
2014,6,25,23,0,13
2014,6,26,0,0,13.1
2014,6,26,1,0,13.2
2014,6,26,2,0,13.2
2014,6,26,3,0,13.3
2014,6,26,4,0,13.4
2014,6,26,5,0,13.5
2014,6,26,6,0,13.7
2014,6,26,7,54,14.6
2014,6,26,8,215,15.8
2014,6,26,9,364,16.4
2014,6,26,10,475,17.9
2014,6,26,11,532,18.6
2014,6,26,12,530,19.1
2014,6,26,13,471,19.2
2014,6,26,14,357,19
2014,6,26,15,203,18.1
2014,6,26,16,44,16.9
2014,6,26,17,0,16
2014,6,26,18,0,15.3
2014,6,26,19,0,14.9
2014,6,26,20,0,14.5
2014,6,26,21,0,14.2
2014,6,26,22,0,13.9
2014,6,26,23,0,13.6
2014,6,27,0,0,13.4
2014,6,27,1,0,13.2
2014,6,27,2,0,13
2014,6,27,3,0,12.8
2014,6,27,4,0,12.7
2014,6,27,5,0,12.5
2014,6,27,6,0,12.5
2014,6,27,7,30,12.9
2014,6,27,8,142,14
2014,6,27,9,280,14.6
2014,6,27,10,352,16.5
2014,6,27,11,439,17.2
2014,6,27,12,440,17.7
2014,6,27,13,372,18.2
2014,6,27,14,262,18.4
2014,6,27,15,140,18
2014,6,27,16,26,17.1
2014,6,27,17,0,16.4
2014,6,27,18,0,15.8
2014,6,27,19,0,15.2
2014,6,27,20,0,14.6
2014,6,27,21,0,14.1
2014,6,27,22,0,13.6
2014,6,27,23,0,13.2
2014,6,28,0,0,12.8
2014,6,28,1,0,12.6
2014,6,28,2,0,12.6
2014,6,28,3,0,12.6
2014,6,28,4,0,12.6
2014,6,28,5,0,12.6
2014,6,28,6,0,12.9
2014,6,28,7,37,13.5
2014,6,28,8,157,14.5
2014,6,28,9,357,15.1
2014,6,28,10,461,16.8
2014,6,28,11,515,17.8
2014,6,28,12,517,18.7
2014,6,28,13,457,19.2
2014,6,28,14,263,19.2
2014,6,28,15,141,18.2
2014,6,28,16,27,16.7
2014,6,28,17,0,15.4
2014,6,28,18,0,14.5
2014,6,28,19,0,13.9
2014,6,28,20,0,13.6
2014,6,28,21,0,13.3
2014,6,28,22,0,13
2014,6,28,23,0,12.6
2014,6,29,0,0,12.2
2014,6,29,1,0,11.9
2014,6,29,2,0,11.7
2014,6,29,3,0,11.5
2014,6,29,4,0,11.3
2014,6,29,5,0,11.1
2014,6,29,6,0,11
2014,6,29,7,52,11.6
2014,6,29,8,213,12.4
2014,6,29,9,364,12.8
2014,6,29,10,471,14
2014,6,29,11,526,14.7
2014,6,29,12,523,15.2
2014,6,29,13,464,15.5
2014,6,29,14,353,15.4
2014,6,29,15,202,14.8
2014,6,29,16,45,13.9
2014,6,29,17,0,13.1
2014,6,29,18,0,12.5
2014,6,29,19,0,12
2014,6,29,20,0,11.6
2014,6,29,21,0,11.4
2014,6,29,22,0,11.2
2014,6,29,23,0,11.2
2014,6,30,0,0,11.2
2014,6,30,1,0,11.3
2014,6,30,2,0,11.3
2014,6,30,3,0,11.4
2014,6,30,4,0,11.4
2014,6,30,5,0,11.4
2014,6,30,6,0,11.4
2014,6,30,7,51,11.8
2014,6,30,8,211,12.6
2014,6,30,9,361,12.9
2014,6,30,10,472,14.2
2014,6,30,11,529,14.9
2014,6,30,12,530,15.3
2014,6,30,13,472,15.5
2014,6,30,14,359,15.4
2014,6,30,15,206,14.9
2014,6,30,16,46,13.9
2014,6,30,17,0,12.8
2014,6,30,18,0,11.9
2014,6,30,19,0,11.2
2014,6,30,20,0,11
2014,6,30,21,0,10.9
2014,6,30,22,0,10.9
2014,6,30,23,0,10.9
2014,7,1,0,0,10.9
2014,7,1,1,0,10.9
2014,7,1,2,0,10.8
2014,7,1,3,0,10.8
2014,7,1,4,0,10.9
2014,7,1,5,0,11
2014,7,1,6,0,11.2
2014,7,1,7,52,11.9
2014,7,1,8,212,13.1
2014,7,1,9,362,13.6
2014,7,1,10,472,15.2
2014,7,1,11,528,15.8
2014,7,1,12,527,16.3
2014,7,1,13,468,16.4
2014,7,1,14,353,16.4
2014,7,1,15,202,15.9
2014,7,1,16,46,15.1
2014,7,1,17,0,14.6
2014,7,1,18,0,14.1
2014,7,1,19,0,13.4
2014,7,1,20,0,12.6
2014,7,1,21,0,12
2014,7,1,22,0,11.5
2014,7,1,23,0,11.3
2014,7,2,0,0,11.2
2014,7,2,1,0,11.1
2014,7,2,2,0,11.2
2014,7,2,3,0,11.2
2014,7,2,4,0,11.2
2014,7,2,5,0,11.3
2014,7,2,6,0,11.4
2014,7,2,7,32,12.1
2014,7,2,8,206,13.3
2014,7,2,9,356,14
2014,7,2,10,466,15.6
2014,7,2,11,524,16.2
2014,7,2,12,524,16.5
2014,7,2,13,466,16.7
2014,7,2,14,356,16.6
2014,7,2,15,205,16.2
2014,7,2,16,47,15.5
2014,7,2,17,0,15.1
2014,7,2,18,0,14.9
2014,7,2,19,0,14.9
2014,7,2,20,0,14.9
2014,7,2,21,0,14.4
2014,7,2,22,0,13.6
2014,7,2,23,0,12.6
2014,7,3,0,0,11.9
2014,7,3,1,0,11.3
2014,7,3,2,0,11
2014,7,3,3,0,10.7
2014,7,3,4,0,10.5
2014,7,3,5,0,10.3
2014,7,3,6,0,10.1
2014,7,3,7,50,10.6
2014,7,3,8,208,11.9
2014,7,3,9,358,12.6
2014,7,3,10,472,14.6
2014,7,3,11,532,15.9
2014,7,3,12,531,16.9
2014,7,3,13,476,17.4
2014,7,3,14,362,17.5
2014,7,3,15,209,16.9
2014,7,3,16,48,15.8
2014,7,3,17,0,15
2014,7,3,18,0,14.6
2014,7,3,19,0,14.2
2014,7,3,20,0,13.7
2014,7,3,21,0,13.2
2014,7,3,22,0,12.7
2014,7,3,23,0,12.2
2014,7,4,0,0,11.8
2014,7,4,1,0,11.3
2014,7,4,2,0,10.9
2014,7,4,3,0,10.4
2014,7,4,4,0,10
2014,7,4,5,0,9.6
2014,7,4,6,0,9.6
2014,7,4,7,54,10.3
2014,7,4,8,218,11.7
2014,7,4,9,374,12.4
2014,7,4,10,486,15.2
2014,7,4,11,544,16.6
2014,7,4,12,537,17.6
2014,7,4,13,483,18.4
2014,7,4,14,364,18.8
2014,7,4,15,209,18.4
2014,7,4,16,49,17.4
2014,7,4,17,0,16.6
2014,7,4,18,0,15.8
2014,7,4,19,0,14.9
2014,7,4,20,0,14.2
2014,7,4,21,0,13.6
2014,7,4,22,0,13.1
2014,7,4,23,0,12.5
2014,7,5,0,0,12.1
2014,7,5,1,0,11.8
2014,7,5,2,0,11.6
2014,7,5,3,0,11.4
2014,7,5,4,0,11.2
2014,7,5,5,0,11
2014,7,5,6,0,11
2014,7,5,7,51,11.6
2014,7,5,8,210,12.9
2014,7,5,9,364,13.6
2014,7,5,10,478,15.4
2014,7,5,11,535,16.1
2014,7,5,12,534,16.6
2014,7,5,13,476,17
2014,7,5,14,364,16.9
2014,7,5,15,213,16.1
2014,7,5,16,52,14.9
2014,7,5,17,0,13.9
2014,7,5,18,0,13.2
2014,7,5,19,0,12.6
2014,7,5,20,0,12.2
2014,7,5,21,0,12
2014,7,5,22,0,11.8
2014,7,5,23,0,11.7
2014,7,6,0,0,11.6
2014,7,6,1,0,11.6
2014,7,6,2,0,11.6
2014,7,6,3,0,11.5
2014,7,6,4,0,11.5
2014,7,6,5,0,11.5
2014,7,6,6,0,11.6
2014,7,6,7,54,12.3
2014,7,6,8,216,13.3
2014,7,6,9,367,13.8
2014,7,6,10,476,15.1
2014,7,6,11,534,15.8
2014,7,6,12,534,16.3
2014,7,6,13,476,16.5
2014,7,6,14,364,16.4
2014,7,6,15,213,15.7
2014,7,6,16,53,14.6
2014,7,6,17,0,13.7
2014,7,6,18,0,13
2014,7,6,19,0,12.5
2014,7,6,20,0,12.1
2014,7,6,21,0,12
2014,7,6,22,0,11.8
2014,7,6,23,0,11.7
2014,7,7,0,0,11.5
2014,7,7,1,0,11.3
2014,7,7,2,0,11.2
2014,7,7,3,0,11
2014,7,7,4,0,10.8
2014,7,7,5,0,10.7
2014,7,7,6,0,10.6
2014,7,7,7,32,11.3
2014,7,7,8,215,12.5
2014,7,7,9,366,13.1
2014,7,7,10,477,14.9
2014,7,7,11,535,15.9
2014,7,7,12,534,16.6
2014,7,7,13,476,17
2014,7,7,14,362,17.1
2014,7,7,15,212,16.6
2014,7,7,16,32,15.7
2014,7,7,17,0,14.8
2014,7,7,18,0,14
2014,7,7,19,0,13.2
2014,7,7,20,0,12.5
2014,7,7,21,0,12
2014,7,7,22,0,11.8
2014,7,7,23,0,11.5
2014,7,8,0,0,11.1
2014,7,8,1,0,10.9
2014,7,8,2,0,10.7
2014,7,8,3,0,10.6
2014,7,8,4,0,10.4
2014,7,8,5,0,10.1
2014,7,8,6,0,10
2014,7,8,7,55,10.5
2014,7,8,8,217,11.6
2014,7,8,9,370,12.2
2014,7,8,10,484,14
2014,7,8,11,546,15.1
2014,7,8,12,546,16
2014,7,8,13,490,16.6
2014,7,8,14,377,16.8
2014,7,8,15,222,16.2
2014,7,8,16,57,15.1
2014,7,8,17,0,14.3
2014,7,8,18,0,14
2014,7,8,19,0,13.8
2014,7,8,20,0,13.6
2014,7,8,21,0,13.1
2014,7,8,22,0,12.4
2014,7,8,23,0,11.7
2014,7,9,0,0,11
2014,7,9,1,0,10.6
2014,7,9,2,0,10.2
2014,7,9,3,0,9.9
2014,7,9,4,0,9.6
2014,7,9,5,0,9.3
2014,7,9,6,0,9.4
2014,7,9,7,33,10.3
2014,7,9,8,217,11.7
2014,7,9,9,373,12.4
2014,7,9,10,486,14.9
2014,7,9,11,547,16.4
2014,7,9,12,545,17.6
2014,7,9,13,484,18.4
2014,7,9,14,368,18.7
2014,7,9,15,214,18.2
2014,7,9,16,52,17.4
2014,7,9,17,0,16.6
2014,7,9,18,0,15.6
2014,7,9,19,0,14.6
2014,7,9,20,0,13.9
2014,7,9,21,0,13.3
2014,7,9,22,0,12.7
2014,7,9,23,0,12.4
2014,7,10,0,0,12.1
2014,7,10,1,0,11.7
2014,7,10,2,0,11.4
2014,7,10,3,0,11.1
2014,7,10,4,0,10.8
2014,7,10,5,0,10.7
2014,7,10,6,0,10.7
2014,7,10,7,44,11.4
2014,7,10,8,215,12.3
2014,7,10,9,365,12.6
2014,7,10,10,479,13.4
2014,7,10,11,541,14.1
2014,7,10,12,543,14.8
2014,7,10,13,486,15.3
2014,7,10,14,375,15.2
2014,7,10,15,223,14.5
2014,7,10,16,60,13.4
2014,7,10,17,0,12.6
2014,7,10,18,0,12
2014,7,10,19,0,11.6
2014,7,10,20,0,11.6
2014,7,10,21,0,11.6
2014,7,10,22,0,11.7
2014,7,10,23,0,11.8
2014,7,11,0,0,11.9
2014,7,11,1,0,11.9
2014,7,11,2,0,11.8
2014,7,11,3,0,11.8
2014,7,11,4,0,11.8
2014,7,11,5,0,11.7
2014,7,11,6,0,11.7
2014,7,11,7,33,12.3
2014,7,11,8,220,13.1
2014,7,11,9,375,13.5
2014,7,11,10,487,14.8
2014,7,11,11,550,15.6
2014,7,11,12,550,16.3
2014,7,11,13,493,16.7
2014,7,11,14,382,16.8
2014,7,11,15,227,16.2
2014,7,11,16,61,15.1
2014,7,11,17,0,14
2014,7,11,18,0,13.1
2014,7,11,19,0,12.2
2014,7,11,20,0,11.4
2014,7,11,21,0,10.8
2014,7,11,22,0,10.3
2014,7,11,23,0,10
2014,7,12,0,0,9.8
2014,7,12,1,0,9.6
2014,7,12,2,0,9.4
2014,7,12,3,0,9.3
2014,7,12,4,0,9.3
2014,7,12,5,0,9.3
2014,7,12,6,0,9.5
2014,7,12,7,35,10.4
2014,7,12,8,226,11.9
2014,7,12,9,381,12.7
2014,7,12,10,490,14.7
2014,7,12,11,548,15.8
2014,7,12,12,546,16.6
2014,7,12,13,487,17
2014,7,12,14,374,17
2014,7,12,15,180,16.4
2014,7,12,16,48,15.5
2014,7,12,17,0,14.5
2014,7,12,18,0,13.7
2014,7,12,19,0,12.8
2014,7,12,20,0,12.3
2014,7,12,21,0,11.9
2014,7,12,22,0,11.5
2014,7,12,23,0,11
2014,7,13,0,0,10.7
2014,7,13,1,0,10.4
2014,7,13,2,0,10.1
2014,7,13,3,0,9.8
2014,7,13,4,0,9.6
2014,7,13,5,0,9.5
2014,7,13,6,0,9.7
2014,7,13,7,55,10.4
2014,7,13,8,217,11.5
2014,7,13,9,370,12
2014,7,13,10,479,13.4
2014,7,13,11,540,14.1
2014,7,13,12,539,14.5
2014,7,13,13,373,14.7
2014,7,13,14,374,14.7
2014,7,13,15,155,14.3
2014,7,13,16,37,13.6
2014,7,13,17,0,13.1
2014,7,13,18,0,12.8
2014,7,13,19,0,12.7
2014,7,13,20,0,12.5
2014,7,13,21,0,12.3
2014,7,13,22,0,12.1
2014,7,13,23,0,12
2014,7,14,0,0,12
2014,7,14,1,0,12
2014,7,14,2,0,11.9
2014,7,14,3,0,11.7
2014,7,14,4,0,11.4
2014,7,14,5,0,11.1
2014,7,14,6,0,11
2014,7,14,7,26,11.5
2014,7,14,8,217,12.6
2014,7,14,9,217,13.2
2014,7,14,10,349,14.8
2014,7,14,11,537,15.5
2014,7,14,12,401,15.8
2014,7,14,13,408,15.8
2014,7,14,14,306,15.6
2014,7,14,15,175,15.1
2014,7,14,16,47,14.7
2014,7,14,17,0,14.4
2014,7,14,18,0,14.3
2014,7,14,19,0,14.3
2014,7,14,20,0,14.4
2014,7,14,21,0,14.5
2014,7,14,22,0,14.5
2014,7,14,23,0,14.3
2014,7,15,0,0,14.1
2014,7,15,1,0,13.8
2014,7,15,2,0,13.7
2014,7,15,3,0,13.7
2014,7,15,4,0,13.7
2014,7,15,5,0,13.6
2014,7,15,6,0,13.6
2014,7,15,7,26,13.6
2014,7,15,8,88,14
2014,7,15,9,183,14.2
2014,7,15,10,232,15.1
2014,7,15,11,138,15.7
2014,7,15,12,175,16.1
2014,7,15,13,165,16.4
2014,7,15,14,112,16.4
2014,7,15,15,60,16
2014,7,15,16,18,15.3
2014,7,15,17,0,14.8
2014,7,15,18,0,14.6
2014,7,15,19,0,14.6
2014,7,15,20,0,14.6
2014,7,15,21,0,14.3
2014,7,15,22,0,14
2014,7,15,23,0,13.7
2014,7,16,0,0,13.6
2014,7,16,1,0,13.6
2014,7,16,2,0,13.7
2014,7,16,3,0,13.7
2014,7,16,4,0,13.6
2014,7,16,5,0,13.5
2014,7,16,6,0,13.3
2014,7,16,7,5,13.2
2014,7,16,8,10,13.3
2014,7,16,9,17,13.4
2014,7,16,10,39,14.6
2014,7,16,11,53,15.3
2014,7,16,12,424,16
2014,7,16,13,486,16.7
2014,7,16,14,372,17
2014,7,16,15,127,16.7
2014,7,16,16,44,16.1
2014,7,16,17,0,15.5
2014,7,16,18,0,14.8
2014,7,16,19,0,14.1
2014,7,16,20,0,13.5
2014,7,16,21,0,13
2014,7,16,22,0,12.7
2014,7,16,23,0,12.4
2014,7,17,0,0,12.2
2014,7,17,1,0,12.1
2014,7,17,2,0,12
2014,7,17,3,0,12
2014,7,17,4,0,11.9
2014,7,17,5,0,11.8
2014,7,17,6,0,11.9
2014,7,17,7,40,12.8
2014,7,17,8,229,14.1
2014,7,17,9,385,14.7
2014,7,17,10,495,16.4
2014,7,17,11,552,17.4
2014,7,17,12,552,17.8
2014,7,17,13,492,17.8
2014,7,17,14,297,17.1
2014,7,17,15,169,16
2014,7,17,16,45,14.7
2014,7,17,17,0,13.7
2014,7,17,18,0,12.9
2014,7,17,19,0,12.3
2014,7,17,20,0,11.8
2014,7,17,21,0,11.4
2014,7,17,22,0,11.1
2014,7,17,23,0,10.7
2014,7,18,0,0,10.4
2014,7,18,1,0,10.2
2014,7,18,2,0,9.8
2014,7,18,3,0,9.5
2014,7,18,4,0,9.3
2014,7,18,5,0,9.3
2014,7,18,6,0,9.3
2014,7,18,7,65,9.6
2014,7,18,8,234,10.4
2014,7,18,9,391,10.9
2014,7,18,10,501,12.7
2014,7,18,11,560,13.3
2014,7,18,12,561,14
2014,7,18,13,364,14.7
2014,7,18,14,302,15
2014,7,18,15,54,14.8
2014,7,18,16,14,14.3
2014,7,18,17,0,13.8
2014,7,18,18,0,13.3
2014,7,18,19,0,13
2014,7,18,20,0,12.7
2014,7,18,21,0,12.3
2014,7,18,22,0,11.8
2014,7,18,23,0,11.4
2014,7,19,0,0,11.1
2014,7,19,1,0,10.9
2014,7,19,2,0,10.8
2014,7,19,3,0,10.9
2014,7,19,4,0,11.1
2014,7,19,5,0,11.1
2014,7,19,6,0,11.2
2014,7,19,7,29,11.8
2014,7,19,8,121,12.7
2014,7,19,9,308,13.1
2014,7,19,10,482,13.8
2014,7,19,11,120,14
2014,7,19,12,353,14.2
2014,7,19,13,149,14.3
2014,7,19,14,150,14.4
2014,7,19,15,89,14.4
2014,7,19,16,23,14.2
2014,7,19,17,0,14.2
2014,7,19,18,0,14.2
2014,7,19,19,0,14.3
2014,7,19,20,0,14.3
2014,7,19,21,0,14.2
2014,7,19,22,0,14.2
2014,7,19,23,0,14.3
2014,7,20,0,0,14.3
2014,7,20,1,0,14.2
2014,7,20,2,0,14.1
2014,7,20,3,0,14
2014,7,20,4,0,13.9
2014,7,20,5,0,13.8
2014,7,20,6,0,13.8
2014,7,20,7,55,13.9
2014,7,20,8,15,14.2
2014,7,20,9,142,14.4
2014,7,20,10,191,15.1
2014,7,20,11,183,15.4
2014,7,20,12,213,15.5
2014,7,20,13,350,15.5
2014,7,20,14,249,15.5
2014,7,20,15,93,15.3
2014,7,20,16,24,15
2014,7,20,17,0,14.9
2014,7,20,18,0,14.8
2014,7,20,19,0,14.8
2014,7,20,20,0,14.7
2014,7,20,21,0,14.6
2014,7,20,22,0,14.3
2014,7,20,23,0,14.1
2014,7,21,0,0,13.9
2014,7,21,1,0,13.7
2014,7,21,2,0,13.6
2014,7,21,3,0,13.4
2014,7,21,4,0,13.3
2014,7,21,5,0,13.2
2014,7,21,6,0,13.2
2014,7,21,7,26,13.6
2014,7,21,8,226,14.4
2014,7,21,9,312,14.7
2014,7,21,10,280,15.4
2014,7,21,11,402,15.7
2014,7,21,12,418,15.8
2014,7,21,13,495,15.8
2014,7,21,14,384,15.7
2014,7,21,15,233,15.4
2014,7,21,16,47,14.9
2014,7,21,17,0,14.6
2014,7,21,18,0,14.4
2014,7,21,19,0,14.3
2014,7,21,20,0,14.2
2014,7,21,21,0,14.2
2014,7,21,22,0,14.1
2014,7,21,23,0,14.1
2014,7,22,0,0,13.9
2014,7,22,1,0,13.6
2014,7,22,2,0,13.3
2014,7,22,3,0,13.1
2014,7,22,4,0,12.9
2014,7,22,5,0,12.8
2014,7,22,6,0,12.9
2014,7,22,7,66,13.7
2014,7,22,8,232,14.7
2014,7,22,9,386,15
2014,7,22,10,497,15.6
2014,7,22,11,558,15.9
2014,7,22,12,562,16.1
2014,7,22,13,504,16.1
2014,7,22,14,392,16
2014,7,22,15,241,15.5
2014,7,22,16,75,14.7
2014,7,22,17,0,14
2014,7,22,18,0,13.7
2014,7,22,19,0,13.6
2014,7,22,20,0,13.6
2014,7,22,21,0,13.7
2014,7,22,22,0,13.8
2014,7,22,23,0,13.8
2014,7,23,0,0,13.7
2014,7,23,1,0,13.3
2014,7,23,2,0,12.9
2014,7,23,3,0,12.4
2014,7,23,4,0,12.1
2014,7,23,5,0,12
2014,7,23,6,0,12.1
2014,7,23,7,48,13
2014,7,23,8,178,14.2
2014,7,23,9,393,14.7
2014,7,23,10,506,15.6
2014,7,23,11,568,16.1
2014,7,23,12,570,16.4
2014,7,23,13,247,16.5
2014,7,23,14,399,16.4
2014,7,23,15,243,15.9
2014,7,23,16,26,15.2
2014,7,23,17,0,14.7
2014,7,23,18,0,14.3
2014,7,23,19,0,14
2014,7,23,20,0,13.8
2014,7,23,21,0,13.6
2014,7,23,22,0,13.4
2014,7,23,23,0,13.3
2014,7,24,0,0,13.2
2014,7,24,1,0,12.9
2014,7,24,2,0,12.7
2014,7,24,3,0,12.5
2014,7,24,4,0,12.5
2014,7,24,5,0,12.5
2014,7,24,6,0,12.7
2014,7,24,7,47,13.2
2014,7,24,8,166,14.1
2014,7,24,9,181,14.6
2014,7,24,10,130,16
2014,7,24,11,245,16.7
2014,7,24,12,235,17.3
2014,7,24,13,277,17.7
2014,7,24,14,172,17.9
2014,7,24,15,153,17.4
2014,7,24,16,26,16.5
2014,7,24,17,0,15.7
2014,7,24,18,0,15.2
2014,7,24,19,0,14.9
2014,7,24,20,0,14.6
2014,7,24,21,0,14.3
2014,7,24,22,0,13.9
2014,7,24,23,0,13.5
2014,7,25,0,0,13.2
2014,7,25,1,0,12.9
2014,7,25,2,0,12.5
2014,7,25,3,0,12.3
2014,7,25,4,0,12
2014,7,25,5,0,11.7
2014,7,25,6,0,11.7
2014,7,25,7,5,12.5
2014,7,25,8,9,13.9
2014,7,25,9,15,14.6
2014,7,25,10,43,17.2
2014,7,25,11,74,18.7
2014,7,25,12,350,19.3
2014,7,25,13,332,18.8
2014,7,25,14,52,18.2
2014,7,25,15,88,17.6
2014,7,25,16,25,16.8
2014,7,25,17,0,16.3
2014,7,25,18,0,15.9
2014,7,25,19,0,15.6
2014,7,25,20,0,15.4
2014,7,25,21,0,15.1
2014,7,25,22,0,14.9
2014,7,25,23,0,14.8
2014,7,26,0,0,14.6
2014,7,26,1,0,14.2
2014,7,26,2,0,13.8
2014,7,26,3,0,13.3
2014,7,26,4,0,12.9
2014,7,26,5,0,12.5
2014,7,26,6,0,12.4
2014,7,26,7,4,12.8
2014,7,26,8,9,13.5
2014,7,26,9,15,13.9
2014,7,26,10,28,15
2014,7,26,11,101,15.5
2014,7,26,12,556,16
2014,7,26,13,515,16.7
2014,7,26,14,280,17.3
2014,7,26,15,254,17.3
2014,7,26,16,84,16.6
2014,7,26,17,0,15.8
2014,7,26,18,0,15.2
2014,7,26,19,0,14.9
2014,7,26,20,0,14.5
2014,7,26,21,0,13.9
2014,7,26,22,0,13.4
2014,7,26,23,0,13.1
2014,7,27,0,0,12.7
2014,7,27,1,0,12.5
2014,7,27,2,0,12.3
2014,7,27,3,0,12.1
2014,7,27,4,0,12
2014,7,27,5,0,11.9
2014,7,27,6,0,12.2
2014,7,27,7,42,13.1
2014,7,27,8,249,14.3
2014,7,27,9,408,14.9
2014,7,27,10,526,16.5
2014,7,27,11,589,17.2
2014,7,27,12,590,17.7
2014,7,27,13,538,18
2014,7,27,14,423,18
2014,7,27,15,264,17.5
2014,7,27,16,90,16.4
2014,7,27,17,0,15.6
2014,7,27,18,0,15.3
2014,7,27,19,0,15
2014,7,27,20,0,14.6
2014,7,27,21,0,14.1
2014,7,27,22,0,13.4
2014,7,27,23,0,12.8
2014,7,28,0,0,12.4
2014,7,28,1,0,12.1
2014,7,28,2,0,11.8
2014,7,28,3,0,11.4
2014,7,28,4,0,11.1
2014,7,28,5,0,10.9
2014,7,28,6,0,10.9
2014,7,28,7,51,11.7
2014,7,28,8,102,13
2014,7,28,9,421,13.7
2014,7,28,10,536,15.6
2014,7,28,11,599,16.7
2014,7,28,12,598,17.7
2014,7,28,13,395,18.4
2014,7,28,14,326,18.6
2014,7,28,15,150,18.2
2014,7,28,16,47,17.4
2014,7,28,17,0,16.5
2014,7,28,18,0,15.7
2014,7,28,19,0,15
2014,7,28,20,0,14.3
2014,7,28,21,0,13.7
2014,7,28,22,0,13.3
2014,7,28,23,0,13.1
2014,7,29,0,0,12.7
2014,7,29,1,0,12.4
2014,7,29,2,0,12.3
2014,7,29,3,0,12.2
2014,7,29,4,0,12.1
2014,7,29,5,0,12.2
2014,7,29,6,0,12.4
2014,7,29,7,30,13.1
2014,7,29,8,98,14.3
2014,7,29,9,187,14.9
2014,7,29,10,267,16.8
2014,7,29,11,387,17.9
2014,7,29,12,544,18.8
2014,7,29,13,536,19.5
2014,7,29,14,421,19.7
2014,7,29,15,263,19.3
2014,7,29,16,89,18.4
2014,7,29,17,0,17.7
2014,7,29,18,0,17.2
2014,7,29,19,0,16.7
2014,7,29,20,0,16.2
2014,7,29,21,0,15.7
2014,7,29,22,0,15.5
2014,7,29,23,0,15.3
2014,7,30,0,0,15.2
2014,7,30,1,0,15.1
2014,7,30,2,0,14.9
2014,7,30,3,0,14.7
2014,7,30,4,0,14.5
2014,7,30,5,0,14.3
2014,7,30,6,0,14.4
2014,7,30,7,28,15.3
2014,7,30,8,258,16.7
2014,7,30,9,417,17.3
2014,7,30,10,533,19
2014,7,30,11,593,19.8
2014,7,30,12,595,20.4
2014,7,30,13,540,20.7
2014,7,30,14,426,20.7
2014,7,30,15,269,20.1
2014,7,30,16,95,19.1
2014,7,30,17,0,18.2
2014,7,30,18,0,17.6
2014,7,30,19,0,17
2014,7,30,20,0,16.5
2014,7,30,21,0,16
2014,7,30,22,0,15.6
2014,7,30,23,0,15.2
2014,7,31,0,0,14.8
2014,7,31,1,0,14.5
2014,7,31,2,0,14.2
2014,7,31,3,0,13.9
2014,7,31,4,0,13.6
2014,7,31,5,0,13.4
2014,7,31,6,0,13.5
2014,7,31,7,88,14.5
2014,7,31,8,267,16
2014,7,31,9,432,16.9
2014,7,31,10,551,19.5
2014,7,31,11,615,20.7
2014,7,31,12,613,21.4
2014,7,31,13,554,21.7
2014,7,31,14,436,21.7
2014,7,31,15,278,21.3
2014,7,31,16,100,20.5
2014,7,31,17,0,19.8
2014,7,31,18,0,19.2
2014,7,31,19,0,18.7
2014,7,31,20,0,18.3
2014,7,31,21,0,18
2014,7,31,22,0,17.7
2014,7,31,23,0,17.4
2014,8,1,0,0,17.3
2014,8,1,1,0,17.2
2014,8,1,2,0,17.1
2014,8,1,3,0,17
2014,8,1,4,0,16.8
2014,8,1,5,0,16.5
2014,8,1,6,0,16.1
2014,8,1,7,82,15.9
2014,8,1,8,254,16.1
2014,8,1,9,413,16.1
2014,8,1,10,534,16.7
2014,8,1,11,82,16.9
2014,8,1,12,611,16.8
2014,8,1,13,562,16.2
2014,8,1,14,447,15.3
2014,8,1,15,288,14.5
2014,8,1,16,105,13.7
2014,8,1,17,0,13
2014,8,1,18,0,12.5
2014,8,1,19,0,11.9
2014,8,1,20,0,11.3
2014,8,1,21,0,10.8
2014,8,1,22,0,10.4
2014,8,1,23,0,10.1
2014,8,2,0,0,9.9
2014,8,2,1,0,9.6
2014,8,2,2,0,9.5
2014,8,2,3,0,9.3
2014,8,2,4,0,9.3
2014,8,2,5,0,9.2
2014,8,2,6,0,9.5
2014,8,2,7,94,10.2
2014,8,2,8,273,11.3
2014,8,2,9,435,11.9
2014,8,2,10,555,13.2
2014,8,2,11,618,13.8
2014,8,2,12,618,14.2
2014,8,2,13,561,14.4
2014,8,2,14,442,14.4
2014,8,2,15,281,13.9
2014,8,2,16,103,13.2
2014,8,2,17,0,12.7
2014,8,2,18,0,12.6
2014,8,2,19,0,12.6
2014,8,2,20,0,12.5
2014,8,2,21,0,12.5
2014,8,2,22,0,12.5
2014,8,2,23,0,12.4
2014,8,3,0,0,12.3
2014,8,3,1,0,12
2014,8,3,2,0,11.6
2014,8,3,3,0,11.2
2014,8,3,4,0,10.8
2014,8,3,5,0,10.5
2014,8,3,6,0,10.4
2014,8,3,7,9,11.2
2014,8,3,8,274,12.3
2014,8,3,9,437,12.9
2014,8,3,10,556,14.2
2014,8,3,11,620,14.8
2014,8,3,12,622,15.1
2014,8,3,13,562,15.2
2014,8,3,14,444,15.1
2014,8,3,15,283,14.7
2014,8,3,16,10,13.9
2014,8,3,17,0,13.2
2014,8,3,18,0,12.9
2014,8,3,19,0,12.8
2014,8,3,20,0,12.8
2014,8,3,21,0,12.8
2014,8,3,22,0,12.9
2014,8,3,23,0,13.1
2014,8,4,0,0,13.1
2014,8,4,1,0,12.9
2014,8,4,2,0,12.6
2014,8,4,3,0,12.1
2014,8,4,4,0,11.5
2014,8,4,5,0,10.9
2014,8,4,6,0,10.8
2014,8,4,7,97,11.5
2014,8,4,8,275,12.7
2014,8,4,9,435,13.4
2014,8,4,10,556,15.3
2014,8,4,11,618,16.2
2014,8,4,12,619,16.7
2014,8,4,13,563,17.1
2014,8,4,14,445,17.2
2014,8,4,15,283,16.8
2014,8,4,16,104,15.7
2014,8,4,17,0,14.7
2014,8,4,18,0,14.3
2014,8,4,19,0,14.1
2014,8,4,20,0,13.9
2014,8,4,21,0,13.5
2014,8,4,22,0,13.1
2014,8,4,23,0,12.8
2014,8,5,0,0,12.3
2014,8,5,1,0,11.8
2014,8,5,2,0,11.2
2014,8,5,3,0,10.7
2014,8,5,4,0,10.1
2014,8,5,5,0,9.6
2014,8,5,6,0,9.6
2014,8,5,7,101,10.6
2014,8,5,8,285,12.3
2014,8,5,9,450,13.2
2014,8,5,10,569,15.7
2014,8,5,11,633,16.8
2014,8,5,12,635,17.4
2014,8,5,13,576,17.5
2014,8,5,14,457,17.1
2014,8,5,15,293,16.1
2014,8,5,16,110,14.8
2014,8,5,17,0,13.7
2014,8,5,18,0,13.2
2014,8,5,19,0,13
2014,8,5,20,0,12.9
2014,8,5,21,0,12.9
2014,8,5,22,0,12.8
2014,8,5,23,0,12.5
2014,8,6,0,0,12.2
2014,8,6,1,0,11.7
2014,8,6,2,0,11.2
2014,8,6,3,0,10.6
2014,8,6,4,0,10.1
2014,8,6,5,0,9.7
2014,8,6,6,0,9.8
2014,8,6,7,104,10.7
2014,8,6,8,286,12.2
2014,8,6,9,450,12.9
2014,8,6,10,571,15.4
2014,8,6,11,630,16.8
2014,8,6,12,623,18
2014,8,6,13,569,18.8
2014,8,6,14,443,19.2
2014,8,6,15,273,18.8
2014,8,6,16,97,17.7
2014,8,6,17,0,16.8
2014,8,6,18,0,16
2014,8,6,19,0,15
2014,8,6,20,0,14
2014,8,6,21,0,13
2014,8,6,22,0,12.4
2014,8,6,23,0,12.1
2014,8,7,0,0,11.8
2014,8,7,1,0,11.4
2014,8,7,2,0,11.2
2014,8,7,3,0,11
2014,8,7,4,0,10.9
2014,8,7,5,0,10.8
2014,8,7,6,0,11.1
2014,8,7,7,47,12
2014,8,7,8,150,13.3
2014,8,7,9,450,14
2014,8,7,10,570,15.6
2014,8,7,11,634,16.3
2014,8,7,12,635,16.8
2014,8,7,13,578,17
2014,8,7,14,459,16.9
2014,8,7,15,297,16.4
2014,8,7,16,114,15.4
2014,8,7,17,0,14.5
2014,8,7,18,0,14.2
2014,8,7,19,0,14.1
2014,8,7,20,0,14.2
2014,8,7,21,0,14.1
2014,8,7,22,0,13.8
2014,8,7,23,0,13.3
2014,8,8,0,0,12.8
2014,8,8,1,0,12.4
2014,8,8,2,0,12.2
2014,8,8,3,0,12.2
2014,8,8,4,0,12.3
2014,8,8,5,0,12.3
2014,8,8,6,0,12.5
2014,8,8,7,7,13.2
2014,8,8,8,19,14
2014,8,8,9,448,14.3
2014,8,8,10,188,15.1
2014,8,8,11,446,15.6
2014,8,8,12,51,16
2014,8,8,13,444,16.3
2014,8,8,14,454,16.4
2014,8,8,15,294,16.1
2014,8,8,16,112,15.4
2014,8,8,17,0,14.7
2014,8,8,18,0,14.3
2014,8,8,19,0,14.1
2014,8,8,20,0,13.9
2014,8,8,21,0,13.7
2014,8,8,22,0,13.4
2014,8,8,23,0,13.2
2014,8,9,0,0,13
2014,8,9,1,0,12.6
2014,8,9,2,0,12.3
2014,8,9,3,0,12
2014,8,9,4,0,11.7
2014,8,9,5,0,11.3
2014,8,9,6,0,11.4
2014,8,9,7,109,12.3
2014,8,9,8,291,13.7
2014,8,9,9,279,14.4
2014,8,9,10,577,16.5
2014,8,9,11,640,17.6
2014,8,9,12,643,18.5
2014,8,9,13,329,19.1
2014,8,9,14,471,19.3
2014,8,9,15,307,19
2014,8,9,16,121,18.1
2014,8,9,17,0,17.2
2014,8,9,18,0,16.7
2014,8,9,19,0,16
2014,8,9,20,0,15.1
2014,8,9,21,0,14.4
2014,8,9,22,0,13.8
2014,8,9,23,0,13.3
2014,8,10,0,0,12.8
2014,8,10,1,0,12.6
2014,8,10,2,0,12.4
2014,8,10,3,0,12.2
2014,8,10,4,0,12.1
2014,8,10,5,0,12.1
2014,8,10,6,0,12.3
2014,8,10,7,20,13
2014,8,10,8,53,14.4
2014,8,10,9,62,15.2
2014,8,10,10,188,17.5
2014,8,10,11,375,18.8
2014,8,10,12,367,19.6
2014,8,10,13,577,20.2
2014,8,10,14,457,20.3
2014,8,10,15,175,19.8
2014,8,10,16,50,18.7
2014,8,10,17,0,17.6
2014,8,10,18,0,16.7
2014,8,10,19,0,15.8
2014,8,10,20,0,15
2014,8,10,21,0,14.2
2014,8,10,22,0,13.6
2014,8,10,23,0,13
2014,8,11,0,0,12.4
2014,8,11,1,0,11.9
2014,8,11,2,0,11.6
2014,8,11,3,0,11.3
2014,8,11,4,0,11
2014,8,11,5,0,10.9
2014,8,11,6,0,11.1
2014,8,11,7,7,11.8
2014,8,11,8,21,12.4
2014,8,11,9,221,12.6
2014,8,11,10,286,13.2
2014,8,11,11,471,13.5
2014,8,11,12,467,13.6
2014,8,11,13,406,13.5
2014,8,11,14,349,13.4
2014,8,11,15,213,13
2014,8,11,16,120,12.5
2014,8,11,17,0,12.1
2014,8,11,18,0,11.9
2014,8,11,19,0,11.8
2014,8,11,20,0,11.6
2014,8,11,21,0,11.2
2014,8,11,22,0,10.9
2014,8,11,23,0,10.6
2014,8,12,0,0,10.5
2014,8,12,1,0,10.6
2014,8,12,2,0,10.7
2014,8,12,3,0,11
2014,8,12,4,0,11.1
2014,8,12,5,0,11.1
2014,8,12,6,0,11
2014,8,12,7,35,11.3
2014,8,12,8,106,11.7
2014,8,12,9,79,11.9
2014,8,12,10,443,12.5
2014,8,12,11,474,12.6
2014,8,12,12,438,12.7
2014,8,12,13,259,12.8
2014,8,12,14,247,12.9
2014,8,12,15,255,12.9
2014,8,12,16,49,12.9
2014,8,12,17,0,13
2014,8,12,18,0,13.1
2014,8,12,19,0,13.1
2014,8,12,20,0,13
2014,8,12,21,0,12.8
2014,8,12,22,0,12.7
2014,8,12,23,0,12.4
2014,8,13,0,0,12.2
2014,8,13,1,0,12
2014,8,13,2,0,11.9
2014,8,13,3,0,11.9
2014,8,13,4,0,11.8
2014,8,13,5,0,11.7
2014,8,13,6,0,11.7
2014,8,13,7,121,12.1
2014,8,13,8,308,12.5
2014,8,13,9,474,12.8
2014,8,13,10,595,13.9
2014,8,13,11,661,14.5
2014,8,13,12,663,14.9
2014,8,13,13,602,15
2014,8,13,14,482,14.8
2014,8,13,15,318,14.4
2014,8,13,16,129,13.6
2014,8,13,17,0,12.8
2014,8,13,18,0,12.6
2014,8,13,19,0,12.4
2014,8,13,20,0,12.3
2014,8,13,21,0,12.2
2014,8,13,22,0,12.1
2014,8,13,23,0,12
2014,8,14,0,0,11.8
2014,8,14,1,0,11.6
2014,8,14,2,0,11.3
2014,8,14,3,0,11.1
2014,8,14,4,0,10.9
2014,8,14,5,0,10.7
2014,8,14,6,0,11
2014,8,14,7,128,12
2014,8,14,8,314,13.2
2014,8,14,9,478,13.8
2014,8,14,10,591,15.2
2014,8,14,11,653,15.7
2014,8,14,12,653,16
2014,8,14,13,592,16.1
2014,8,14,14,472,16.1
2014,8,14,15,309,15.8
2014,8,14,16,126,15.1
2014,8,14,17,0,14.4
2014,8,14,18,0,14.1
2014,8,14,19,0,14
2014,8,14,20,0,13.9
2014,8,14,21,0,13.8
2014,8,14,22,0,13.7
2014,8,14,23,0,13.5
2014,8,15,0,0,13.2
2014,8,15,1,0,12.8
2014,8,15,2,0,12.4
2014,8,15,3,0,12.1
2014,8,15,4,0,11.9
2014,8,15,5,0,11.8
2014,8,15,6,0,12
2014,8,15,7,133,12.9
2014,8,15,8,321,14
2014,8,15,9,488,14.5
2014,8,15,10,607,15.9
2014,8,15,11,673,16.5
2014,8,15,12,673,16.9
2014,8,15,13,610,17
2014,8,15,14,489,16.9
2014,8,15,15,323,16.5
2014,8,15,16,134,15.6
2014,8,15,17,0,14.7
2014,8,15,18,0,14.3
2014,8,15,19,0,14
2014,8,15,20,0,13.9
2014,8,15,21,0,13.9
2014,8,15,22,0,14
2014,8,15,23,0,14.1
2014,8,16,0,0,14
2014,8,16,1,0,13.9
2014,8,16,2,0,13.5
2014,8,16,3,0,13.2
2014,8,16,4,0,13
2014,8,16,5,0,13
2014,8,16,6,0,13.2
2014,8,16,7,76,14.1
2014,8,16,8,197,15.2
2014,8,16,9,140,15.7
2014,8,16,10,240,16.3
2014,8,16,11,193,16.3
2014,8,16,12,83,15.9
2014,8,16,13,283,15.5
2014,8,16,14,194,15.3
2014,8,16,15,207,15.2
2014,8,16,16,79,14.7
2014,8,16,17,0,14.4
2014,8,16,18,0,14.4
2014,8,16,19,0,14.3
2014,8,16,20,0,14.3
2014,8,16,21,0,14.4
2014,8,16,22,0,14.5
2014,8,16,23,0,14.5
2014,8,17,0,0,14.5
2014,8,17,1,0,14.5
2014,8,17,2,0,14.6
2014,8,17,3,0,14.9
2014,8,17,4,0,14.9
2014,8,17,5,0,14.8
2014,8,17,6,0,14.9
2014,8,17,7,6,15.1
2014,8,17,8,11,15.4
2014,8,17,9,41,15.5
2014,8,17,10,42,15.7
2014,8,17,11,92,15.8
2014,8,17,12,50,15.8
2014,8,17,13,594,15.8
2014,8,17,14,473,15.7
2014,8,17,15,153,15.4
2014,8,17,16,123,15
2014,8,17,17,0,14.6
2014,8,17,18,0,14.2
2014,8,17,19,0,13.7
2014,8,17,20,0,13.1
2014,8,17,21,0,12.5
2014,8,17,22,0,11.9
2014,8,17,23,0,11.2
2014,8,18,0,0,10.7
2014,8,18,1,0,10.5
2014,8,18,2,0,10.4
2014,8,18,3,0,10.5
2014,8,18,4,0,10.7
2014,8,18,5,0,11.2
2014,8,18,6,0,12.2
2014,8,18,7,6,13.2
2014,8,18,8,12,13.9
2014,8,18,9,113,14
2014,8,18,10,52,14.4
2014,8,18,11,166,14.5
2014,8,18,12,267,14.7
2014,8,18,13,234,14.8
2014,8,18,14,78,14.7
2014,8,18,15,82,14.5
2014,8,18,16,32,14.3
2014,8,18,17,0,14.2
2014,8,18,18,0,14.2
2014,8,18,19,0,14.4
2014,8,18,20,0,14.6
2014,8,18,21,0,14.8
2014,8,18,22,0,15
2014,8,18,23,0,15.1
2014,8,19,0,0,15.1
2014,8,19,1,0,15
2014,8,19,2,0,14.9
2014,8,19,3,0,14.7
2014,8,19,4,0,14.7
2014,8,19,5,0,14.8
2014,8,19,6,0,15
2014,8,19,7,85,15.3
2014,8,19,8,317,15.6
2014,8,19,9,351,15.8
2014,8,19,10,601,16.3
2014,8,19,11,59,16.5
2014,8,19,12,275,16.5
2014,8,19,13,124,16.3
2014,8,19,14,94,16
2014,8,19,15,88,15.5
2014,8,19,16,35,15.1
2014,8,19,17,0,14.7
2014,8,19,18,0,14.5
2014,8,19,19,0,14.4
2014,8,19,20,0,14.1
2014,8,19,21,0,13.8
2014,8,19,22,0,13.6
2014,8,19,23,0,13.5
2014,8,20,0,0,13.3
2014,8,20,1,0,13.1
2014,8,20,2,0,12.7
2014,8,20,3,0,12.5
2014,8,20,4,0,12.4
2014,8,20,5,0,12.3
2014,8,20,6,0,12.4
2014,8,20,7,146,12.9
2014,8,20,8,221,13.5
2014,8,20,9,500,13.8
2014,8,20,10,233,14.7
2014,8,20,11,679,14.9
2014,8,20,12,282,14.9
2014,8,20,13,616,15
2014,8,20,14,248,15.1
2014,8,20,15,195,15.1
2014,8,20,16,141,14.7
2014,8,20,17,0,14.4
2014,8,20,18,0,14.3
2014,8,20,19,0,14.3
2014,8,20,20,0,14.2
2014,8,20,21,0,14.1
2014,8,20,22,0,13.9
2014,8,20,23,0,13.9
2014,8,21,0,0,13.8
2014,8,21,1,0,13.7
2014,8,21,2,0,13.5
2014,8,21,3,0,13.4
2014,8,21,4,0,13.4
2014,8,21,5,0,13.4
2014,8,21,6,0,13.6
2014,8,21,7,48,14.1
2014,8,21,8,127,14.6
2014,8,21,9,503,14.9
2014,8,21,10,626,15.5
2014,8,21,11,689,15.8
2014,8,21,12,689,16
2014,8,21,13,618,16
2014,8,21,14,496,16
2014,8,21,15,330,15.6
2014,8,21,16,143,15
2014,8,21,17,0,14.5
2014,8,21,18,0,14.3
2014,8,21,19,0,14.3
2014,8,21,20,0,14.3
2014,8,21,21,0,14.3
2014,8,21,22,0,14.2
2014,8,21,23,0,14.2
2014,8,22,0,0,14.2
2014,8,22,1,0,14.1
2014,8,22,2,0,14
2014,8,22,3,0,14
2014,8,22,4,0,13.9
2014,8,22,5,0,13.9
2014,8,22,6,0,14.3
2014,8,22,7,155,15
2014,8,22,8,345,15.6
2014,8,22,9,510,15.8
2014,8,22,10,632,16.5
2014,8,22,11,693,16.8
2014,8,22,12,692,16.8
2014,8,22,13,623,16.7
2014,8,22,14,501,16.5
2014,8,22,15,335,16.2
2014,8,22,16,146,15.5
2014,8,22,17,0,15
2014,8,22,18,0,14.8
2014,8,22,19,0,14.8
2014,8,22,20,0,14.9
2014,8,22,21,0,15
2014,8,22,22,0,15.2
2014,8,22,23,0,15.4
2014,8,23,0,0,15.4
2014,8,23,1,0,15.3
2014,8,23,2,0,15.1
2014,8,23,3,0,14.9
2014,8,23,4,0,14.7
2014,8,23,5,0,14.5
2014,8,23,6,0,14.6
2014,8,23,7,66,15
2014,8,23,8,160,15.2
2014,8,23,9,391,15.3
2014,8,23,10,487,15.8
2014,8,23,11,529,16
2014,8,23,12,399,16.1
2014,8,23,13,280,16.1
2014,8,23,14,180,16
2014,8,23,15,258,15.9
2014,8,23,16,107,15.5
2014,8,23,17,0,15.2
2014,8,23,18,0,15.2
2014,8,23,19,0,15.4
2014,8,23,20,0,15.5
2014,8,23,21,0,15.6
2014,8,23,22,0,15.6
2014,8,23,23,0,15.6
2014,8,24,0,0,15.6
2014,8,24,1,0,15.4
2014,8,24,2,0,15.1
2014,8,24,3,0,14.8
2014,8,24,4,0,14.5
2014,8,24,5,0,14.4
2014,8,24,6,0,14.7
2014,8,24,7,163,15.1
2014,8,24,8,354,15.6
2014,8,24,9,520,15.7
2014,8,24,10,633,16.6
2014,8,24,11,58,17.1
2014,8,24,12,693,17.6
2014,8,24,13,633,17.9
2014,8,24,14,511,18
2014,8,24,15,342,17.7
2014,8,24,16,152,17
2014,8,24,17,0,16.2
2014,8,24,18,0,15.8
2014,8,24,19,0,15.6
2014,8,24,20,0,15.4
2014,8,24,21,0,15.3
2014,8,24,22,0,15.2
2014,8,24,23,0,14.9
2014,8,25,0,0,14.6
2014,8,25,1,0,14.2
2014,8,25,2,0,14
2014,8,25,3,0,13.9
2014,8,25,4,0,14
2014,8,25,5,0,14.1
2014,8,25,6,0,14.4
2014,8,25,7,168,15.1
2014,8,25,8,361,16.2
2014,8,25,9,529,16.8
2014,8,25,10,648,17.8
2014,8,25,11,710,18.1
2014,8,25,12,708,18.2
2014,8,25,13,638,18.2
2014,8,25,14,513,17.8
2014,8,25,15,344,17.3
2014,8,25,16,151,16.4
2014,8,25,17,0,15.5
2014,8,25,18,0,15.2
2014,8,25,19,0,15.1
2014,8,25,20,0,15.1
2014,8,25,21,0,15.2
2014,8,25,22,0,15.1
2014,8,25,23,0,14.9
2014,8,26,0,0,14.8
2014,8,26,1,0,14.6
2014,8,26,2,0,14.5
2014,8,26,3,0,14.4
2014,8,26,4,0,14.5
2014,8,26,5,0,14.6
2014,8,26,6,1,15
2014,8,26,7,7,15.4
2014,8,26,8,14,15.6
2014,8,26,9,22,15.7
2014,8,26,10,189,15.8
2014,8,26,11,133,15.8
2014,8,26,12,318,15.9
2014,8,26,13,302,15.9
2014,8,26,14,187,16.1
2014,8,26,15,202,16.2
2014,8,26,16,82,16.1
2014,8,26,17,0,16
2014,8,26,18,0,16
2014,8,26,19,0,16
2014,8,26,20,0,16
2014,8,26,21,0,15.9
2014,8,26,22,0,15.8
2014,8,26,23,0,15.7
2014,8,27,0,0,15.6
2014,8,27,1,0,15.5
2014,8,27,2,0,15.4
2014,8,27,3,0,15.3
2014,8,27,4,0,15.2
2014,8,27,5,0,15.2
2014,8,27,6,2,15.6
2014,8,27,7,14,16
2014,8,27,8,377,16.3
2014,8,27,9,547,16.4
2014,8,27,10,660,16.8
2014,8,27,11,77,16.9
2014,8,27,12,720,16.9
2014,8,27,13,652,16.8
2014,8,27,14,526,16.6
2014,8,27,15,26,16.2
2014,8,27,16,11,15.7
2014,8,27,17,0,15.4
2014,8,27,18,0,15.3
2014,8,27,19,0,15.2
2014,8,27,20,0,15.2
2014,8,27,21,0,15.1
2014,8,27,22,0,15
2014,8,27,23,0,14.9
2014,8,28,0,0,14.8
2014,8,28,1,0,14.7
2014,8,28,2,0,14.6
2014,8,28,3,0,14.7
2014,8,28,4,0,14.8
2014,8,28,5,0,14.9
2014,8,28,6,3,15.3
2014,8,28,7,30,15.8
2014,8,28,8,369,16.3
2014,8,28,9,115,16.5
2014,8,28,10,435,17
2014,8,28,11,728,17.2
2014,8,28,12,727,17.2
2014,8,28,13,661,17.1
2014,8,28,14,534,16.8
2014,8,28,15,361,16.4
2014,8,28,16,164,15.8
2014,8,28,17,0,15.2
2014,8,28,18,0,14.9
2014,8,28,19,0,14.7
2014,8,28,20,0,14.5
2014,8,28,21,0,14.4
2014,8,28,22,0,14.3
2014,8,28,23,0,14.2
2014,8,29,0,0,14.1
2014,8,29,1,0,13.8
2014,8,29,2,0,13.6
2014,8,29,3,0,13.4
2014,8,29,4,0,13.2
2014,8,29,5,0,13
2014,8,29,6,2,13.4
2014,8,29,7,16,14.2
2014,8,29,8,37,14.9
2014,8,29,9,196,15.2
2014,8,29,10,470,15.9
2014,8,29,11,171,16.2
2014,8,29,12,735,16.2
2014,8,29,13,327,16.2
2014,8,29,14,541,16
2014,8,29,15,271,15.7
2014,8,29,16,167,15.2
2014,8,29,17,0,14.7
2014,8,29,18,0,14.6
2014,8,29,19,0,14.5
2014,8,29,20,0,14.6
2014,8,29,21,0,14.7
2014,8,29,22,0,14.9
2014,8,29,23,0,15.1
2014,8,30,0,0,15.1
2014,8,30,1,0,14.8
2014,8,30,2,0,14.6
2014,8,30,3,0,14.4
2014,8,30,4,0,14.3
2014,8,30,5,0,14.3
2014,8,30,6,2,14.5
2014,8,30,7,12,14.9
2014,8,30,8,28,15.4
2014,8,30,9,524,15.7
2014,8,30,10,279,16.1
2014,8,30,11,164,16.3
2014,8,30,12,530,16.5
2014,8,30,13,636,16.6
2014,8,30,14,511,16.6
2014,8,30,15,344,16.4
2014,8,30,16,157,15.9
2014,8,30,17,0,15.4
2014,8,30,18,0,15.2
2014,8,30,19,0,15.1
2014,8,30,20,0,15
2014,8,30,21,0,14.9
2014,8,30,22,0,14.7
2014,8,30,23,0,14.6
2014,8,31,0,0,14.5
2014,8,31,1,0,14.4
2014,8,31,2,0,14.2
2014,8,31,3,0,14.1
2014,8,31,4,0,13.9
2014,8,31,5,0,13.7
2014,8,31,6,23,13.9
2014,8,31,7,198,14.7
2014,8,31,8,395,15.6
2014,8,31,9,564,16.1
2014,8,31,10,684,17.2
2014,8,31,11,746,17.8
2014,8,31,12,742,18.2
2014,8,31,13,678,18.4
2014,8,31,14,551,18.4
2014,8,31,15,375,18
2014,8,31,16,176,17
2014,8,31,17,0,15.9
2014,8,31,18,0,15.4
2014,8,31,19,0,15.2
2014,8,31,20,0,15.1
2014,8,31,21,0,14.8
2014,8,31,22,0,14.3
2014,8,31,23,0,13.8
2014,9,1,0,0,13.4
2014,9,1,1,0,13.1
2014,9,1,2,0,12.8
2014,9,1,3,0,12.6
2014,9,1,4,0,12.3
2014,9,1,5,0,12
2014,9,1,6,26,12.3
2014,9,1,7,206,13.3
2014,9,1,8,409,14.7
2014,9,1,9,581,15.6
2014,9,1,10,708,17.9
2014,9,1,11,768,18.9
2014,9,1,12,756,19.3
2014,9,1,13,536,19.2
2014,9,1,14,431,19.1
2014,9,1,15,212,18.8
2014,9,1,16,88,18.2
2014,9,1,17,0,17.6
2014,9,1,18,0,17.2
2014,9,1,19,0,16.8
2014,9,1,20,0,16.3
2014,9,1,21,0,15.7
2014,9,1,22,0,15.3
2014,9,1,23,0,15.1
2014,9,2,0,0,15
2014,9,2,1,0,14.9
2014,9,2,2,0,14.7
2014,9,2,3,0,14.7
2014,9,2,4,0,14.6
2014,9,2,5,0,14.4
2014,9,2,6,13,14.4
2014,9,2,7,83,14.6
2014,9,2,8,186,14.7
2014,9,2,9,193,14.6
2014,9,2,10,37,14.5
2014,9,2,11,43,14.8
2014,9,2,12,103,15.3
2014,9,2,13,516,15.7
2014,9,2,14,211,15.9
2014,9,2,15,246,15.6
2014,9,2,16,106,14.8
2014,9,2,17,2,13.6
2014,9,2,18,0,12.6
2014,9,2,19,0,11.8
2014,9,2,20,0,11.5
2014,9,2,21,0,11.4
2014,9,2,22,0,11.3
2014,9,2,23,0,11.3
2014,9,3,0,0,11.4
2014,9,3,1,0,11.6
2014,9,3,2,0,11.9
2014,9,3,3,0,12.1
2014,9,3,4,0,12.2
2014,9,3,5,0,12.3
2014,9,3,6,19,12.3
2014,9,3,7,131,12.6
2014,9,3,8,381,13.1
2014,9,3,9,551,13.5
2014,9,3,10,694,14.3
2014,9,3,11,347,14.6
2014,9,3,12,736,14.7
2014,9,3,13,661,14.8
2014,9,3,14,532,14.8
2014,9,3,15,360,14.8
2014,9,3,16,56,14.4
2014,9,3,17,3,14
2014,9,3,18,0,13.8
2014,9,3,19,0,13.5
2014,9,3,20,0,13.1
2014,9,3,21,0,12.8
2014,9,3,22,0,12.4
2014,9,3,23,0,12.2
2014,9,4,0,0,12
2014,9,4,1,0,11.9
2014,9,4,2,0,11.8
2014,9,4,3,0,11.7
2014,9,4,4,0,11.7
2014,9,4,5,0,11.8
2014,9,4,6,33,12.1
2014,9,4,7,214,12.9
2014,9,4,8,411,13.7
2014,9,4,9,474,14.1
2014,9,4,10,705,15
2014,9,4,11,761,15.3
2014,9,4,12,475,15.4
2014,9,4,13,332,15.4
2014,9,4,14,549,15.4
2014,9,4,15,305,15.1
2014,9,4,16,129,14.6
2014,9,4,17,7,14
2014,9,4,18,0,13.7
2014,9,4,19,0,13.5
2014,9,4,20,0,13.4
2014,9,4,21,0,13.3
2014,9,4,22,0,13.1
2014,9,4,23,0,12.9
2014,9,5,0,0,12.7
2014,9,5,1,0,12.6
2014,9,5,2,0,12.6
2014,9,5,3,0,12.5
2014,9,5,4,0,12.6
2014,9,5,5,0,12.7
2014,9,5,6,9,13.2
2014,9,5,7,56,13.9
2014,9,5,8,306,14.6
2014,9,5,9,382,15
2014,9,5,10,138,15.9
2014,9,5,11,766,16.2
2014,9,5,12,758,16.3
2014,9,5,13,690,16.2
2014,9,5,14,558,16
2014,9,5,15,380,15.5
2014,9,5,16,26,14.7
2014,9,5,17,15,14
2014,9,5,18,0,13.6
2014,9,5,19,0,13.3
2014,9,5,20,0,13.2
2014,9,5,21,0,13
2014,9,5,22,0,12.9
2014,9,5,23,0,12.7
2014,9,6,0,0,12.6
2014,9,6,1,0,12.6
2014,9,6,2,0,12.6
2014,9,6,3,0,12.7
2014,9,6,4,0,12.8
2014,9,6,5,0,13.1
2014,9,6,6,3,13.8
2014,9,6,7,15,14.7
2014,9,6,8,33,15.3
2014,9,6,9,84,15.6
2014,9,6,10,191,16.3
2014,9,6,11,560,16.5
2014,9,6,12,774,16.5
2014,9,6,13,547,16.5
2014,9,6,14,180,16.3
2014,9,6,15,385,15.9
2014,9,6,16,45,15.4
2014,9,6,17,4,14.8
2014,9,6,18,0,14.5
2014,9,6,19,0,14.5
2014,9,6,20,0,14.5
2014,9,6,21,0,14.5
2014,9,6,22,0,14.6
2014,9,6,23,0,14.6
2014,9,7,0,0,14.4
2014,9,7,1,0,14.2
2014,9,7,2,0,13.9
2014,9,7,3,0,13.8
2014,9,7,4,0,13.7
2014,9,7,5,0,13.7
2014,9,7,6,4,14
2014,9,7,7,16,14.6
2014,9,7,8,33,15.1
2014,9,7,9,92,15.3
2014,9,7,10,478,16
2014,9,7,11,556,16.2
2014,9,7,12,778,16.3
2014,9,7,13,702,16.4
2014,9,7,14,570,16.4
2014,9,7,15,96,16.3
2014,9,7,16,39,15.8
2014,9,7,17,4,15.3
2014,9,7,18,0,15.1
2014,9,7,19,0,15
2014,9,7,20,0,14.9
2014,9,7,21,0,14.8
2014,9,7,22,0,14.7
2014,9,7,23,0,14.5
2014,9,8,0,0,14.3
2014,9,8,1,0,14.2
2014,9,8,2,0,14.1
2014,9,8,3,0,14.1
2014,9,8,4,0,14
2014,9,8,5,0,13.9
2014,9,8,6,49,14.2
2014,9,8,7,244,14.9
2014,9,8,8,446,15.8
2014,9,8,9,619,16.3
2014,9,8,10,741,17.4
2014,9,8,11,800,17.9
2014,9,8,12,789,18.2
2014,9,8,13,714,18.3
2014,9,8,14,578,18.2
2014,9,8,15,398,17.8
2014,9,8,16,192,17.1
2014,9,8,17,19,16.3
2014,9,8,18,0,15.8
2014,9,8,19,0,15.6
2014,9,8,20,0,15.4
2014,9,8,21,0,15.1
2014,9,8,22,0,14.8
2014,9,8,23,0,14.5
2014,9,9,0,0,14.2
2014,9,9,1,0,13.9
2014,9,9,2,0,13.6
2014,9,9,3,0,13.5
2014,9,9,4,0,13.3
2014,9,9,5,0,13.2
2014,9,9,6,52,13.8
2014,9,9,7,245,15
2014,9,9,8,445,16.4
2014,9,9,9,613,17.2
2014,9,9,10,733,19
2014,9,9,11,788,19.8
2014,9,9,12,777,20.3
2014,9,9,13,702,20.4
2014,9,9,14,432,20.3
2014,9,9,15,288,19.9
2014,9,9,16,187,19.1
2014,9,9,17,12,18.2
2014,9,9,18,0,17.8
2014,9,9,19,0,17.8
2014,9,9,20,0,17.7
2014,9,9,21,0,17.5
2014,9,9,22,0,17.3
2014,9,9,23,0,17.1
2014,9,10,0,0,16.9
2014,9,10,1,0,16.6
2014,9,10,2,0,16.4
2014,9,10,3,0,16.1
2014,9,10,4,0,15.7
2014,9,10,5,0,15.4
2014,9,10,6,4,15.5
2014,9,10,7,9,16
2014,9,10,8,83,16.8
2014,9,10,9,611,17.3
2014,9,10,10,735,19
2014,9,10,11,798,19.6
2014,9,10,12,793,20
2014,9,10,13,717,20.1
2014,9,10,14,583,20
2014,9,10,15,404,19.7
2014,9,10,16,200,18.9
2014,9,10,17,21,18
2014,9,10,18,0,17.3
2014,9,10,19,0,16.6
2014,9,10,20,0,16
2014,9,10,21,0,15.5
2014,9,10,22,0,15.1
2014,9,10,23,0,14.6
2014,9,11,0,0,14.2
2014,9,11,1,0,13.9
2014,9,11,2,0,13.6
2014,9,11,3,0,13.4
2014,9,11,4,0,13.1
2014,9,11,5,0,13.1
2014,9,11,6,64,13.7
2014,9,11,7,269,14.9
2014,9,11,8,477,16.2
2014,9,11,9,651,16.8
2014,9,11,10,773,18.4
2014,9,11,11,828,19.4
2014,9,11,12,816,20.2
2014,9,11,13,738,21
2014,9,11,14,602,21.5
2014,9,11,15,416,21.6
2014,9,11,16,206,20.9
2014,9,11,17,23,19.7
2014,9,11,18,0,18.5
2014,9,11,19,0,17.5
2014,9,11,20,0,16.8
2014,9,11,21,0,16.1
2014,9,11,22,0,15.5
2014,9,11,23,0,15
2014,9,12,0,0,14.6
2014,9,12,1,0,14.2
2014,9,12,2,0,14.1
2014,9,12,3,0,14
2014,9,12,4,0,14.1
2014,9,12,5,0,14.2
2014,9,12,6,58,14.7
2014,9,12,7,18,15.2
2014,9,12,8,450,15.6
2014,9,12,9,619,15.8
2014,9,12,10,366,16
2014,9,12,11,261,16
2014,9,12,12,157,15.9
2014,9,12,13,299,15.8
2014,9,12,14,561,15.7
2014,9,12,15,384,15.6
2014,9,12,16,60,15.3
2014,9,12,17,6,14.9
2014,9,12,18,0,14.7
2014,9,12,19,0,14.7
2014,9,12,20,0,14.7
2014,9,12,21,0,14.7
2014,9,12,22,0,14.7
2014,9,12,23,0,14.8
2014,9,13,0,0,14.8
2014,9,13,1,0,14.7
2014,9,13,2,0,14.6
2014,9,13,3,0,14.6
2014,9,13,4,0,14.5
2014,9,13,5,0,14.6
2014,9,13,6,12,15
2014,9,13,7,53,15.5
2014,9,13,8,100,15.9
2014,9,13,9,141,16.1
2014,9,13,10,291,16.7
2014,9,13,11,379,17
2014,9,13,12,793,17
2014,9,13,13,711,17
2014,9,13,14,574,16.9
2014,9,13,15,395,16.8
2014,9,13,16,192,16.4
2014,9,13,17,21,15.9
2014,9,13,18,0,15.5
2014,9,13,19,0,15.4
2014,9,13,20,0,15.3
2014,9,13,21,0,15.2
2014,9,13,22,0,15
2014,9,13,23,0,14.8
2014,9,14,0,0,14.6
2014,9,14,1,0,14.3
2014,9,14,2,0,14.1
2014,9,14,3,0,13.9
2014,9,14,4,0,13.6
2014,9,14,5,0,13.4
2014,9,14,6,68,14
2014,9,14,7,266,15.3
2014,9,14,8,469,16.9
2014,9,14,9,642,17.6
2014,9,14,10,773,19.4
2014,9,14,11,832,20.3
2014,9,14,12,822,20.8
2014,9,14,13,745,20.7
2014,9,14,14,604,20.3
2014,9,14,15,418,19.5
2014,9,14,16,208,18.3
2014,9,14,17,8,16.9
2014,9,14,18,0,16.1
2014,9,14,19,0,15.7
2014,9,14,20,0,15.5
2014,9,14,21,0,15.3
2014,9,14,22,0,15.1
2014,9,14,23,0,14.9
2014,9,15,0,0,14.8
2014,9,15,1,0,14.7
2014,9,15,2,0,14.7
2014,9,15,3,0,14.6
2014,9,15,4,0,14.6
2014,9,15,5,0,14.7
2014,9,15,6,74,15.2
2014,9,15,7,276,15.9
2014,9,15,8,481,16.7
2014,9,15,9,653,17.2
2014,9,15,10,769,18.3
2014,9,15,11,825,18.8
2014,9,15,12,811,19.1
2014,9,15,13,734,19.2
2014,9,15,14,596,19
2014,9,15,15,412,18.4
2014,9,15,16,205,17.6
2014,9,15,17,26,16.7
2014,9,15,18,0,16.3
2014,9,15,19,0,16.1
2014,9,15,20,0,16
2014,9,15,21,0,16
2014,9,15,22,0,16
2014,9,15,23,0,15.9
2014,9,16,0,0,15.9
2014,9,16,1,0,15.9
2014,9,16,2,0,15.8
2014,9,16,3,0,15.7
2014,9,16,4,0,15.5
2014,9,16,5,0,15.5
2014,9,16,6,5,16
2014,9,16,7,11,16.9
2014,9,16,8,21,17.8
2014,9,16,9,34,18.3
2014,9,16,10,350,19.5
2014,9,16,11,813,20.2
2014,9,16,12,802,20.6
2014,9,16,13,71,20.9
2014,9,16,14,594,21.1
2014,9,16,15,50,20.9
2014,9,16,16,22,20.2
2014,9,16,17,4,19.2
2014,9,16,18,0,18.3
2014,9,16,19,0,17.5
2014,9,16,20,0,16.6
2014,9,16,21,0,15.9
2014,9,16,22,0,15.4
2014,9,16,23,0,15
2014,9,17,0,0,14.9
2014,9,17,1,0,14.8
2014,9,17,2,0,14.7
2014,9,17,3,0,14.7
2014,9,17,4,0,14.6
2014,9,17,5,0,14.6
2014,9,17,6,85,15.2
2014,9,17,7,211,16
2014,9,17,8,425,16.7
2014,9,17,9,679,17
2014,9,17,10,802,18
2014,9,17,11,859,18.5
2014,9,17,12,635,19
2014,9,17,13,765,19.3
2014,9,17,14,624,19.4
2014,9,17,15,438,19.2
2014,9,17,16,226,18.4
2014,9,17,17,33,17.4
2014,9,17,18,0,16.6
2014,9,17,19,0,15.9
2014,9,17,20,0,15.3
2014,9,17,21,0,14.8
2014,9,17,22,0,14.4
2014,9,17,23,0,14
2014,9,18,0,0,13.7
2014,9,18,1,0,13.4
2014,9,18,2,0,13.1
2014,9,18,3,0,12.8
2014,9,18,4,0,12.5
2014,9,18,5,0,12.4
2014,9,18,6,96,12.9
2014,9,18,7,312,13.7
2014,9,18,8,523,14.4
2014,9,18,9,695,14.7
2014,9,18,10,815,15.6
2014,9,18,11,867,16.2
2014,9,18,12,855,16.6
2014,9,18,13,773,16.8
2014,9,18,14,629,16.7
2014,9,18,15,438,16.4
2014,9,18,16,223,15.7
2014,9,18,17,32,14.9
2014,9,18,18,0,14.4
2014,9,18,19,0,14.2
2014,9,18,20,0,14
2014,9,18,21,0,13.5
2014,9,18,22,0,13
2014,9,18,23,0,12.4
2014,9,19,0,0,11.9
2014,9,19,1,0,11.5
2014,9,19,2,0,11.2
2014,9,19,3,0,11.1
2014,9,19,4,0,10.9
2014,9,19,5,0,10.9
2014,9,19,6,93,11.5
2014,9,19,7,302,12.7
2014,9,19,8,324,14
2014,9,19,9,530,14.7
2014,9,19,10,805,16.1
2014,9,19,11,691,16.8
2014,9,19,12,850,17.3
2014,9,19,13,771,17.6
2014,9,19,14,433,17.7
2014,9,19,15,369,17.5
2014,9,19,16,179,16.7
2014,9,19,17,34,15.6
2014,9,19,18,0,14.9
2014,9,19,19,0,14.6
2014,9,19,20,0,14.6
2014,9,19,21,0,14.6
2014,9,19,22,0,14.5
2014,9,19,23,0,14.3
2014,9,20,0,0,13.9
2014,9,20,1,0,13.4
2014,9,20,2,0,12.9
2014,9,20,3,0,12.5
2014,9,20,4,0,12
2014,9,20,5,0,11.8
2014,9,20,6,98,12.6
2014,9,20,7,308,14.2
2014,9,20,8,514,15.6
2014,9,20,9,684,16.1
2014,9,20,10,805,16.7
2014,9,20,11,860,16.8
2014,9,20,12,846,16.9
2014,9,20,13,771,16.8
2014,9,20,14,630,16.7
2014,9,20,15,443,16.4
2014,9,20,16,229,15.9
2014,9,20,17,36,15.2
2014,9,20,18,0,14.7
2014,9,20,19,0,14.6
2014,9,20,20,0,14.5
2014,9,20,21,0,14.4
2014,9,20,22,0,14.3
2014,9,20,23,0,14.2
2014,9,21,0,0,14
2014,9,21,1,0,13.7
2014,9,21,2,0,13.5
2014,9,21,3,0,13.3
2014,9,21,4,0,13.2
2014,9,21,5,0,13.2
2014,9,21,6,58,14
2014,9,21,7,203,15.1
2014,9,21,8,255,16
2014,9,21,9,428,16.4
2014,9,21,10,810,17.2
2014,9,21,11,866,17.6
2014,9,21,12,855,17.8
2014,9,21,13,774,17.8
2014,9,21,14,633,17.7
2014,9,21,15,445,17.3
2014,9,21,16,232,16.7
2014,9,21,17,38,15.8
2014,9,21,18,0,15.2
2014,9,21,19,0,15
2014,9,21,20,0,15
2014,9,21,21,0,15.1
2014,9,21,22,0,15.3
2014,9,21,23,0,15.3
2014,9,22,0,0,15.2
2014,9,22,1,0,15
2014,9,22,2,0,14.7
2014,9,22,3,0,14.5
2014,9,22,4,0,14.3
2014,9,22,5,0,14.4
2014,9,22,6,104,14.9
2014,9,22,7,311,15.8
2014,9,22,8,518,16.6
2014,9,22,9,693,16.9
2014,9,22,10,817,17.9
2014,9,22,11,873,18.5
2014,9,22,12,863,18.8
2014,9,22,13,785,19
2014,9,22,14,643,18.9
2014,9,22,15,454,18.5
2014,9,22,16,240,17.7
2014,9,22,17,41,16.6
2014,9,22,18,0,15.8
2014,9,22,19,0,15.4
2014,9,22,20,0,15.1
2014,9,22,21,0,14.8
2014,9,22,22,0,14.5
2014,9,22,23,0,14.2
2014,9,23,0,0,13.9
2014,9,23,1,0,13.5
2014,9,23,2,0,13.2
2014,9,23,3,0,12.8
2014,9,23,4,0,12.5
2014,9,23,5,0,12.4
2014,9,23,6,112,13.2
2014,9,23,7,327,14.8
2014,9,23,8,536,16.5
2014,9,23,9,708,17.3
2014,9,23,10,829,18.7
2014,9,23,11,884,19.4
2014,9,23,12,869,19.8
2014,9,23,13,788,19.9
2014,9,23,14,646,19.8
2014,9,23,15,457,19.5
2014,9,23,16,242,18.7
2014,9,23,17,42,17.5
2014,9,23,18,0,16.6
2014,9,23,19,0,16.1
2014,9,23,20,0,15.8
2014,9,23,21,0,15.5
2014,9,23,22,0,15.3
2014,9,23,23,0,15
2014,9,24,0,0,14.7
2014,9,24,1,0,14.4
2014,9,24,2,0,14.2
2014,9,24,3,0,14
2014,9,24,4,0,13.7
2014,9,24,5,0,13.6
2014,9,24,6,112,14.4
2014,9,24,7,323,15.9
2014,9,24,8,530,17.4
2014,9,24,9,702,18.2
2014,9,24,10,819,20.2
2014,9,24,11,872,21.2
2014,9,24,12,855,21.8
2014,9,24,13,774,22
2014,9,24,14,631,22
2014,9,24,15,442,21.6
2014,9,24,16,230,20.6
2014,9,24,17,39,19.3
2014,9,24,18,0,18.4
2014,9,24,19,0,18.1
2014,9,24,20,0,17.9
2014,9,24,21,0,17.7
2014,9,24,22,0,17.5
2014,9,24,23,0,17.3
2014,9,25,0,0,17.1
2014,9,25,1,0,16.9
2014,9,25,2,0,16.7
2014,9,25,3,0,16.6
2014,9,25,4,0,16.5
2014,9,25,5,0,16.5
2014,9,25,6,5,16.7
2014,9,25,7,12,17
2014,9,25,8,186,17.6
2014,9,25,9,334,17.9
2014,9,25,10,546,19.9
2014,9,25,11,59,20.9
2014,9,25,12,128,21.3
2014,9,25,13,310,21
2014,9,25,14,422,20.3
2014,9,25,15,105,19.5
2014,9,25,16,62,18.6
2014,9,25,17,24,17.4
2014,9,25,18,0,16.4
2014,9,25,19,0,15.9
2014,9,25,20,0,15.7
2014,9,25,21,0,15.7
2014,9,25,22,0,15.7
2014,9,25,23,0,15.7
2014,9,26,0,0,15.5
2014,9,26,1,0,15.2
2014,9,26,2,0,15
2014,9,26,3,0,14.7
2014,9,26,4,0,14.4
2014,9,26,5,0,14.4
2014,9,26,6,127,14.9
2014,9,26,7,345,15.6
2014,9,26,8,553,16.4
2014,9,26,9,725,16.7
2014,9,26,10,839,17.5
2014,9,26,11,892,17.8
2014,9,26,12,875,18
2014,9,26,13,789,18
2014,9,26,14,642,17.9
2014,9,26,15,448,17.4
2014,9,26,16,231,16.7
2014,9,26,17,25,16.1
2014,9,26,18,0,15.7
2014,9,26,19,0,15.6
2014,9,26,20,0,15.5
2014,9,26,21,0,15.4
2014,9,26,22,0,15.3
2014,9,26,23,0,15.2
2014,9,27,0,0,15.1
2014,9,27,1,0,14.9
2014,9,27,2,0,14.7
2014,9,27,3,0,14.3
2014,9,27,4,0,14
2014,9,27,5,0,14
2014,9,27,6,128,14.6
2014,9,27,7,343,15.4
2014,9,27,8,552,16.3
2014,9,27,9,723,16.6
2014,9,27,10,834,17.6
2014,9,27,11,892,18.1
2014,9,27,12,877,18.4
2014,9,27,13,796,18.5
2014,9,27,14,653,18.4
2014,9,27,15,463,18.2
2014,9,27,16,248,17.7
2014,9,27,17,48,16.8
2014,9,27,18,0,16.1
2014,9,27,19,0,15.9
2014,9,27,20,0,15.8
2014,9,27,21,0,15.8
2014,9,27,22,0,15.6
2014,9,27,23,0,15.3
2014,9,28,0,0,14.9
2014,9,28,1,0,14.4
2014,9,28,2,0,13.9
2014,9,28,3,0,13.4
2014,9,28,4,0,13
2014,9,28,5,0,13
2014,9,28,6,134,13.8
2014,9,28,7,352,15.4
2014,9,28,8,560,17.3
2014,9,28,9,734,18.2
2014,9,28,10,857,20.2
2014,9,28,11,909,21.1
2014,9,28,12,892,21.6
2014,9,28,13,809,21.8
2014,9,28,14,662,21.8
2014,9,28,15,470,21.5
2014,9,28,16,253,20.5
2014,9,28,17,50,19.2
2014,9,28,18,0,18.2
2014,9,28,19,0,17.9
2014,9,28,20,0,17.6
2014,9,28,21,0,17.2
2014,9,28,22,0,16.7
2014,9,28,23,0,16.2
2014,9,29,0,0,15.9
2014,9,29,1,0,15.6
2014,9,29,2,0,15.5
2014,9,29,3,0,15.4
2014,9,29,4,0,15.4
2014,9,29,5,0,15.6
2014,9,29,6,131,16.7
2014,9,29,7,342,18.3
2014,9,29,8,548,20.3
2014,9,29,9,721,21.3
2014,9,29,10,839,23.5
2014,9,29,11,888,24.8
2014,9,29,12,869,25.8
2014,9,29,13,795,26.7
2014,9,29,14,653,27.4
2014,9,29,15,463,27.6
2014,9,29,16,246,27.1
2014,9,29,17,47,25.9
2014,9,29,18,0,24.5
2014,9,29,19,0,23
2014,9,29,20,0,21.3
2014,9,29,21,0,19.8
2014,9,29,22,0,18.7
2014,9,29,23,0,17.8
2014,9,30,0,0,17
2014,9,30,1,0,16.5
2014,9,30,2,0,16.2
2014,9,30,3,0,16
2014,9,30,4,0,16
2014,9,30,5,0,16.3
2014,9,30,6,137,17.3
2014,9,30,7,348,19
2014,9,30,8,553,21
2014,9,30,9,486,22.1
2014,9,30,10,295,24.8
2014,9,30,11,277,25.8
2014,9,30,12,268,26.2
2014,9,30,13,282,26.6
2014,9,30,14,646,26.8
2014,9,30,15,459,26.6
2014,9,30,16,247,25.9
2014,9,30,17,50,24.8
2014,9,30,18,0,24
2014,9,30,19,0,23.5
2014,9,30,20,0,23
2014,9,30,21,0,22.5
2014,9,30,22,0,22
2014,9,30,23,0,21.4
2014,10,1,0,0,20.9
2014,10,1,1,0,20.1
2014,10,1,2,0,18.8
2014,10,1,3,0,17.4
2014,10,1,4,0,16.1
2014,10,1,5,0,15.2
2014,10,1,6,161,14.9
2014,10,1,7,391,15.2
2014,10,1,8,607,15.7
2014,10,1,9,782,16.1
2014,10,1,10,894,17.2
2014,10,1,11,947,17.8
2014,10,1,12,925,18.3
2014,10,1,13,840,18.4
2014,10,1,14,689,18.3
2014,10,1,15,493,18
2014,10,1,16,268,17.3
2014,10,1,17,57,16.3
2014,10,1,18,0,15.6
2014,10,1,19,0,15.2
2014,10,1,20,0,15
2014,10,1,21,0,14.9
2014,10,1,22,0,14.7
2014,10,1,23,0,14.6
2014,10,2,0,0,14.4
2014,10,2,1,0,14.2
2014,10,2,2,0,13.8
2014,10,2,3,0,13.2
2014,10,2,4,0,12.6
2014,10,2,5,0,12.6
2014,10,2,6,149,13.4
2014,10,2,7,367,14.8
2014,10,2,8,575,16.2
2014,10,2,9,747,16.9
2014,10,2,10,867,18.8
2014,10,2,11,919,20
2014,10,2,12,906,21
2014,10,2,13,823,21.6
2014,10,2,14,680,21.8
2014,10,2,15,487,21.6
2014,10,2,16,267,20.8
2014,10,2,17,59,19.4
2014,10,2,18,0,18
2014,10,2,19,0,17.3
2014,10,2,20,0,16.8
2014,10,2,21,0,16.5
2014,10,2,22,0,16.1
2014,10,2,23,0,15.9
2014,10,3,0,0,15.7
2014,10,3,1,0,15.6
2014,10,3,2,0,15.6
2014,10,3,3,0,15.4
2014,10,3,4,0,15.3
2014,10,3,5,0,15.4
2014,10,3,6,155,16.1
2014,10,3,7,373,17.4
2014,10,3,8,579,18.5
2014,10,3,9,745,19
2014,10,3,10,131,19.7
2014,10,3,11,620,19.9
2014,10,3,12,605,20
2014,10,3,13,165,19.8
2014,10,3,14,385,19.3
2014,10,3,15,192,18.8
2014,10,3,16,255,18.1
2014,10,3,17,56,17.2
2014,10,3,18,0,16.5
2014,10,3,19,0,16.2
2014,10,3,20,0,16
2014,10,3,21,0,16
2014,10,3,22,0,15.9
2014,10,3,23,0,15.9
2014,10,4,0,0,15.9
2014,10,4,1,0,16
2014,10,4,2,0,16
2014,10,4,3,0,16
2014,10,4,4,0,15.9
2014,10,4,5,0,16.2
2014,10,4,6,77,17.2
2014,10,4,7,210,18.3
2014,10,4,8,200,19.3
2014,10,4,9,441,19.7
2014,10,4,10,858,20.9
2014,10,4,11,905,21.6
2014,10,4,12,883,22.1
2014,10,4,13,809,22.4
2014,10,4,14,663,22.6
2014,10,4,15,472,22.3
2014,10,4,16,259,21.4
2014,10,4,17,58,20
2014,10,4,18,0,18.8
2014,10,4,19,0,18.3
2014,10,4,20,0,18.1
2014,10,4,21,0,17.9
2014,10,4,22,0,17.6
2014,10,4,23,0,17.3
2014,10,5,0,0,17
2014,10,5,1,0,16.5
2014,10,5,2,0,15.9
2014,10,5,3,0,15.2
2014,10,5,4,0,14.6
2014,10,5,5,0,14.5
2014,10,5,6,172,15.4
2014,10,5,7,394,17.2
2014,10,5,8,603,19.8
2014,10,5,9,772,21.2
2014,10,5,10,883,24.8
2014,10,5,11,930,26.5
2014,10,5,12,911,27.8
2014,10,5,13,825,28.6
2014,10,5,14,679,29.1
2014,10,5,15,484,29.3
2014,10,5,16,267,28.5
2014,10,5,17,62,26.1
2014,10,5,18,0,23.3
2014,10,5,19,0,21.2
2014,10,5,20,0,19.7
2014,10,5,21,0,18.3
2014,10,5,22,0,17.3
2014,10,5,23,0,16.8
2014,10,6,0,0,16.7
2014,10,6,1,0,16.7
2014,10,6,2,0,16.8
2014,10,6,3,0,16.7
2014,10,6,4,0,16.8
2014,10,6,5,0,17
2014,10,6,6,155,17.6
2014,10,6,7,367,18.5
2014,10,6,8,572,19.5
2014,10,6,9,743,20.1
2014,10,6,10,862,21.9
2014,10,6,11,915,23.1
2014,10,6,12,899,24
2014,10,6,13,817,24.7
2014,10,6,14,674,24.9
2014,10,6,15,481,24.6
2014,10,6,16,262,23.5
2014,10,6,17,5,21.9
2014,10,6,18,0,21.1
2014,10,6,19,0,20.8
2014,10,6,20,0,20.7
2014,10,6,21,0,20.5
2014,10,6,22,0,20.4
2014,10,6,23,0,20.2
2014,10,7,0,0,20.2
2014,10,7,1,0,20.1
2014,10,7,2,0,20.1
2014,10,7,3,0,20.1
2014,10,7,4,0,20.4
2014,10,7,5,0,21.1
2014,10,7,6,7,21.5
2014,10,7,7,16,21.4
2014,10,7,8,235,21.5
2014,10,7,9,427,21.8
2014,10,7,10,883,22.8
2014,10,7,11,935,23.6
2014,10,7,12,919,24.3
2014,10,7,13,834,24.4
2014,10,7,14,688,24
2014,10,7,15,493,23.1
2014,10,7,16,272,21.9
2014,10,7,17,65,20.4
2014,10,7,18,0,19.1
2014,10,7,19,0,18.4
2014,10,7,20,0,18.1
2014,10,7,21,0,17.8
2014,10,7,22,0,17.6
2014,10,7,23,0,17.4
2014,10,8,0,0,17.1
2014,10,8,1,0,16.8
2014,10,8,2,0,16.3
2014,10,8,3,0,15.7
2014,10,8,4,0,15.2
2014,10,8,5,0,15.3
2014,10,8,6,56,15.7
2014,10,8,7,146,16
2014,10,8,8,48,16.6
2014,10,8,9,63,16.9
2014,10,8,10,306,17.6
2014,10,8,11,173,17.8
2014,10,8,12,897,17.9
2014,10,8,13,810,17.9
2014,10,8,14,667,18
2014,10,8,15,479,18
2014,10,8,16,152,17.8
2014,10,8,17,32,17.2
2014,10,8,18,0,16.7
2014,10,8,19,0,16.4
2014,10,8,20,0,16.2
2014,10,8,21,0,16.1
2014,10,8,22,0,16.1
2014,10,8,23,0,16.2
2014,10,9,0,0,16.3
2014,10,9,1,0,16.4
2014,10,9,2,0,16.4
2014,10,9,3,0,16.4
2014,10,9,4,0,16.3
2014,10,9,5,12,16.5
2014,10,9,6,180,17
2014,10,9,7,398,17.8
2014,10,9,8,604,18.6
2014,10,9,9,771,19.1
2014,10,9,10,217,20
2014,10,9,11,933,20.4
2014,10,9,12,916,20.7
2014,10,9,13,828,20.8
2014,10,9,14,682,20.6
2014,10,9,15,490,20.3
2014,10,9,16,274,19.6
2014,10,9,17,69,18.5
2014,10,9,18,0,17.7
2014,10,9,19,0,17.2
2014,10,9,20,0,17
2014,10,9,21,0,16.7
2014,10,9,22,0,16.4
2014,10,9,23,0,16.2
2014,10,10,0,0,15.9
2014,10,10,1,0,15.7
2014,10,10,2,0,15.5
2014,10,10,3,0,15.3
2014,10,10,4,0,15.1
2014,10,10,5,14,15.3
2014,10,10,6,186,16.3
2014,10,10,7,405,17.8
2014,10,10,8,611,19.3
2014,10,10,9,779,20
2014,10,10,10,896,21.5
2014,10,10,11,712,22
2014,10,10,12,694,22.3
2014,10,10,13,539,22.4
2014,10,10,14,508,22.3
2014,10,10,15,378,21.8
2014,10,10,16,205,21
2014,10,10,17,51,19.7
2014,10,10,18,0,18.7
2014,10,10,19,0,18.3
2014,10,10,20,0,18.1
2014,10,10,21,0,17.9
2014,10,10,22,0,17.6
2014,10,10,23,0,17.5
2014,10,11,0,0,17.5
2014,10,11,1,0,17.4
2014,10,11,2,0,17.2
2014,10,11,3,0,16.9
2014,10,11,4,0,16.6
2014,10,11,5,14,16.7
2014,10,11,6,187,17.7
2014,10,11,7,409,19.3
2014,10,11,8,619,21
2014,10,11,9,788,21.8
2014,10,11,10,911,24.6
2014,10,11,11,961,25.9
2014,10,11,12,939,26.3
2014,10,11,13,858,25.9
2014,10,11,14,707,25.2
2014,10,11,15,509,24.4
2014,10,11,16,287,23.2
2014,10,11,17,76,21.7
2014,10,11,18,0,20.4
2014,10,11,19,0,19.6
2014,10,11,20,0,19.1
2014,10,11,21,0,18.6
2014,10,11,22,0,18.2
2014,10,11,23,0,17.8
2014,10,12,0,0,17.5
2014,10,12,1,0,17.3
2014,10,12,2,0,17.2
2014,10,12,3,0,17
2014,10,12,4,0,16.9
2014,10,12,5,18,17.2
2014,10,12,6,199,18.4
2014,10,12,7,421,20.1
2014,10,12,8,630,21.6
2014,10,12,9,798,22.3
2014,10,12,10,914,24.2
2014,10,12,11,960,24.9
2014,10,12,12,936,25.2
2014,10,12,13,848,25
2014,10,12,14,698,24.5
2014,10,12,15,502,23.8
2014,10,12,16,283,22.6
2014,10,12,17,75,21.2
2014,10,12,18,0,20.1
2014,10,12,19,0,19.6
2014,10,12,20,0,19.3
2014,10,12,21,0,19
2014,10,12,22,0,18.8
2014,10,12,23,0,18.5
2014,10,13,0,0,18.2
2014,10,13,1,0,18
2014,10,13,2,0,17.8
2014,10,13,3,0,17.7
2014,10,13,4,0,17.7
2014,10,13,5,17,18.1
2014,10,13,6,185,19.2
2014,10,13,7,255,20.7
2014,10,13,8,348,22.5
2014,10,13,9,219,23.3
2014,10,13,10,381,24.9
2014,10,13,11,66,24.5
2014,10,13,12,612,23.8
2014,10,13,13,68,23.8
2014,10,13,14,422,24
2014,10,13,15,359,23.1
2014,10,13,16,108,21.8
2014,10,13,17,29,20.7
2014,10,13,18,0,20
2014,10,13,19,0,19.5
2014,10,13,20,0,18.7
2014,10,13,21,0,16.9
2014,10,13,22,0,15.1
2014,10,13,23,0,14.2
2014,10,14,0,0,13.9
2014,10,14,1,0,13.7
2014,10,14,2,0,13.6
2014,10,14,3,0,13.5
2014,10,14,4,0,13.4
2014,10,14,5,17,13.3
2014,10,14,6,186,13.6
2014,10,14,7,299,14.3
2014,10,14,8,511,15.3
2014,10,14,9,119,15.7
2014,10,14,10,138,16.5
2014,10,14,11,136,16.5
2014,10,14,12,427,16.4
2014,10,14,13,83,16.1
2014,10,14,14,280,15.9
2014,10,14,15,227,15.5
2014,10,14,16,87,15
2014,10,14,17,27,14.5
2014,10,14,18,0,14.1
2014,10,14,19,0,13.8
2014,10,14,20,0,13.6
2014,10,14,21,0,13.5
2014,10,14,22,0,13.3
2014,10,14,23,0,13.3
2014,10,15,0,0,13.3
2014,10,15,1,0,13.1
2014,10,15,2,0,12.9
2014,10,15,3,0,12.6
2014,10,15,4,0,12.4
2014,10,15,5,3,12.3
2014,10,15,6,9,12.4
2014,10,15,7,62,12.7
2014,10,15,8,93,13
2014,10,15,9,176,13.1
2014,10,15,10,424,13.7
2014,10,15,11,263,14
2014,10,15,12,390,14.2
2014,10,15,13,268,14.4
2014,10,15,14,374,14.8
2014,10,15,15,389,15
2014,10,15,16,205,15.2
2014,10,15,17,56,15
2014,10,15,18,0,14.9
2014,10,15,19,0,14.8
2014,10,15,20,0,14.8
2014,10,15,21,0,14.6
2014,10,15,22,0,14.2
2014,10,15,23,0,13.8
2014,10,16,0,0,13.5
2014,10,16,1,0,13.1
2014,10,16,2,0,12.9
2014,10,16,3,0,12.6
2014,10,16,4,0,12.2
2014,10,16,5,29,12.3
2014,10,16,6,223,13.2
2014,10,16,7,450,14.5
2014,10,16,8,661,15.9
2014,10,16,9,831,16.6
2014,10,16,10,944,18.1
2014,10,16,11,991,19
2014,10,16,12,967,19.6
2014,10,16,13,874,19.9
2014,10,16,14,721,20
2014,10,16,15,523,19.6
2014,10,16,16,300,18.9
2014,10,16,17,87,17.8
2014,10,16,18,0,16.8
2014,10,16,19,0,16.4
2014,10,16,20,0,16.1
2014,10,16,21,0,16
2014,10,16,22,0,16
2014,10,16,23,0,16.1
2014,10,17,0,0,16.2
2014,10,17,1,0,15.8
2014,10,17,2,0,15.1
2014,10,17,3,0,14.3
2014,10,17,4,0,13.8
2014,10,17,5,3,14.4
2014,10,17,6,14,15.5
2014,10,17,7,40,16.2
2014,10,17,8,320,16.6
2014,10,17,9,626,16.8
2014,10,17,10,723,17.3
2014,10,17,11,977,17.5
2014,10,17,12,955,17.7
2014,10,17,13,857,17.8
2014,10,17,14,712,17.6
2014,10,17,15,521,17.4
2014,10,17,16,167,17.1
2014,10,17,17,89,16.5
2014,10,17,18,0,16
2014,10,17,19,0,15.8
2014,10,17,20,0,15.7
2014,10,17,21,0,15.5
2014,10,17,22,0,15.4
2014,10,17,23,0,15.2
2014,10,18,0,0,15
2014,10,18,1,0,14.8
2014,10,18,2,0,14.5
2014,10,18,3,0,14.4
2014,10,18,4,0,14.3
2014,10,18,5,4,14.7
2014,10,18,6,26,15.8
2014,10,18,7,109,17
2014,10,18,8,235,17.7
2014,10,18,9,256,18.1
2014,10,18,10,644,18.9
2014,10,18,11,994,19.3
2014,10,18,12,971,19.6
2014,10,18,13,883,19.7
2014,10,18,14,731,19.6
2014,10,18,15,535,19.3
2014,10,18,16,312,18.7
2014,10,18,17,94,17.7
2014,10,18,18,0,16.8
2014,10,18,19,0,16.3
2014,10,18,20,0,16
2014,10,18,21,0,15.6
2014,10,18,22,0,15.4
2014,10,18,23,0,15.1
2014,10,19,0,0,14.8
2014,10,19,1,0,14.5
2014,10,19,2,0,14.2
2014,10,19,3,0,13.9
2014,10,19,4,0,13.7
2014,10,19,5,34,14.1
2014,10,19,6,220,15.3
2014,10,19,7,437,17
2014,10,19,8,642,18.7
2014,10,19,9,807,19.5
2014,10,19,10,931,21.6
2014,10,19,11,976,22.6
2014,10,19,12,953,23.3
2014,10,19,13,865,23.5
2014,10,19,14,716,23.5
2014,10,19,15,523,23.1
2014,10,19,16,304,22.2
2014,10,19,17,91,20.8
2014,10,19,18,0,19.6
2014,10,19,19,0,18.9
2014,10,19,20,0,18.5
2014,10,19,21,0,18.2
2014,10,19,22,0,18
2014,10,19,23,0,17.8
2014,10,20,0,0,17.6
2014,10,20,1,0,17.4
2014,10,20,2,0,17
2014,10,20,3,0,16.7
2014,10,20,4,0,16.9
2014,10,20,5,31,17.4
2014,10,20,6,204,17.8
2014,10,20,7,413,17.9
2014,10,20,8,484,18.2
2014,10,20,9,780,18.4
2014,10,20,10,471,18.8
2014,10,20,11,474,19
2014,10,20,12,106,19
2014,10,20,13,320,18.8
2014,10,20,14,242,18.4
2014,10,20,15,159,18.1
2014,10,20,16,74,17.6
2014,10,20,17,20,17.1
2014,10,20,18,0,16.7
2014,10,20,19,0,16.5
2014,10,20,20,0,16.5
2014,10,20,21,0,16.4
2014,10,20,22,0,16.3
2014,10,20,23,0,16.2
2014,10,21,0,0,16.1
2014,10,21,1,0,15.9
2014,10,21,2,0,15.9
2014,10,21,3,0,15.8
2014,10,21,4,0,15.8
2014,10,21,5,3,16.2
2014,10,21,6,16,16.9
2014,10,21,7,42,17.4
2014,10,21,8,75,17.8
2014,10,21,9,170,18
2014,10,21,10,933,18.2
2014,10,21,11,982,18.4
2014,10,21,12,243,18.5
2014,10,21,13,330,18.4
2014,10,21,14,287,18.3
2014,10,21,15,530,18.1
2014,10,21,16,109,17.8
2014,10,21,17,29,17.3
2014,10,21,18,0,16.7
2014,10,21,19,0,16.2
2014,10,21,20,0,15.9
2014,10,21,21,0,15.7
2014,10,21,22,0,15.5
2014,10,21,23,0,15.4
2014,10,22,0,0,15.2
2014,10,22,1,0,15.1
2014,10,22,2,0,15
2014,10,22,3,0,15
2014,10,22,4,0,14.9
2014,10,22,5,11,15.5
2014,10,22,6,66,16.7
2014,10,22,7,267,17.7
2014,10,22,8,202,18.5
2014,10,22,9,348,18.9
2014,10,22,10,960,20.1
2014,10,22,11,1005,20.8
2014,10,22,12,979,21.4
2014,10,22,13,891,21.7
2014,10,22,14,740,21.8
2014,10,22,15,543,21.5
2014,10,22,16,318,20.8
2014,10,22,17,101,19.6
2014,10,22,18,0,18.5
2014,10,22,19,0,18
2014,10,22,20,0,17.7
2014,10,22,21,0,17.5
2014,10,22,22,0,17.3
2014,10,22,23,0,17
2014,10,23,0,0,16.8
2014,10,23,1,0,16.5
2014,10,23,2,0,16.1
2014,10,23,3,0,15.8
2014,10,23,4,0,15.6
2014,10,23,5,44,15.9
2014,10,23,6,235,16.9
2014,10,23,7,455,18.6
2014,10,23,8,660,20.8
2014,10,23,9,820,21.9
2014,10,23,10,932,24.1
2014,10,23,11,975,24.5
2014,10,23,12,952,24.1
2014,10,23,13,865,23.6
2014,10,23,14,717,23.1
2014,10,23,15,526,22.4
2014,10,23,16,257,21.5
2014,10,23,17,82,20.4
2014,10,23,18,0,19.3
2014,10,23,19,0,18.8
2014,10,23,20,0,18.5
2014,10,23,21,0,18.3
2014,10,23,22,0,18.1
2014,10,23,23,0,17.9
2014,10,24,0,0,17.9
2014,10,24,1,0,18.1
2014,10,24,2,0,18
2014,10,24,3,0,18
2014,10,24,4,0,18.1
2014,10,24,5,34,18.3
2014,10,24,6,175,19
2014,10,24,7,357,20.2
2014,10,24,8,342,21.3
2014,10,24,9,272,21.8
2014,10,24,10,903,22.9
2014,10,24,11,946,23.8
2014,10,24,12,920,24.5
2014,10,24,13,833,25
2014,10,24,14,631,25.1
2014,10,24,15,413,24.8
2014,10,24,16,201,23.8
2014,10,24,17,62,22.4
2014,10,24,18,0,21.4
2014,10,24,19,0,20.9
2014,10,24,20,0,20.7
2014,10,24,21,0,20.4
2014,10,24,22,0,20.1
2014,10,24,23,0,19.7
2014,10,25,0,0,19.5
2014,10,25,1,0,19.3
2014,10,25,2,0,19.1
2014,10,25,3,0,18.9
2014,10,25,4,0,18.6
2014,10,25,5,51,18.9
2014,10,25,6,252,19.8
2014,10,25,7,474,21.2
2014,10,25,8,674,22.7
2014,10,25,9,833,23.4
2014,10,25,10,827,24.5
2014,10,25,11,971,25
2014,10,25,12,943,25
2014,10,25,13,854,24.4
2014,10,25,14,244,23.6
2014,10,25,15,517,22.5
2014,10,25,16,301,21.5
2014,10,25,17,96,20.4
2014,10,25,18,0,19.7
2014,10,25,19,0,19.4
2014,10,25,20,0,19.2
2014,10,25,21,0,19.2
2014,10,25,22,0,19.3
2014,10,25,23,0,19.3
2014,10,26,0,0,19.2
2014,10,26,1,0,19.1
2014,10,26,2,0,19.1
2014,10,26,3,0,19
2014,10,26,4,0,19
2014,10,26,5,48,19.4
2014,10,26,6,238,20.2
2014,10,26,7,456,21.4
2014,10,26,8,665,23.2
2014,10,26,9,836,24.3
2014,10,26,10,952,27.5
2014,10,26,11,998,28.4
2014,10,26,12,972,28
2014,10,26,13,880,26.8
2014,10,26,14,725,25.4
2014,10,26,15,530,23.7
2014,10,26,16,245,22
2014,10,26,17,80,20.5
2014,10,26,18,0,19.5
2014,10,26,19,0,19.1
2014,10,26,20,0,18.7
2014,10,26,21,0,18.5
2014,10,26,22,0,18.3
2014,10,26,23,0,18.1
2014,10,27,0,0,17.9
2014,10,27,1,0,17.8
2014,10,27,2,0,18
2014,10,27,3,0,17.9
2014,10,27,4,0,17.9
2014,10,27,5,52,18.4
2014,10,27,6,246,19.6
2014,10,27,7,460,20.9
2014,10,27,8,656,22.4
2014,10,27,9,519,23.1
2014,10,27,10,526,25.2
2014,10,27,11,410,26.7
2014,10,27,12,665,27.8
2014,10,27,13,215,28.1
2014,10,27,14,260,27.6
2014,10,27,15,516,27
2014,10,27,16,260,26.4
2014,10,27,17,107,25.6
2014,10,27,18,0,24.2
2014,10,27,19,0,22.8
2014,10,27,20,0,21.8
2014,10,27,21,0,20.8
2014,10,27,22,0,19.9
2014,10,27,23,0,19
2014,10,28,0,0,18.4
2014,10,28,1,0,17.8
2014,10,28,2,0,17.1
2014,10,28,3,0,16.6
2014,10,28,4,0,16.2
2014,10,28,5,66,16.5
2014,10,28,6,278,17.7
2014,10,28,7,506,19.2
2014,10,28,8,543,20.4
2014,10,28,9,653,21
2014,10,28,10,663,22.8
2014,10,28,11,600,23.8
2014,10,28,12,779,24.5
2014,10,28,13,909,24.9
2014,10,28,14,759,24.8
2014,10,28,15,563,24.6
2014,10,28,16,342,24
2014,10,28,17,122,23
2014,10,28,18,0,21.8
2014,10,28,19,0,21.1
2014,10,28,20,0,20.7
2014,10,28,21,0,20.3
2014,10,28,22,0,19.9
2014,10,28,23,0,19.4
2014,10,29,0,0,18.9
2014,10,29,1,0,18.4
2014,10,29,2,0,18
2014,10,29,3,0,17.6
2014,10,29,4,0,17.2
2014,10,29,5,64,17.5
2014,10,29,6,270,18.5
2014,10,29,7,493,19.8
2014,10,29,8,697,20.8
2014,10,29,9,861,21.1
2014,10,29,10,969,21.6
2014,10,29,11,1012,21.8
2014,10,29,12,987,21.8
2014,10,29,13,900,21.6
2014,10,29,14,753,21.1
2014,10,29,15,556,20.5
2014,10,29,16,334,19.7
2014,10,29,17,116,18.8
2014,10,29,18,0,18.1
2014,10,29,19,0,17.8
2014,10,29,20,0,17.7
2014,10,29,21,0,17.6
2014,10,29,22,0,17.6
2014,10,29,23,0,17.4
2014,10,30,0,0,17.3
2014,10,30,1,0,17
2014,10,30,2,0,16.7
2014,10,30,3,0,16.4
2014,10,30,4,0,16.2
2014,10,30,5,65,16.7
2014,10,30,6,272,18.2
2014,10,30,7,498,20.1
2014,10,30,8,703,22
2014,10,30,9,865,22.8
2014,10,30,10,973,24.6
2014,10,30,11,1021,25.6
2014,10,30,12,1000,26.6
2014,10,30,13,916,27.2
2014,10,30,14,764,27.4
2014,10,30,15,568,27.1
2014,10,30,16,345,26
2014,10,30,17,125,24.1
2014,10,30,18,0,22.3
2014,10,30,19,0,21.2
2014,10,30,20,0,20.5
2014,10,30,21,0,20
2014,10,30,22,0,19.5
2014,10,30,23,0,19
2014,10,31,0,0,18.6
2014,10,31,1,0,18.1
2014,10,31,2,0,17.7
2014,10,31,3,0,17.5
2014,10,31,4,0,17.4
2014,10,31,5,69,18
2014,10,31,6,278,19.4
2014,10,31,7,505,21.3
2014,10,31,8,712,23.3
2014,10,31,9,876,24.3
2014,10,31,10,986,27.1
2014,10,31,11,1027,28.3
2014,10,31,12,999,28.8
2014,10,31,13,907,28.7
2014,10,31,14,672,28.2
2014,10,31,15,414,27.3
2014,10,31,16,247,25.7
2014,10,31,17,85,23.9
2014,10,31,18,0,22.5
2014,10,31,19,0,21.8
2014,10,31,20,0,21.4
2014,10,31,21,0,21.3
2014,10,31,22,0,21.3
2014,10,31,23,0,21.5
2014,11,1,0,0,22
2014,11,1,1,0,22.4
2014,11,1,2,0,22.1
2014,11,1,3,0,21.8
2014,11,1,4,0,21.8
2014,11,1,5,62,22.2
2014,11,1,6,260,23.4
2014,11,1,7,480,24.8
2014,11,1,8,684,26.2
2014,11,1,9,844,26.9
2014,11,1,10,953,28.4
2014,11,1,11,990,29.1
2014,11,1,12,648,29.7
2014,11,1,13,219,29.7
2014,11,1,14,355,29
2014,11,1,15,520,27.7
2014,11,1,16,189,25.8
2014,11,1,17,70,23.8
2014,11,1,18,0,22.3
2014,11,1,19,0,21.3
2014,11,1,20,0,20.6
2014,11,1,21,0,19.9
2014,11,1,22,0,19.2
2014,11,1,23,0,18.3
2014,11,2,0,0,17.5
2014,11,2,1,0,16.7
2014,11,2,2,0,16
2014,11,2,3,0,15.2
2014,11,2,4,0,14.6
2014,11,2,5,87,14.6
2014,11,2,6,313,15.2
2014,11,2,7,549,16.1
2014,11,2,8,762,17.2
2014,11,2,9,932,17.8
2014,11,2,10,1044,19.3
2014,11,2,11,1082,20.2
2014,11,2,12,1052,20.9
2014,11,2,13,955,21
2014,11,2,14,798,20.6
2014,11,2,15,594,19.6
2014,11,2,16,365,18.5
2014,11,2,17,137,17.3
2014,11,2,18,0,16.4
2014,11,2,19,0,16
2014,11,2,20,0,15.9
2014,11,2,21,0,15.8
2014,11,2,22,0,15.7
2014,11,2,23,0,15.6
2014,11,3,0,0,15.6
2014,11,3,1,0,15.5
2014,11,3,2,0,15.4
2014,11,3,3,0,15.4
2014,11,3,4,0,15.4
2014,11,3,5,75,15.8
2014,11,3,6,180,16.6
2014,11,3,7,509,17.7
2014,11,3,8,344,18.6
2014,11,3,9,878,19
2014,11,3,10,983,20
2014,11,3,11,1026,20.4
2014,11,3,12,998,20.4
2014,11,3,13,900,20
2014,11,3,14,751,19.6
2014,11,3,15,297,19
2014,11,3,16,204,18.3
2014,11,3,17,66,17.5
2014,11,3,18,0,16.8
2014,11,3,19,0,16.5
2014,11,3,20,0,16.3
2014,11,3,21,0,16.1
2014,11,3,22,0,16.1
2014,11,3,23,0,16.1
2014,11,4,0,0,16.2
2014,11,4,1,0,16.2
2014,11,4,2,0,16.3
2014,11,4,3,0,16.3
2014,11,4,4,0,16.4
2014,11,4,5,25,17
2014,11,4,6,88,17.8
2014,11,4,7,435,18.5
2014,11,4,8,479,19.4
2014,11,4,9,438,20
2014,11,4,10,751,21.6
2014,11,4,11,1017,22.4
2014,11,4,12,992,22.8
2014,11,4,13,891,22.8
2014,11,4,14,739,22.5
2014,11,4,15,547,21.8
2014,11,4,16,333,21
2014,11,4,17,122,20
2014,11,4,18,0,19.2
2014,11,4,19,0,18.9
2014,11,4,20,0,18.9
2014,11,4,21,0,18.8
2014,11,4,22,0,18.6
2014,11,4,23,0,18.4
2014,11,5,0,0,18.3
2014,11,5,1,0,18.2
2014,11,5,2,0,18.1
2014,11,5,3,0,18
2014,11,5,4,0,18
2014,11,5,5,73,18.4
2014,11,5,6,194,19.4
2014,11,5,7,183,20.4
2014,11,5,8,298,21.3
2014,11,5,9,840,21.7
2014,11,5,10,786,22.6
2014,11,5,11,979,23
2014,11,5,12,540,23
2014,11,5,13,80,22.5
2014,11,5,14,50,21.5
2014,11,5,15,26,20.5
2014,11,5,16,42,19.8
2014,11,5,17,16,19.2
2014,11,5,18,0,18.8
2014,11,5,19,0,18.6
2014,11,5,20,0,18.4
2014,11,5,21,0,18.2
2014,11,5,22,0,18
2014,11,5,23,0,17.7
2014,11,6,0,0,17.4
2014,11,6,1,0,17.1
2014,11,6,2,0,16.8
2014,11,6,3,0,16.6
2014,11,6,4,0,16.5
2014,11,6,5,26,16.8
2014,11,6,6,108,17.4
2014,11,6,7,501,18.1
2014,11,6,8,539,18.8
2014,11,6,9,871,19.2
2014,11,6,10,800,19.8
2014,11,6,11,1009,19.9
2014,11,6,12,978,19.9
2014,11,6,13,892,19.7
2014,11,6,14,750,19.4
2014,11,6,15,560,19
2014,11,6,16,295,18.5
2014,11,6,17,45,17.9
2014,11,6,18,0,17.4
2014,11,6,19,0,17.1
2014,11,6,20,0,16.9
2014,11,6,21,0,16.9
2014,11,6,22,0,17
2014,11,6,23,0,17
2014,11,7,0,0,17
2014,11,7,1,0,16.9
2014,11,7,2,0,16.8
2014,11,7,3,0,16.7
2014,11,7,4,0,16.7
2014,11,7,5,27,17
2014,11,7,6,287,17.8
2014,11,7,7,508,18.7
2014,11,7,8,711,19.6
2014,11,7,9,810,20
2014,11,7,10,837,21.2
2014,11,7,11,1035,21.7
2014,11,7,12,1013,21.8
2014,11,7,13,933,21.6
2014,11,7,14,785,21.2
2014,11,7,15,591,20.7
2014,11,7,16,369,19.9
2014,11,7,17,147,18.9
2014,11,7,18,0,18
2014,11,7,19,0,17.5
2014,11,7,20,0,17.3
2014,11,7,21,0,17.1
2014,11,7,22,0,17.1
2014,11,7,23,0,17
2014,11,8,0,0,16.9
2014,11,8,1,0,16.7
2014,11,8,2,0,16.5
2014,11,8,3,0,16.3
2014,11,8,4,0,16.2
2014,11,8,5,28,16.7
2014,11,8,6,306,17.9
2014,11,8,7,533,19.3
2014,11,8,8,739,20.5
2014,11,8,9,905,21.1
2014,11,8,10,1016,22.5
2014,11,8,11,1059,23.2
2014,11,8,12,1034,23.6
2014,11,8,13,945,23.7
2014,11,8,14,795,23.5
2014,11,8,15,599,22.8
2014,11,8,16,374,21.7
2014,11,8,17,151,20.3
2014,11,8,18,0,19.1
2014,11,8,19,0,18.4
2014,11,8,20,0,18.2
2014,11,8,21,0,18.1
2014,11,8,22,0,18
2014,11,8,23,0,17.9
2014,11,9,0,0,17.7
2014,11,9,1,0,17.4
2014,11,9,2,0,17.2
2014,11,9,3,0,16.9
2014,11,9,4,0,16.8
2014,11,9,5,90,17.5
2014,11,9,6,299,18.9
2014,11,9,7,519,20.5
2014,11,9,8,717,21.6
2014,11,9,9,875,22.1
2014,11,9,10,982,22.4
2014,11,9,11,1021,22.3
2014,11,9,12,992,22
2014,11,9,13,908,21.7
2014,11,9,14,762,21.5
2014,11,9,15,571,21.1
2014,11,9,16,231,20.5
2014,11,9,17,86,19.9
2014,11,9,18,0,19.3
2014,11,9,19,0,18.9
2014,11,9,20,0,18.8
2014,11,9,21,0,18.6
2014,11,9,22,0,18.5
2014,11,9,23,0,18.4
2014,11,10,0,0,18.2
2014,11,10,1,0,18.1
2014,11,10,2,0,17.9
2014,11,10,3,0,17.8
2014,11,10,4,0,17.9
2014,11,10,5,86,18.5
2014,11,10,6,288,19.6
2014,11,10,7,505,20.5
2014,11,10,8,704,21.3
2014,11,10,9,864,21.6
2014,11,10,10,358,22.1
2014,11,10,11,522,22
2014,11,10,12,479,21.7
2014,11,10,13,310,21.2
2014,11,10,14,232,20.7
2014,11,10,15,175,20.3
2014,11,10,16,82,19.8
2014,11,10,17,26,19.2
2014,11,10,18,0,18.6
2014,11,10,19,0,18.2
2014,11,10,20,0,18
2014,11,10,21,0,17.9
2014,11,10,22,0,17.8
2014,11,10,23,0,17.7
2014,11,11,0,0,17.6
2014,11,11,1,0,17.6
2014,11,11,2,0,17.5
2014,11,11,3,0,17.4
2014,11,11,4,0,17.4
2014,11,11,5,92,18.1
2014,11,11,6,235,19
2014,11,11,7,367,19.7
2014,11,11,8,351,20.2
2014,11,11,9,340,20.4
2014,11,11,10,207,20.5
2014,11,11,11,225,20.3
2014,11,11,12,244,19.8
2014,11,11,13,257,19.2
2014,11,11,14,227,18.7
2014,11,11,15,174,18.3
2014,11,11,16,101,17.9
2014,11,11,17,41,17.4
2014,11,11,18,0,17
2014,11,11,19,0,16.8
2014,11,11,20,0,16.8
2014,11,11,21,0,16.8
2014,11,11,22,0,16.7
2014,11,11,23,0,16.6
2014,11,12,0,0,16.4
2014,11,12,1,0,16.3
2014,11,12,2,0,16.2
2014,11,12,3,0,16.2
2014,11,12,4,0,16.3
2014,11,12,5,17,16.8
2014,11,12,6,53,17.8
2014,11,12,7,101,18.7
2014,11,12,8,191,19.6
2014,11,12,9,348,20.1
2014,11,12,10,757,21.3
2014,11,12,11,838,21.8
2014,11,12,12,862,22.1
2014,11,12,13,886,22
2014,11,12,14,794,21.6
2014,11,12,15,599,20.8
2014,11,12,16,377,19.9
2014,11,12,17,157,18.9
2014,11,12,18,0,18
2014,11,12,19,0,17.6
2014,11,12,20,0,17.4
2014,11,12,21,0,17.3
2014,11,12,22,0,17.2
2014,11,12,23,0,17.1
2014,11,13,0,0,17
2014,11,13,1,0,16.9
2014,11,13,2,0,16.9
2014,11,13,3,0,16.9
2014,11,13,4,0,17.1
2014,11,13,5,52,17.9
2014,11,13,6,117,19
2014,11,13,7,156,19.9
2014,11,13,8,299,20.9
2014,11,13,9,529,21.3
2014,11,13,10,843,22.6
2014,11,13,11,863,23.3
2014,11,13,12,812,23.6
2014,11,13,13,770,23.7
2014,11,13,14,692,23.4
2014,11,13,15,489,22.9
2014,11,13,16,232,22
2014,11,13,17,92,21
2014,11,13,18,0,20.1
2014,11,13,19,0,19.7
2014,11,13,20,0,19.7
2014,11,13,21,0,19.7
2014,11,13,22,0,19.6
2014,11,13,23,0,19.6
2014,11,14,0,0,19.5
2014,11,14,1,0,19.2
2014,11,14,2,0,18.9
2014,11,14,3,0,18.7
2014,11,14,4,0,18.6
2014,11,14,5,91,19.4
2014,11,14,6,293,21
2014,11,14,7,505,23
2014,11,14,8,681,25.3
2014,11,14,9,815,26.5
2014,11,14,10,808,30.3
2014,11,14,11,734,32.2
2014,11,14,12,716,33.2
2014,11,14,13,749,33.3
2014,11,14,14,659,33
2014,11,14,15,448,32.1
2014,11,14,16,273,30.4
2014,11,14,17,96,28.1
2014,11,14,18,0,26.2
2014,11,14,19,0,24.6
2014,11,14,20,0,23.2
2014,11,14,21,0,21.9
2014,11,14,22,0,20.9
2014,11,14,23,0,19.8
2014,11,15,0,0,19.1
2014,11,15,1,0,18.8
2014,11,15,2,0,18.7
2014,11,15,3,0,18.8
2014,11,15,4,0,18.9
2014,11,15,5,32,19.5
2014,11,15,6,75,20.2
2014,11,15,7,159,20.8
2014,11,15,8,363,21.4
2014,11,15,9,621,21.7
2014,11,15,10,453,22.3
2014,11,15,11,476,22.9
2014,11,15,12,457,23.4
2014,11,15,13,432,23.4
2014,11,15,14,362,22.7
2014,11,15,15,262,21.5
2014,11,15,16,121,20.3
2014,11,15,17,27,19.2
2014,11,15,18,0,18.5
2014,11,15,19,0,18.3
2014,11,15,20,0,18.2
2014,11,15,21,0,18.2
2014,11,15,22,0,18.2
2014,11,15,23,0,18.2
2014,11,16,0,0,18.3
2014,11,16,1,0,18.4
2014,11,16,2,0,18.6
2014,11,16,3,0,18.8
2014,11,16,4,0,19
2014,11,16,5,14,19.2
2014,11,16,6,42,19.6
2014,11,16,7,87,20.4
2014,11,16,8,59,22.1
2014,11,16,9,72,23.2
2014,11,16,10,78,25
2014,11,16,11,79,25.5
2014,11,16,12,79,25.7
2014,11,16,13,75,25.7
2014,11,16,14,65,25.3
2014,11,16,15,68,24.6
2014,11,16,16,76,23.6
2014,11,16,17,39,22.4
2014,11,16,18,0,21.3
2014,11,16,19,0,20.5
2014,11,16,20,0,19.8
2014,11,16,21,0,19.3
2014,11,16,22,0,18.8
2014,11,16,23,0,18.3
2014,11,17,0,0,17.9
2014,11,17,1,0,17.6
2014,11,17,2,0,17.2
2014,11,17,3,0,16.9
2014,11,17,4,0,16.9
2014,11,17,5,112,17.6
2014,11,17,6,308,18.8
2014,11,17,7,540,20
2014,11,17,8,758,21.1
2014,11,17,9,922,21.6
2014,11,17,10,1031,22.9
2014,11,17,11,974,23.4
2014,11,17,12,945,23.7
2014,11,17,13,885,23.6
2014,11,17,14,779,23.1
2014,11,17,15,594,22.2
2014,11,17,16,393,21
2014,11,17,17,172,19.7
2014,11,17,18,11,18.7
2014,11,17,19,0,18.3
2014,11,17,20,0,18.3
2014,11,17,21,0,18.3
2014,11,17,22,0,18.2
2014,11,17,23,0,18.2
2014,11,18,0,0,18.1
2014,11,18,1,0,18
2014,11,18,2,0,18
2014,11,18,3,0,18.1
2014,11,18,4,0,18.4
2014,11,18,5,84,19
2014,11,18,6,197,19.9
2014,11,18,7,320,20.8
2014,11,18,8,521,21.8
2014,11,18,9,689,22.3
2014,11,18,10,833,23.2
2014,11,18,11,959,23.6
2014,11,18,12,1044,23.6
2014,11,18,13,955,23
2014,11,18,14,807,22.2
2014,11,18,15,614,21.3
2014,11,18,16,394,20.5
2014,11,18,17,174,19.6
2014,11,18,18,4,18.9
2014,11,18,19,0,18.5
2014,11,18,20,0,18.3
2014,11,18,21,0,18.2
2014,11,18,22,0,18.1
2014,11,18,23,0,18
2014,11,19,0,0,17.8
2014,11,19,1,0,17.8
2014,11,19,2,0,17.7
2014,11,19,3,0,17.7
2014,11,19,4,0,17.9
2014,11,19,5,14,18.6
2014,11,19,6,31,19.6
2014,11,19,7,99,20.4
2014,11,19,8,209,21.2
2014,11,19,9,256,21.6
2014,11,19,10,264,22.4
2014,11,19,11,289,22.8
2014,11,19,12,329,23.1
2014,11,19,13,407,23.1
2014,11,19,14,336,22.9
2014,11,19,15,307,22.4
2014,11,19,16,317,21.7
2014,11,19,17,170,20.8
2014,11,19,18,7,20
2014,11,19,19,0,19.6
2014,11,19,20,0,19.6
2014,11,19,21,0,19.5
2014,11,19,22,0,19.4
2014,11,19,23,0,19.2
2014,11,20,0,0,19.1
2014,11,20,1,0,19
2014,11,20,2,0,19
2014,11,20,3,0,18.8
2014,11,20,4,0,18.8
2014,11,20,5,107,19.5
2014,11,20,6,317,20.9
2014,11,20,7,525,22.4
2014,11,20,8,712,24.1
2014,11,20,9,858,25.1
2014,11,20,10,916,27.9
2014,11,20,11,950,29
2014,11,20,12,946,29.6
2014,11,20,13,892,29.6
2014,11,20,14,765,29.1
2014,11,20,15,581,28.1
2014,11,20,16,385,26.8
2014,11,20,17,170,25.2
2014,11,20,18,13,23.8
2014,11,20,19,0,22.9
2014,11,20,20,0,22.5
2014,11,20,21,0,22.2
2014,11,20,22,0,21.9
2014,11,20,23,0,21.6
2014,11,21,0,0,21.6
2014,11,21,1,0,21.9
2014,11,21,2,0,22.4
2014,11,21,3,0,23.1
2014,11,21,4,0,23.7
2014,11,21,5,29,24.5
2014,11,21,6,123,25.8
2014,11,21,7,355,27.6
2014,11,21,8,700,29.3
2014,11,21,9,867,30
2014,11,21,10,1009,31.9
2014,11,21,11,1052,33
2014,11,21,12,879,33.7
2014,11,21,13,796,33.8
2014,11,21,14,791,33.3
2014,11,21,15,606,32
2014,11,21,16,391,29.2
2014,11,21,17,174,25.8
2014,11,21,18,14,23
2014,11,21,19,0,21.3
2014,11,21,20,0,20.3
2014,11,21,21,0,19.7
2014,11,21,22,0,19.4
2014,11,21,23,0,19.2
2014,11,22,0,0,19.1
2014,11,22,1,0,19.1
2014,11,22,2,0,19.1
2014,11,22,3,0,19.1
2014,11,22,4,0,19.1
2014,11,22,5,76,19.6
2014,11,22,6,267,20.3
2014,11,22,7,522,21.2
2014,11,22,8,704,22.1
2014,11,22,9,856,22.6
2014,11,22,10,962,24.1
2014,11,22,11,993,25
2014,11,22,12,968,25.6
2014,11,22,13,888,25.7
2014,11,22,14,755,25.4
2014,11,22,15,588,24.6
2014,11,22,16,394,23.5
2014,11,22,17,178,22
2014,11,22,18,16,20.7
2014,11,22,19,0,20.2
2014,11,22,20,0,20
2014,11,22,21,0,20
2014,11,22,22,0,19.9
2014,11,22,23,0,19.9
2014,11,23,0,0,19.9
2014,11,23,1,0,19.9
2014,11,23,2,0,19.8
2014,11,23,3,0,19.9
2014,11,23,4,0,20.2
2014,11,23,5,107,21
2014,11,23,6,309,22.4
2014,11,23,7,514,24.3
2014,11,23,8,689,26.4
2014,11,23,9,843,27.5
2014,11,23,10,975,30.7
2014,11,23,11,1031,32.1
2014,11,23,12,1008,32.6
2014,11,23,13,922,32.3
2014,11,23,14,367,31.3
2014,11,23,15,199,29.7
2014,11,23,16,101,27.8
2014,11,23,17,38,25.9
2014,11,23,18,5,24.5
2014,11,23,19,0,23.8
2014,11,23,20,0,23.2
2014,11,23,21,0,22.7
2014,11,23,22,0,22.2
2014,11,23,23,0,21.6
2014,11,24,0,0,21
2014,11,24,1,0,20.6
2014,11,24,2,0,20.3
2014,11,24,3,0,20.2
2014,11,24,4,0,20.3
2014,11,24,5,32,20.6
2014,11,24,6,90,21
2014,11,24,7,145,21.4
2014,11,24,8,212,22
2014,11,24,9,305,22.4
2014,11,24,10,695,24.3
2014,11,24,11,466,25.7
2014,11,24,12,190,26.3
2014,11,24,13,125,26.4
2014,11,24,14,104,25.9
2014,11,24,15,94,25.1
2014,11,24,16,105,24.2
2014,11,24,17,83,23.1
2014,11,24,18,6,22
2014,11,24,19,0,21.7
2014,11,24,20,0,21.8
2014,11,24,21,0,21.8
2014,11,24,22,0,21.7
2014,11,24,23,0,21.7
2014,11,25,0,0,21.7
2014,11,25,1,0,21.7
2014,11,25,2,0,21.7
2014,11,25,3,0,21.7
2014,11,25,4,0,21.8
2014,11,25,5,14,22.1
2014,11,25,6,40,22.5
2014,11,25,7,119,22.6
2014,11,25,8,413,22.7
2014,11,25,9,715,22.9
2014,11,25,10,888,24.1
2014,11,25,11,934,24.2
2014,11,25,12,918,23.6
2014,11,25,13,887,22.7
2014,11,25,14,789,21.8
2014,11,25,15,612,20.9
2014,11,25,16,416,20.1
2014,11,25,17,193,19.3
2014,11,25,18,21,18.6
2014,11,25,19,0,18.4
2014,11,25,20,0,18.4
2014,11,25,21,0,18.5
2014,11,25,22,0,18.6
2014,11,25,23,0,18.7
2014,11,26,0,0,18.8
2014,11,26,1,0,18.9
2014,11,26,2,0,18.8
2014,11,26,3,0,18.8
2014,11,26,4,0,19
2014,11,26,5,90,19.7
2014,11,26,6,303,20.8
2014,11,26,7,440,21.6
2014,11,26,8,441,22.3
2014,11,26,9,446,22.6
2014,11,26,10,245,23.4
2014,11,26,11,369,23.8
2014,11,26,12,768,24.1
2014,11,26,13,881,24.1
2014,11,26,14,801,23.6
2014,11,26,15,613,22.8
2014,11,26,16,398,21.9
2014,11,26,17,183,21.1
2014,11,26,18,20,20.5
2014,11,26,19,0,20.2
2014,11,26,20,0,20
2014,11,26,21,0,19.9
2014,11,26,22,0,19.8
2014,11,26,23,0,19.7
2014,11,27,0,0,19.5
2014,11,27,1,0,19.3
2014,11,27,2,0,19.1
2014,11,27,3,0,18.9
2014,11,27,4,0,18.7
2014,11,27,5,8,18.9
2014,11,27,6,28,19.4
2014,11,27,7,67,19.9
2014,11,27,8,93,20.3
2014,11,27,9,105,20.4
2014,11,27,10,131,20.7
2014,11,27,11,133,20.7
2014,11,27,12,134,20.7
2014,11,27,13,126,20.7
2014,11,27,14,111,20.6
2014,11,27,15,85,20.4
2014,11,27,16,57,20
2014,11,27,17,29,19.5
2014,11,27,18,4,19
2014,11,27,19,0,18.6
2014,11,27,20,0,18.4
2014,11,27,21,0,18.2
2014,11,27,22,0,18
2014,11,27,23,0,17.9
2014,11,28,0,0,17.8
2014,11,28,1,0,17.7
2014,11,28,2,0,17.7
2014,11,28,3,0,17.7
2014,11,28,4,0,17.9
2014,11,28,5,20,18.7
2014,11,28,6,62,19.6
2014,11,28,7,169,20.2
2014,11,28,8,445,20.9
2014,11,28,9,745,21.2
2014,11,28,10,851,22
2014,11,28,11,1092,22.3
2014,11,28,12,1073,22.5
2014,11,28,13,987,22.4
2014,11,28,14,845,22.1
2014,11,28,15,655,21.6
2014,11,28,16,436,21
2014,11,28,17,211,20.3
2014,11,28,18,29,19.6
2014,11,28,19,0,19.2
2014,11,28,20,0,18.9
2014,11,28,21,0,18.8
2014,11,28,22,0,18.6
2014,11,28,23,0,18.4
2014,11,29,0,0,18.4
2014,11,29,1,0,18.4
2014,11,29,2,0,18.3
2014,11,29,3,0,18.3
2014,11,29,4,0,18.5
2014,11,29,5,119,19.3
2014,11,29,6,331,20.4
2014,11,29,7,553,21.6
2014,11,29,8,755,22.7
2014,11,29,9,917,23.3
2014,11,29,10,1030,24.5
2014,11,29,11,1078,24.9
2014,11,29,12,1059,25
2014,11,29,13,973,24.8
2014,11,29,14,832,24.4
2014,11,29,15,642,23.9
2014,11,29,16,421,23.2
2014,11,29,17,134,22.3
2014,11,29,18,12,21.5
2014,11,29,19,0,21
2014,11,29,20,0,20.7
2014,11,29,21,0,20.6
2014,11,29,22,0,20.4
2014,11,29,23,0,20.2
2014,11,30,0,0,19.9
2014,11,30,1,0,19.6
2014,11,30,2,0,19.4
2014,11,30,3,0,19.2
2014,11,30,4,0,19.4
2014,11,30,5,112,20.3
2014,11,30,6,316,21.8
2014,11,30,7,533,23.2
2014,11,30,8,729,24.6
2014,11,30,9,890,25.3
2014,11,30,10,998,26.8
2014,11,30,11,1045,27.1
2014,11,30,12,1024,27
2014,11,30,13,490,26.5
2014,11,30,14,400,25.8
2014,11,30,15,80,25
2014,11,30,16,55,23.8
2014,11,30,17,24,22.7
2014,11,30,18,6,21.8
2014,11,30,19,0,21.4
2014,11,30,20,0,21.2
2014,11,30,21,0,21.2
2014,11,30,22,0,21.1
2014,11,30,23,0,20.9
2014,12,1,0,0,20.6
2014,12,1,1,0,20.4
2014,12,1,2,0,20.3
2014,12,1,3,0,20.3
2014,12,1,4,0,20.4
2014,12,1,5,100,20.7
2014,12,1,6,297,21.1
2014,12,1,7,362,21.8
2014,12,1,8,712,22.7
2014,12,1,9,799,23.1
2014,12,1,10,815,24.6
2014,12,1,11,1034,25.4
2014,12,1,12,1017,25.9
2014,12,1,13,376,25.9
2014,12,1,14,64,25.6
2014,12,1,15,196,25
2014,12,1,16,209,24.1
2014,12,1,17,90,23.1
2014,12,1,18,15,22.3
2014,12,1,19,0,22
2014,12,1,20,0,21.9
2014,12,1,21,0,21.8
2014,12,1,22,0,21.7
2014,12,1,23,0,21.5
2014,12,2,0,0,21.1
2014,12,2,1,0,20.7
2014,12,2,2,0,20.4
2014,12,2,3,0,20.3
2014,12,2,4,0,20.3
2014,12,2,5,105,20.6
2014,12,2,6,209,21.5
2014,12,2,7,523,23
2014,12,2,8,722,24.7
2014,12,2,9,881,25.6
2014,12,2,10,994,27.8
2014,12,2,11,1039,28.5
2014,12,2,12,1018,28.7
2014,12,2,13,932,28.6
2014,12,2,14,740,28.1
2014,12,2,15,552,27.1
2014,12,2,16,377,25.7
2014,12,2,17,187,24.3
2014,12,2,18,26,23.2
2014,12,2,19,0,22.6
2014,12,2,20,0,22.5
2014,12,2,21,0,22.4
2014,12,2,22,0,22.3
2014,12,2,23,0,22.3
2014,12,3,0,0,22.1
2014,12,3,1,0,21.9
2014,12,3,2,0,21.6
2014,12,3,3,0,21.4
2014,12,3,4,0,21.4
2014,12,3,5,67,21.9
2014,12,3,6,230,22.9
2014,12,3,7,520,24.2
2014,12,3,8,618,25.9
2014,12,3,9,753,26.7
2014,12,3,10,808,28.8
2014,12,3,11,840,29.4
2014,12,3,12,504,29
2014,12,3,13,776,27.6
2014,12,3,14,512,25.7
2014,12,3,15,35,24.1
2014,12,3,16,59,23
2014,12,3,17,26,22.5
2014,12,3,18,7,22.3
2014,12,3,19,0,22.2
2014,12,3,20,0,22
2014,12,3,21,0,21.8
2014,12,3,22,0,21.7
2014,12,3,23,0,21.5
2014,12,4,0,0,21.4
2014,12,4,1,0,21.4
2014,12,4,2,0,21.4
2014,12,4,3,0,21.4
2014,12,4,4,0,21.4
2014,12,4,5,12,21.5
2014,12,4,6,31,21.7
2014,12,4,7,84,21.9
2014,12,4,8,270,22.2
2014,12,4,9,472,22.4
2014,12,4,10,516,23.9
2014,12,4,11,272,24.8
2014,12,4,12,546,25.2
2014,12,4,13,480,25.1
2014,12,4,14,376,24.7
2014,12,4,15,310,24.2
2014,12,4,16,195,23.7
2014,12,4,17,86,23.2
2014,12,4,18,16,22.7
2014,12,4,19,0,22.3
2014,12,4,20,0,22.1
2014,12,4,21,0,22
2014,12,4,22,0,21.9
2014,12,4,23,0,21.8
2014,12,5,0,0,21.8
2014,12,5,1,0,21.7
2014,12,5,2,0,21.5
2014,12,5,3,0,21.4
2014,12,5,4,0,21.3
2014,12,5,5,60,21.4
2014,12,5,6,182,21.9
2014,12,5,7,32,22.8
2014,12,5,8,518,24
2014,12,5,9,782,24.6
2014,12,5,10,994,25.9
2014,12,5,11,1040,26.2
2014,12,5,12,835,26.1
2014,12,5,13,942,25.7
2014,12,5,14,703,25
2014,12,5,15,100,24.1
2014,12,5,16,122,23.2
2014,12,5,17,53,22.5
2014,12,5,18,12,22
2014,12,5,19,0,21.7
2014,12,5,20,0,21.6
2014,12,5,21,0,21.5
2014,12,5,22,0,21.5
2014,12,5,23,0,21.5
2014,12,6,0,0,21.5
2014,12,6,1,0,21.4
2014,12,6,2,0,21.3
2014,12,6,3,0,21.1
2014,12,6,4,0,21.1
2014,12,6,5,87,21.4
2014,12,6,6,249,21.8
2014,12,6,7,529,22.3
2014,12,6,8,728,23
2014,12,6,9,886,23.4
2014,12,6,10,995,24
2014,12,6,11,608,24.1
2014,12,6,12,835,23.9
2014,12,6,13,600,23.4
2014,12,6,14,722,22.8
2014,12,6,15,420,22.1
2014,12,6,16,119,21.5
2014,12,6,17,52,21
2014,12,6,18,12,20.7
2014,12,6,19,0,20.5
2014,12,6,20,0,20.5
2014,12,6,21,0,20.5
2014,12,6,22,0,20.5
2014,12,6,23,0,20.5
2014,12,7,0,0,20.5
2014,12,7,1,0,20.5
2014,12,7,2,0,20.4
2014,12,7,3,0,20.3
2014,12,7,4,0,20.3
2014,12,7,5,105,20.5
2014,12,7,6,304,20.9
2014,12,7,7,520,21.6
2014,12,7,8,721,22.8
2014,12,7,9,887,23.5
2014,12,7,10,1001,24.9
2014,12,7,11,1047,25.2
2014,12,7,12,625,25.2
2014,12,7,13,850,24.8
2014,12,7,14,449,24.3
2014,12,7,15,289,24
2014,12,7,16,108,23.8
2014,12,7,17,137,23.3
2014,12,7,18,26,22.6
2014,12,7,19,0,22.1
2014,12,7,20,0,21.9
2014,12,7,21,0,21.7
2014,12,7,22,0,21.6
2014,12,7,23,0,21.5
2014,12,8,0,0,21.5
2014,12,8,1,0,21.6
2014,12,8,2,0,21.5
2014,12,8,3,0,21.3
2014,12,8,4,0,21.4
2014,12,8,5,5,21.9
2014,12,8,6,12,22.6
2014,12,8,7,477,23.7
2014,12,8,8,578,25
2014,12,8,9,889,25.7
2014,12,8,10,1004,27.3
2014,12,8,11,893,28.3
2014,12,8,12,573,29.1
2014,12,8,13,796,29.6
2014,12,8,14,52,29.6
2014,12,8,15,567,28.9
2014,12,8,16,326,27.4
2014,12,8,17,220,25.5
2014,12,8,18,42,23.8
2014,12,8,19,0,22.6
2014,12,8,20,0,21.9
2014,12,8,21,0,21.3
2014,12,8,22,0,20.9
2014,12,8,23,0,20.4
2014,12,9,0,0,20.1
2014,12,9,1,0,20
2014,12,9,2,0,19.9
2014,12,9,3,0,19.9
2014,12,9,4,0,20
2014,12,9,5,64,20.4
2014,12,9,6,201,20.9
2014,12,9,7,166,21.5
2014,12,9,8,233,22.1
2014,12,9,9,226,22.3
2014,12,9,10,484,23
2014,12,9,11,1044,23.1
2014,12,9,12,193,22.9
2014,12,9,13,943,22.6
2014,12,9,14,807,22.3
2014,12,9,15,632,21.9
2014,12,9,16,426,21.5
2014,12,9,17,216,21.1
2014,12,9,18,41,20.6
2014,12,9,19,0,20.3
2014,12,9,20,0,20.2
2014,12,9,21,0,20.1
2014,12,9,22,0,20.1
2014,12,9,23,0,20.1
2014,12,10,0,0,20
2014,12,10,1,0,20
2014,12,10,2,0,20
2014,12,10,3,0,19.9
2014,12,10,4,0,20.1
2014,12,10,5,14,20.7
2014,12,10,6,308,21.3
2014,12,10,7,522,22
2014,12,10,8,719,22.9
2014,12,10,9,881,23.3
2014,12,10,10,993,24.1
2014,12,10,11,1041,24.5
2014,12,10,12,1028,24.6
2014,12,10,13,491,24.4
2014,12,10,14,144,23.8
2014,12,10,15,74,23
2014,12,10,16,165,22.3
2014,12,10,17,9,21.8
2014,12,10,18,4,21.5
2014,12,10,19,0,21.4
2014,12,10,20,0,21.3
2014,12,10,21,0,21.1
2014,12,10,22,0,20.9
2014,12,10,23,0,20.8
2014,12,11,0,0,20.8
2014,12,11,1,0,20.9
2014,12,11,2,0,21
2014,12,11,3,0,21.1
2014,12,11,4,0,21.3
2014,12,11,5,67,21.6
2014,12,11,6,202,21.8
2014,12,11,7,26,21.8
2014,12,11,8,92,21.9
2014,12,11,9,131,22
2014,12,11,10,626,22.9
2014,12,11,11,83,22.8
2014,12,11,12,82,22.1
2014,12,11,13,416,21.7
2014,12,11,14,493,21.6
2014,12,11,15,356,21.2
2014,12,11,16,323,20.2
2014,12,11,17,145,19.1
2014,12,11,18,35,18.2
2014,12,11,19,0,17.8
2014,12,11,20,0,17.6
2014,12,11,21,0,17.7
2014,12,11,22,0,17.8
2014,12,11,23,0,17.7
2014,12,12,0,0,17.7
2014,12,12,1,0,17.7
2014,12,12,2,0,17.7
2014,12,12,3,0,17.8
2014,12,12,4,0,18.1
2014,12,12,5,70,18.4
2014,12,12,6,221,18.8
2014,12,12,7,542,19
2014,12,12,8,454,19.3
2014,12,12,9,573,19.6
2014,12,12,10,647,20
2014,12,12,11,801,20.2
2014,12,12,12,1068,20.4
2014,12,12,13,994,20.4
2014,12,12,14,859,20.4
2014,12,12,15,678,20.1
2014,12,12,16,90,19.8
2014,12,12,17,148,19.3
2014,12,12,18,28,18.8
2014,12,12,19,0,18.6
2014,12,12,20,0,18.6
2014,12,12,21,0,18.5
2014,12,12,22,0,18.3
2014,12,12,23,0,18.2
2014,12,13,0,0,18.2
2014,12,13,1,0,18.2
2014,12,13,2,0,18.2
2014,12,13,3,0,18.2
2014,12,13,4,0,18.4
2014,12,13,5,64,18.8
2014,12,13,6,206,19.2
2014,12,13,7,319,19.6
2014,12,13,8,417,19.9
2014,12,13,9,934,20.1
2014,12,13,10,802,20.5
2014,12,13,11,763,20.8
2014,12,13,12,564,20.9
2014,12,13,13,505,20.8
2014,12,13,14,872,20.5
2014,12,13,15,690,20.2
2014,12,13,16,252,19.9
2014,12,13,17,253,19.5
2014,12,13,18,57,18.8
2014,12,13,19,0,18.3
2014,12,13,20,0,18
2014,12,13,21,0,17.8
2014,12,13,22,0,17.7
2014,12,13,23,0,17.7
2014,12,14,0,0,17.7
2014,12,14,1,0,17.6
2014,12,14,2,0,17.6
2014,12,14,3,0,17.5
2014,12,14,4,0,17.6
2014,12,14,5,45,18.3
2014,12,14,6,149,19.4
2014,12,14,7,406,20.4
2014,12,14,8,772,21.1
2014,12,14,9,699,21.5
2014,12,14,10,1054,22.5
2014,12,14,11,1108,23
2014,12,14,12,1093,23.3
2014,12,14,13,1013,23.4
2014,12,14,14,874,23.2
2014,12,14,15,688,22.8
2014,12,14,16,473,22.2
2014,12,14,17,250,21.4
2014,12,14,18,56,20.6
2014,12,14,19,0,20.1
2014,12,14,20,0,19.8
2014,12,14,21,0,19.6
2014,12,14,22,0,19.4
2014,12,14,23,0,19.1
2014,12,15,0,0,18.9
2014,12,15,1,0,18.8
2014,12,15,2,0,18.7
2014,12,15,3,0,18.6
2014,12,15,4,0,18.7
2014,12,15,5,112,19.4
2014,12,15,6,319,20.6
2014,12,15,7,537,21.7
2014,12,15,8,739,22.5
2014,12,15,9,905,22.9
2014,12,15,10,1027,23.7
2014,12,15,11,1082,23.9
2014,12,15,12,1074,24
2014,12,15,13,1002,24
2014,12,15,14,870,23.8
2014,12,15,15,690,23.4
2014,12,15,16,475,22.8
2014,12,15,17,253,22.1
2014,12,15,18,58,21.1
2014,12,15,19,0,20.4
2014,12,15,20,0,20.1
2014,12,15,21,0,19.8
2014,12,15,22,0,19.6
2014,12,15,23,0,19.3
2014,12,16,0,0,19.2
2014,12,16,1,0,19.2
2014,12,16,2,0,19
2014,12,16,3,0,18.9
2014,12,16,4,0,19
2014,12,16,5,99,19.5
2014,12,16,6,294,20.4
2014,12,16,7,24,21.5
2014,12,16,8,546,22.5
2014,12,16,9,218,23
2014,12,16,10,391,24.6
2014,12,16,11,498,25.8
2014,12,16,12,1032,26.7
2014,12,16,13,965,27.2
2014,12,16,14,443,27
2014,12,16,15,650,26.4
2014,12,16,16,446,25.8
2014,12,16,17,239,25.2
2014,12,16,18,55,24.5
2014,12,16,19,0,24
2014,12,16,20,0,23.9
2014,12,16,21,0,23.7
2014,12,16,22,0,23.2
2014,12,16,23,0,22.3
2014,12,17,0,0,21.5
2014,12,17,1,0,21
2014,12,17,2,0,20.9
2014,12,17,3,0,20.6
2014,12,17,4,0,20.3
2014,12,17,5,101,20.1
2014,12,17,6,288,20.2
2014,12,17,7,495,20.5
2014,12,17,8,695,20.8
2014,12,17,9,862,21
2014,12,17,10,764,21.3
2014,12,17,11,1057,21.1
2014,12,17,12,758,20.8
2014,12,17,13,433,20.5
2014,12,17,14,836,20.1
2014,12,17,15,659,19.8
2014,12,17,16,452,19.3
2014,12,17,17,123,18.9
2014,12,17,18,25,18.4
2014,12,17,19,0,18.2
2014,12,17,20,0,18.1
2014,12,17,21,0,18.1
2014,12,17,22,0,18.2
2014,12,17,23,0,18.4
2014,12,18,0,0,18.4
2014,12,18,1,0,18.3
2014,12,18,2,0,18.3
2014,12,18,3,0,18.3
2014,12,18,4,0,18.4
2014,12,18,5,6,19
2014,12,18,6,14,19.7
2014,12,18,7,289,20.3
2014,12,18,8,338,21
2014,12,18,9,251,21.3
2014,12,18,10,995,22.5
2014,12,18,11,688,23.2
2014,12,18,12,1045,23.8
2014,12,18,13,978,24.2
2014,12,18,14,846,24.3
2014,12,18,15,667,24.3
2014,12,18,16,458,24
2014,12,18,17,243,23.4
2014,12,18,18,57,22.4
2014,12,18,19,0,21.8
2014,12,18,20,0,21.5
2014,12,18,21,0,21.3
2014,12,18,22,0,21
2014,12,18,23,0,20.5
2014,12,19,0,0,20
2014,12,19,1,0,19.9
2014,12,19,2,0,19.8
2014,12,19,3,0,19.3
2014,12,19,4,0,19.1
2014,12,19,5,112,19.3
2014,12,19,6,320,19.6
2014,12,19,7,543,20
2014,12,19,8,748,20.4
2014,12,19,9,917,20.6
2014,12,19,10,1032,20.7
2014,12,19,11,1083,20.7
2014,12,19,12,1071,20.7
2014,12,19,13,1001,20.5
2014,12,19,14,863,20.3
2014,12,19,15,684,20
2014,12,19,16,127,19.6
2014,12,19,17,107,19.2
2014,12,19,18,23,18.7
2014,12,19,19,0,18.3
2014,12,19,20,0,18.1
2014,12,19,21,0,18
2014,12,19,22,0,17.8
2014,12,19,23,0,17.6
2014,12,20,0,0,17.5
2014,12,20,1,0,17.4
2014,12,20,2,0,17.3
2014,12,20,3,0,17.2
2014,12,20,4,0,17.3
2014,12,20,5,48,18
2014,12,20,6,163,18.8
2014,12,20,7,530,19.5
2014,12,20,8,548,20.2
2014,12,20,9,565,20.6
2014,12,20,10,1020,21.6
2014,12,20,11,1076,22.1
2014,12,20,12,1068,22.3
2014,12,20,13,1003,22.4
2014,12,20,14,872,22.1
2014,12,20,15,693,21.7
2014,12,20,16,482,21.2
2014,12,20,17,261,20.6
2014,12,20,18,66,19.9
2014,12,20,19,0,19.4
2014,12,20,20,0,19.2
2014,12,20,21,0,19
2014,12,20,22,0,18.8
2014,12,20,23,0,18.8
2014,12,21,0,0,18.7
2014,12,21,1,0,18.6
2014,12,21,2,0,18.5
2014,12,21,3,0,18.4
2014,12,21,4,0,18.6
2014,12,21,5,108,19.4
2014,12,21,6,316,20.8
2014,12,21,7,536,22
2014,12,21,8,740,22.9
2014,12,21,9,908,23.3
2014,12,21,10,1027,24.3
2014,12,21,11,1084,24.7
2014,12,21,12,1075,25
2014,12,21,13,1001,24.9
2014,12,21,14,870,24.7
2014,12,21,15,689,24.2
2014,12,21,16,477,23.5
2014,12,21,17,256,22.7
2014,12,21,18,63,21.9
2014,12,21,19,0,21.4
2014,12,21,20,0,21.2
2014,12,21,21,0,21
2014,12,21,22,0,20.8
2014,12,21,23,0,20.5
2014,12,22,0,0,20.2
2014,12,22,1,0,20
2014,12,22,2,0,19.8
2014,12,22,3,0,19.6
2014,12,22,4,0,19.8
2014,12,22,5,98,20.5
2014,12,22,6,274,21.5
2014,12,22,7,509,22.4
2014,12,22,8,709,23.3
2014,12,22,9,876,23.8
2014,12,22,10,852,24.7
2014,12,22,11,1054,25
2014,12,22,12,1043,25.1
2014,12,22,13,786,24.9
2014,12,22,14,507,24.5
2014,12,22,15,433,24.1
2014,12,22,16,195,23.5
2014,12,22,17,164,22.8
2014,12,22,18,43,22.2
2014,12,22,19,0,21.8
2014,12,22,20,0,21.6
2014,12,22,21,0,21.5
2014,12,22,22,0,21.3
2014,12,22,23,0,21.1
2014,12,23,0,0,20.9
2014,12,23,1,0,20.7
2014,12,23,2,0,20.6
2014,12,23,3,0,20.5
2014,12,23,4,0,20.6
2014,12,23,5,5,20.9
2014,12,23,6,11,21.4
2014,12,23,7,70,22
2014,12,23,8,604,22.8
2014,12,23,9,854,23.2
2014,12,23,10,982,24.7
2014,12,23,11,1038,25.5
2014,12,23,12,359,25.8
2014,12,23,13,102,25.9
2014,12,23,14,410,25.7
2014,12,23,15,238,25.4
2014,12,23,16,255,24.9
2014,12,23,17,103,24.1
2014,12,23,18,55,23.2
2014,12,23,19,0,22.5
2014,12,23,20,0,22.1
2014,12,23,21,0,21.8
2014,12,23,22,0,21.5
2014,12,23,23,0,21.3
2014,12,24,0,0,21.1
2014,12,24,1,0,21
2014,12,24,2,0,21
2014,12,24,3,0,21
2014,12,24,4,0,21.2
2014,12,24,5,66,21.6
2014,12,24,6,212,22.1
2014,12,24,7,484,22.7
2014,12,24,8,214,23.1
2014,12,24,9,176,23.3
2014,12,24,10,953,23.1
2014,12,24,11,566,22.7
2014,12,24,12,568,22.3
2014,12,24,13,930,22.1
2014,12,24,14,805,21.9
2014,12,24,15,633,21.5
2014,12,24,16,346,21
2014,12,24,17,125,20.4
2014,12,24,18,22,20
2014,12,24,19,0,19.8
2014,12,24,20,0,19.8
2014,12,24,21,0,19.7
2014,12,24,22,0,19.6
2014,12,24,23,0,19.5
2014,12,25,0,0,19.5
2014,12,25,1,0,19.5
2014,12,25,2,0,19.5
2014,12,25,3,0,19.5
2014,12,25,4,0,19.7
2014,12,25,5,86,20.4
2014,12,25,6,280,21.5
2014,12,25,7,496,22.8
2014,12,25,8,700,24.2
2014,12,25,9,871,24.9
2014,12,25,10,995,26.4
2014,12,25,11,1049,27
2014,12,25,12,836,27.1
2014,12,25,13,677,26.6
2014,12,25,14,154,25.7
2014,12,25,15,44,24.8
2014,12,25,16,85,23.9
2014,12,25,17,81,23.1
2014,12,25,18,23,22.8
2014,12,25,19,0,22.6
2014,12,25,20,0,22.6
2014,12,25,21,0,22.5
2014,12,25,22,0,22.4
2014,12,25,23,0,22.2
2014,12,26,0,0,22
2014,12,26,1,0,21.9
2014,12,26,2,0,21.7
2014,12,26,3,0,21.4
2014,12,26,4,0,21.4
2014,12,26,5,26,21.8
2014,12,26,6,301,22.6
2014,12,26,7,530,23.6
2014,12,26,8,743,24.4
2014,12,26,9,917,24.9
2014,12,26,10,1035,25.8
2014,12,26,11,1095,26.1
2014,12,26,12,1083,25.8
2014,12,26,13,1006,24.4
2014,12,26,14,369,22.5
2014,12,26,15,242,20.9
2014,12,26,16,114,19.9
2014,12,26,17,27,19.2
2014,12,26,18,7,18.7
2014,12,26,19,0,18.7
2014,12,26,20,0,18.8
2014,12,26,21,0,18.9
2014,12,26,22,0,19
2014,12,26,23,0,19.2
2014,12,27,0,0,19.2
2014,12,27,1,0,19.2
2014,12,27,2,0,19.1
2014,12,27,3,0,19
2014,12,27,4,0,19.1
2014,12,27,5,11,19.5
2014,12,27,6,28,20
2014,12,27,7,311,20.4
2014,12,27,8,372,20.7
2014,12,27,9,342,20.8
2014,12,27,10,314,21
2014,12,27,11,532,21.2
2014,12,27,12,607,21.4
2014,12,27,13,391,21.7
2014,12,27,14,264,21.5
2014,12,27,15,286,21.1
2014,12,27,16,174,20.7
2014,12,27,17,135,20.4
2014,12,27,18,35,20.1
2014,12,27,19,0,20
2014,12,27,20,0,20
2014,12,27,21,0,20
2014,12,27,22,0,19.9
2014,12,27,23,0,19.9
2014,12,28,0,0,19.8
2014,12,28,1,0,19.8
2014,12,28,2,0,19.7
2014,12,28,3,0,19.7
2014,12,28,4,0,19.9
2014,12,28,5,27,20.5
2014,12,28,6,75,21.1
2014,12,28,7,178,21.5
2014,12,28,8,457,21.7
2014,12,28,9,336,21.8
2014,12,28,10,395,21.9
2014,12,28,11,384,22
2014,12,28,12,506,22.1
2014,12,28,13,396,22.3
2014,12,28,14,576,22.3
2014,12,28,15,385,22.3
2014,12,28,16,383,22.1
2014,12,28,17,206,21.7
2014,12,28,18,55,21.2
2014,12,28,19,0,20.7
2014,12,28,20,0,20.3
2014,12,28,21,0,20
2014,12,28,22,0,19.7
2014,12,28,23,0,19.4
2014,12,29,0,0,19.1
2014,12,29,1,0,18.9
2014,12,29,2,0,18.7
2014,12,29,3,0,18.6
2014,12,29,4,0,18.7
2014,12,29,5,91,19.5
2014,12,29,6,292,20.9
2014,12,29,7,511,22.3
2014,12,29,8,716,23.6
2014,12,29,9,886,24.2
2014,12,29,10,1013,25.5
2014,12,29,11,1074,26.2
2014,12,29,12,1068,26.6
2014,12,29,13,999,26.8
2014,12,29,14,872,26.9
2014,12,29,15,696,26.7
2014,12,29,16,443,26.1
2014,12,29,17,226,25.1
2014,12,29,18,75,23.9
2014,12,29,19,0,23.1
2014,12,29,20,0,22.7
2014,12,29,21,0,22.6
2014,12,29,22,0,22.4
2014,12,29,23,0,22.3
2014,12,30,0,0,22.1
2014,12,30,1,0,21.9
2014,12,30,2,0,21.5
2014,12,30,3,0,21.1
2014,12,30,4,0,20.8
2014,12,30,5,93,21.2
2014,12,30,6,301,22.2
2014,12,30,7,529,23.4
2014,12,30,8,744,24.4
2014,12,30,9,922,24.8
2014,12,30,10,1044,26.6
2014,12,30,11,1108,27.7
2014,12,30,12,1109,28.5
2014,12,30,13,1041,28.9
2014,12,30,14,912,28.8
2014,12,30,15,732,28.3
2014,12,30,16,518,27.6
2014,12,30,17,290,26.4
2014,12,30,18,81,25
2014,12,30,19,0,23.9
2014,12,30,20,0,23.2
2014,12,30,21,0,22.5
2014,12,30,22,0,21.8
2014,12,30,23,0,21.3
2014,12,31,0,0,20.7
2014,12,31,1,0,20.3
2014,12,31,2,0,20
2014,12,31,3,0,19.8
2014,12,31,4,0,19.9
2014,12,31,5,16,20.4
2014,12,31,6,57,20.9
2014,12,31,7,40,21.5
2014,12,31,8,121,22.1
2014,12,31,9,873,22.4
2014,12,31,10,992,23.1
2014,12,31,11,1048,23.3
2014,12,31,12,1043,23.5
2014,12,31,13,978,23.5
2014,12,31,14,851,23.4
2014,12,31,15,678,23.2
2014,12,31,16,471,22.9
2014,12,31,17,256,22.5
2014,12,31,18,67,22.1
2014,12,31,19,0,21.8
2014,12,31,20,0,21.7
2014,12,31,21,0,21.7
2014,12,31,22,0,21.6
2014,12,31,23,0,21.4
2015,1,1,0,0,19.1
2015,1,1,1,0,18.9
2015,1,1,2,0,18.9
2015,1,1,3,0,19
2015,1,1,4,0,19.2
2015,1,1,5,87,20
2015,1,1,6,291,21
2015,1,1,7,514,22
2015,1,1,8,724,22.9
2015,1,1,9,899,23.3
2015,1,1,10,999,26.7
2015,1,1,11,1058,27.4
2015,1,1,12,1052,27.7
2015,1,1,13,981,27.6
2015,1,1,14,852,27.3
2015,1,1,15,675,26.6
2015,1,1,16,469,25.7
2015,1,1,17,209,24.9
2015,1,1,18,67,24
2015,1,1,19,0,23.3
2015,1,1,20,0,23
2015,1,1,21,0,22.8
2015,1,1,22,0,22.7
2015,1,1,23,0,22.5
2015,1,2,0,0,22.3
2015,1,2,1,0,22.1
2015,1,2,2,0,22
2015,1,2,3,0,21.9
2015,1,2,4,0,22.2
2015,1,2,5,77,22.7
2015,1,2,6,77,23.3
2015,1,2,7,486,24.1
2015,1,2,8,688,24.8
2015,1,2,9,856,25.2
2015,1,2,10,975,25.8
2015,1,2,11,1036,26
2015,1,2,12,768,26.2
2015,1,2,13,589,26.2
2015,1,2,14,111,26.3
2015,1,2,15,301,26
2015,1,2,16,267,25.6
2015,1,2,17,169,24.9
2015,1,2,18,45,24.1
2015,1,2,19,0,23.5
2015,1,2,20,0,23.1
2015,1,2,21,0,22.8
2015,1,2,22,0,22.5
2015,1,2,23,0,22.3
2015,1,3,0,0,22.2
2015,1,3,1,0,22.1
2015,1,3,2,0,22
2015,1,3,3,0,21.9
2015,1,3,4,0,22.1
2015,1,3,5,80,22.8
2015,1,3,6,278,24
2015,1,3,7,497,25.2
2015,1,3,8,705,26.3
2015,1,3,9,879,26.8
2015,1,3,10,1006,27.8
2015,1,3,11,1070,28.1
2015,1,3,12,1069,28.1
2015,1,3,13,1007,27.9
2015,1,3,14,881,27.5
2015,1,3,15,706,26.9
2015,1,3,16,499,26.1
2015,1,3,17,277,25.2
2015,1,3,18,77,24.3
2015,1,3,19,0,23.7
2015,1,3,20,0,23.5
2015,1,3,21,0,23.3
2015,1,3,22,0,23.2
2015,1,3,23,0,23
2015,1,4,0,0,22.7
2015,1,4,1,0,22.5
2015,1,4,2,0,22.2
2015,1,4,3,0,22.1
2015,1,4,4,0,22.2
2015,1,4,5,74,23
2015,1,4,6,268,24.2
2015,1,4,7,487,25.5
2015,1,4,8,694,27.2
2015,1,4,9,867,28.1
2015,1,4,10,997,30.1
2015,1,4,11,1061,30.5
2015,1,4,12,942,30.3
2015,1,4,13,758,29.8
2015,1,4,14,262,29.1
2015,1,4,15,320,28.2
2015,1,4,16,126,27.2
2015,1,4,17,96,25.9
2015,1,4,18,27,24.6
2015,1,4,19,0,23.8
2015,1,4,20,0,23.3
2015,1,4,21,0,22.8
2015,1,4,22,0,22.4
2015,1,4,23,0,22
2015,1,5,0,0,21.7
2015,1,5,1,0,21.6
2015,1,5,2,0,21.5
2015,1,5,3,0,21.5
2015,1,5,4,0,21.5
2015,1,5,5,10,21.6
2015,1,5,6,28,21.7
2015,1,5,7,94,22
2015,1,5,8,101,22.5
2015,1,5,9,512,22.8
2015,1,5,10,689,23.5
2015,1,5,11,352,23.7
2015,1,5,12,403,23.8
2015,1,5,13,648,23.9
2015,1,5,14,717,23.8
2015,1,5,15,526,23.7
2015,1,5,16,410,23.4
2015,1,5,17,225,23.1
2015,1,5,18,63,22.7
2015,1,5,19,0,22.3
2015,1,5,20,0,22
2015,1,5,21,0,21.7
2015,1,5,22,0,21.5
2015,1,5,23,0,21.3
2015,1,6,0,0,21.2
2015,1,6,1,0,21.2
2015,1,6,2,0,21.3
2015,1,6,3,0,21.2
2015,1,6,4,0,21.2
2015,1,6,5,80,21.9
2015,1,6,6,283,23.1
2015,1,6,7,502,24.1
2015,1,6,8,709,24.8
2015,1,6,9,881,25.2
2015,1,6,10,991,25.8
2015,1,6,11,1056,26.1
2015,1,6,12,1056,26.3
2015,1,6,13,994,26.2
2015,1,6,14,870,26
2015,1,6,15,699,25.6
2015,1,6,16,492,25.1
2015,1,6,17,227,24.5
2015,1,6,18,65,23.8
2015,1,6,19,0,23.3
2015,1,6,20,0,23.1
2015,1,6,21,0,22.9
2015,1,6,22,0,22.7
2015,1,6,23,0,22.6
2015,1,7,0,0,22.5
2015,1,7,1,0,22.3
2015,1,7,2,0,22.1
2015,1,7,3,0,22
2015,1,7,4,0,22
2015,1,7,5,72,22.8
2015,1,7,6,268,24
2015,1,7,7,487,25
2015,1,7,8,693,25.9
2015,1,7,9,865,26.3
2015,1,7,10,989,27.1
2015,1,7,11,1055,27.4
2015,1,7,12,1055,27.4
2015,1,7,13,993,27.3
2015,1,7,14,869,27
2015,1,7,15,698,26.5
2015,1,7,16,491,25.8
2015,1,7,17,273,25
2015,1,7,18,77,24.2
2015,1,7,19,0,23.5
2015,1,7,20,0,23.2
2015,1,7,21,0,22.8
2015,1,7,22,0,22.4
2015,1,7,23,0,22
2015,1,8,0,0,21.6
2015,1,8,1,0,21.2
2015,1,8,2,0,20.9
2015,1,8,3,0,20.6
2015,1,8,4,0,20.7
2015,1,8,5,73,21.5
2015,1,8,6,276,22.6
2015,1,8,7,500,23.8
2015,1,8,8,713,24.9
2015,1,8,9,890,25.5
2015,1,8,10,1014,26.6
2015,1,8,11,1081,27.1
2015,1,8,12,1079,27.2
2015,1,8,13,1011,27.1
2015,1,8,14,884,26.8
2015,1,8,15,706,26.2
2015,1,8,16,495,25.5
2015,1,8,17,271,24.6
2015,1,8,18,74,23.8
2015,1,8,19,0,23.3
2015,1,8,20,0,23.2
2015,1,8,21,0,23.1
2015,1,8,22,0,23
2015,1,8,23,0,22.7
2015,1,9,0,0,22.4
2015,1,9,1,0,22.1
2015,1,9,2,0,21.9
2015,1,9,3,0,21.7
2015,1,9,4,0,21.8
2015,1,9,5,56,22.4
2015,1,9,6,237,23.3
2015,1,9,7,449,24.3
2015,1,9,8,656,25.4
2015,1,9,9,833,26
2015,1,9,10,970,27.6
2015,1,9,11,1035,28.3
2015,1,9,12,1034,28.5
2015,1,9,13,969,28.4
2015,1,9,14,634,28.1
2015,1,9,15,154,27.6
2015,1,9,16,164,26.7
2015,1,9,17,115,25.5
2015,1,9,18,32,24.4
2015,1,9,19,0,23.8
2015,1,9,20,0,23.6
2015,1,9,21,0,23.4
2015,1,9,22,0,23.4
2015,1,9,23,0,23.3
2015,1,10,0,0,23.2
2015,1,10,1,0,23
2015,1,10,2,0,22.8
2015,1,10,3,0,22.7
2015,1,10,4,0,22.7
2015,1,10,5,27,22.9
2015,1,10,6,103,23.3
2015,1,10,7,347,24.1
2015,1,10,8,515,25.3
2015,1,10,9,638,25.9
2015,1,10,10,612,27.5
2015,1,10,11,474,27.7
2015,1,10,12,456,27.2
2015,1,10,13,387,26.5
2015,1,10,14,285,25.7
2015,1,10,15,321,25
2015,1,10,16,235,24.4
2015,1,10,17,113,23.9
2015,1,10,18,31,23.6
2015,1,10,19,0,23.4
2015,1,10,20,0,23.3
2015,1,10,21,0,23.2
2015,1,10,22,0,23
2015,1,10,23,0,22.8
2015,1,11,0,0,22.6
2015,1,11,1,0,22.3
2015,1,11,2,0,21.9
2015,1,11,3,0,21.5
2015,1,11,4,0,21.2
2015,1,11,5,5,21.2
2015,1,11,6,10,21.3
2015,1,11,7,22,21.5
2015,1,11,8,45,21.7
2015,1,11,9,160,21.8
2015,1,11,10,137,22.1
2015,1,11,11,160,22.2
2015,1,11,12,198,22.2
2015,1,11,13,191,22.2
2015,1,11,14,177,22.2
2015,1,11,15,249,22
2015,1,11,16,220,21.7
2015,1,11,17,161,21.4
2015,1,11,18,43,21.1
2015,1,11,19,0,21.1
2015,1,11,20,0,21.1
2015,1,11,21,0,21.1
2015,1,11,22,0,21.1
2015,1,11,23,0,21.2
2015,1,12,0,0,21.2
2015,1,12,1,0,21.2
2015,1,12,2,0,21.2
2015,1,12,3,0,21.3
2015,1,12,4,0,21.3
2015,1,12,5,59,21.4
2015,1,12,6,26,21.6
2015,1,12,7,458,22.1
2015,1,12,8,662,22.5
2015,1,12,9,837,22.8
2015,1,12,10,967,23.2
2015,1,12,11,1037,23.4
2015,1,12,12,1046,23.4
2015,1,12,13,989,23.4
2015,1,12,14,868,23.2
2015,1,12,15,698,23
2015,1,12,16,492,22.6
2015,1,12,17,274,22
2015,1,12,18,77,21.4
2015,1,12,19,0,21
2015,1,12,20,0,20.9
2015,1,12,21,0,20.8
2015,1,12,22,0,20.8
2015,1,12,23,0,20.9
2015,1,13,0,0,20.9
2015,1,13,1,0,20.8
2015,1,13,2,0,20.8
2015,1,13,3,0,20.8
2015,1,13,4,0,21
2015,1,13,5,60,21.4
2015,1,13,6,254,22.1
2015,1,13,7,474,23.2
2015,1,13,8,681,24.3
2015,1,13,9,859,24.8
2015,1,13,10,984,25.7
2015,1,13,11,1052,26
2015,1,13,12,1054,26.2
2015,1,13,13,776,26.2
2015,1,13,14,863,26.2
2015,1,13,15,414,25.9
2015,1,13,16,328,25.3
2015,1,13,17,216,24.3
2015,1,13,18,45,23.5
2015,1,13,19,0,23.4
2015,1,13,20,0,23.5
2015,1,13,21,0,23.7
2015,1,13,22,0,23.7
2015,1,13,23,0,23.6
2015,1,14,0,0,23.5
2015,1,14,1,0,23.3
2015,1,14,2,0,23.2
2015,1,14,3,0,23.1
2015,1,14,4,0,23
2015,1,14,5,57,23.3
2015,1,14,6,255,24.1
2015,1,14,7,481,25.2
2015,1,14,8,693,26.2
2015,1,14,9,870,26.6
2015,1,14,10,997,28
2015,1,14,11,1066,29
2015,1,14,12,1070,29.7
2015,1,14,13,1007,29.9
2015,1,14,14,477,29.7
2015,1,14,15,708,29.1
2015,1,14,16,500,28.3
2015,1,14,17,281,27.3
2015,1,14,18,81,26.2
2015,1,14,19,0,25.3
2015,1,14,20,0,24.7
2015,1,14,21,0,24.2
2015,1,14,22,0,23.7
2015,1,14,23,0,23.2
2015,1,15,0,0,22.8
2015,1,15,1,0,22.5
2015,1,15,2,0,22.1
2015,1,15,3,0,21.8
2015,1,15,4,0,21.8
2015,1,15,5,10,22.4
2015,1,15,6,48,23.4
2015,1,15,7,475,24.2
2015,1,15,8,683,24.8
2015,1,15,9,860,25
2015,1,15,10,992,25.4
2015,1,15,11,1059,25.5
2015,1,15,12,1062,25.5
2015,1,15,13,1001,25.2
2015,1,15,14,878,24.8
2015,1,15,15,703,24.3
2015,1,15,16,495,23.5
2015,1,15,17,274,22.6
2015,1,15,18,14,21.8
2015,1,15,19,0,21.5
2015,1,15,20,0,21.5
2015,1,15,21,0,21.5
2015,1,15,22,0,21.5
2015,1,15,23,0,21.6
2015,1,16,0,0,21.5
2015,1,16,1,0,21.3
2015,1,16,2,0,21.2
2015,1,16,3,0,21.1
2015,1,16,4,0,21.2
2015,1,16,5,53,21.7
2015,1,16,6,248,22.4
2015,1,16,7,472,23.5
2015,1,16,8,687,24.5
2015,1,16,9,868,24.9
2015,1,16,10,1002,26.1
2015,1,16,11,1073,26.8
2015,1,16,12,1078,27.3
2015,1,16,13,1018,27.4
2015,1,16,14,896,27.4
2015,1,16,15,722,27.2
2015,1,16,16,512,26.7
2015,1,16,17,288,25.8
2015,1,16,18,81,24.6
2015,1,16,19,0,23.7
2015,1,16,20,0,23.4
2015,1,16,21,0,23
2015,1,16,22,0,22.5
2015,1,16,23,0,22
2015,1,17,0,0,21.5
2015,1,17,1,0,21.1
2015,1,17,2,0,20.6
2015,1,17,3,0,20.2
2015,1,17,4,0,20.2
2015,1,17,5,57,20.8
2015,1,17,6,258,22.4
2015,1,17,7,486,24.6
2015,1,17,8,701,26.3
2015,1,17,9,883,26.9
2015,1,17,10,1016,28.5
2015,1,17,11,1084,29.7
2015,1,17,12,1089,30.6
2015,1,17,13,1025,31.1
2015,1,17,14,902,31
2015,1,17,15,728,30.3
2015,1,17,16,514,28.8
2015,1,17,17,287,27
2015,1,17,18,79,25.3
2015,1,17,19,0,24.1
2015,1,17,20,0,23.5
2015,1,17,21,0,23
2015,1,17,22,0,22.6
2015,1,17,23,0,22.2
2015,1,18,0,0,21.8
2015,1,18,1,0,21.4
2015,1,18,2,0,21
2015,1,18,3,0,20.6
2015,1,18,4,0,20.4
2015,1,18,5,49,20.9
2015,1,18,6,243,22.2
2015,1,18,7,470,23.6
2015,1,18,8,686,24.6
2015,1,18,9,868,25
2015,1,18,10,1000,25.7
2015,1,18,11,1071,26
2015,1,18,12,962,26
2015,1,18,13,1009,25.8
2015,1,18,14,881,25.2
2015,1,18,15,704,24.6
2015,1,18,16,496,23.8
2015,1,18,17,271,23
2015,1,18,18,5,22.3
2015,1,18,19,0,21.9
2015,1,18,20,0,21.8
2015,1,18,21,0,21.7
2015,1,18,22,0,21.5
2015,1,18,23,0,21.3
2015,1,19,0,0,21.2
2015,1,19,1,0,21
2015,1,19,2,0,20.8
2015,1,19,3,0,20.6
2015,1,19,4,0,20.4
2015,1,19,5,8,20.3
2015,1,19,6,26,20.5
2015,1,19,7,34,20.8
2015,1,19,8,54,21
2015,1,19,9,198,21
2015,1,19,10,593,21.1
2015,1,19,11,203,21.2
2015,1,19,12,217,21.3
2015,1,19,13,73,21.4
2015,1,19,14,160,21.4
2015,1,19,15,366,21.2
2015,1,19,16,313,20.9
2015,1,19,17,140,20.7
2015,1,19,18,37,20.4
2015,1,19,19,0,20.3
2015,1,19,20,0,20.4
2015,1,19,21,0,20.4
2015,1,19,22,0,20.3
2015,1,19,23,0,20.2
2015,1,20,0,0,20.1
2015,1,20,1,0,19.9
2015,1,20,2,0,19.7
2015,1,20,3,0,19.5
2015,1,20,4,0,19.5
2015,1,20,5,4,19.7
2015,1,20,6,9,20.1
2015,1,20,7,88,20.6
2015,1,20,8,138,21.3
2015,1,20,9,814,21.7
2015,1,20,10,460,22.6
2015,1,20,11,1021,23.3
2015,1,20,12,1032,23.9
2015,1,20,13,976,24.2
2015,1,20,14,857,24.1
2015,1,20,15,686,23.8
2015,1,20,16,422,23.4
2015,1,20,17,241,22.8
2015,1,20,18,67,22.3
2015,1,20,19,0,22
2015,1,20,20,0,21.9
2015,1,20,21,0,21.9
2015,1,20,22,0,22
2015,1,20,23,0,22
2015,1,21,0,0,22
2015,1,21,1,0,21.9
2015,1,21,2,0,21.8
2015,1,21,3,0,21.7
2015,1,21,4,0,21.8
2015,1,21,5,37,22.2
2015,1,21,6,225,22.7
2015,1,21,7,443,23.3
2015,1,21,8,651,24.1
2015,1,21,9,827,24.6
2015,1,21,10,952,25.5
2015,1,21,11,1020,25.9
2015,1,21,12,1026,25.9
2015,1,21,13,973,25.8
2015,1,21,14,850,25.5
2015,1,21,15,679,25
2015,1,21,16,472,24.5
2015,1,21,17,255,23.9
2015,1,21,18,64,23.5
2015,1,21,19,0,23.2
2015,1,21,20,0,23
2015,1,21,21,0,22.8
2015,1,21,22,0,22.6
2015,1,21,23,0,22.4
2015,1,22,0,0,22.2
2015,1,22,1,0,22.1
2015,1,22,2,0,22
2015,1,22,3,0,21.9
2015,1,22,4,0,22
2015,1,22,5,35,22.7
2015,1,22,6,212,23.6
2015,1,22,7,427,24.5
2015,1,22,8,633,25.2
2015,1,22,9,810,25.5
2015,1,22,10,942,26.2
2015,1,22,11,1015,26.5
2015,1,22,12,1025,26.6
2015,1,22,13,975,26.6
2015,1,22,14,856,26.3
2015,1,22,15,685,25.8
2015,1,22,16,479,25.2
2015,1,22,17,260,24.5
2015,1,22,18,66,23.8
2015,1,22,19,0,23.3
2015,1,22,20,0,23
2015,1,22,21,0,22.8
2015,1,22,22,0,22.6
2015,1,22,23,0,22.4
2015,1,23,0,0,22.2
2015,1,23,1,0,22.1
2015,1,23,2,0,22
2015,1,23,3,0,22
2015,1,23,4,0,22.2
2015,1,23,5,36,22.9
2015,1,23,6,216,24
2015,1,23,7,430,25
2015,1,23,8,636,25.9
2015,1,23,9,813,26.3
2015,1,23,10,948,27.3
2015,1,23,11,1018,27.6
2015,1,23,12,1023,27.7
2015,1,23,13,965,27.6
2015,1,23,14,845,27.3
2015,1,23,15,675,26.8
2015,1,23,16,469,26.2
2015,1,23,17,254,25.3
2015,1,23,18,46,24.5
2015,1,23,19,0,23.9
2015,1,23,20,0,23.7
2015,1,23,21,0,23.4
2015,1,23,22,0,23.2
2015,1,23,23,0,23
2015,1,24,0,0,22.8
2015,1,24,1,0,22.6
2015,1,24,2,0,22.5
2015,1,24,3,0,22.5
2015,1,24,4,0,22.6
2015,1,24,5,32,23.2
2015,1,24,6,205,24.1
2015,1,24,7,419,25.1
2015,1,24,8,627,26
2015,1,24,9,804,26.4
2015,1,24,10,939,27.2
2015,1,24,11,1012,27.3
2015,1,24,12,1020,27.3
2015,1,24,13,965,27.2
2015,1,24,14,848,26.8
2015,1,24,15,525,26.3
2015,1,24,16,355,25.5
2015,1,24,17,158,24.6
2015,1,24,18,39,23.8
2015,1,24,19,0,23.3
2015,1,24,20,0,23.2
2015,1,24,21,0,23.1
2015,1,24,22,0,23
2015,1,24,23,0,22.9
2015,1,25,0,0,22.8
2015,1,25,1,0,22.5
2015,1,25,2,0,22.3
2015,1,25,3,0,22.1
2015,1,25,4,0,22.2
2015,1,25,5,31,22.6
2015,1,25,6,200,23.5
2015,1,25,7,434,25.1
2015,1,25,8,648,27
2015,1,25,9,830,27.9
2015,1,25,10,967,30.4
2015,1,25,11,1039,31.6
2015,1,25,12,1045,32.4
2015,1,25,13,980,32.5
2015,1,25,14,858,31.9
2015,1,25,15,689,30.7
2015,1,25,16,485,28.8
2015,1,25,17,264,26.9
2015,1,25,18,66,25
2015,1,25,19,0,23.7
2015,1,25,20,0,22.9
2015,1,25,21,0,22.1
2015,1,25,22,0,21.5
2015,1,25,23,0,20.9
2015,1,26,0,0,20.6
2015,1,26,1,0,20.5
2015,1,26,2,0,20.6
2015,1,26,3,0,20.6
2015,1,26,4,0,20.7
2015,1,26,5,24,21.2
2015,1,26,6,192,21.8
2015,1,26,7,404,22.3
2015,1,26,8,53,22.7
2015,1,26,9,68,22.8
2015,1,26,10,148,22.7
2015,1,26,11,159,22.5
2015,1,26,12,186,22.3
2015,1,26,13,142,22
2015,1,26,14,213,21.7
2015,1,26,15,670,21.4
2015,1,26,16,62,21.1
2015,1,26,17,86,20.7
2015,1,26,18,19,20.3
2015,1,26,19,0,20.2
2015,1,26,20,0,20.2
2015,1,26,21,0,20.2
2015,1,26,22,0,20.3
2015,1,26,23,0,20.3
2015,1,27,0,0,20.3
2015,1,27,1,0,20.2
2015,1,27,2,0,20.1
2015,1,27,3,0,20.1
2015,1,27,4,0,20.2
2015,1,27,5,9,20.5
2015,1,27,6,8,20.9
2015,1,27,7,15,21.3
2015,1,27,8,115,21.6
2015,1,27,9,50,21.7
2015,1,27,10,67,21.9
2015,1,27,11,163,21.9
2015,1,27,12,137,21.6
2015,1,27,13,208,21.4
2015,1,27,14,178,20.9
2015,1,27,15,160,20.5
2015,1,27,16,109,20.2
2015,1,27,17,114,19.9
2015,1,27,18,28,19.8
2015,1,27,19,0,19.9
2015,1,27,20,0,20
2015,1,27,21,0,20.1
2015,1,27,22,0,20.1
2015,1,27,23,0,20
2015,1,28,0,0,19.8
2015,1,28,1,0,19.6
2015,1,28,2,0,19.4
2015,1,28,3,0,19.3
2015,1,28,4,0,19.4
2015,1,28,5,4,19.7
2015,1,28,6,9,20
2015,1,28,7,18,20.4
2015,1,28,8,38,20.8
2015,1,28,9,82,21.1
2015,1,28,10,229,21.3
2015,1,28,11,271,21.4
2015,1,28,12,188,21.4
2015,1,28,13,218,21.3
2015,1,28,14,552,21.2
2015,1,28,15,301,20.9
2015,1,28,16,494,20.6
2015,1,28,17,271,20.2
2015,1,28,18,19,19.8
2015,1,28,19,0,19.5
2015,1,28,20,0,19.4
2015,1,28,21,0,19.2
2015,1,28,22,0,18.9
2015,1,28,23,0,18.6
2015,1,29,0,0,18.3
2015,1,29,1,0,18
2015,1,29,2,0,17.8
2015,1,29,3,0,17.7
2015,1,29,4,0,17.7
2015,1,29,5,8,17.5
2015,1,29,6,66,17.7
2015,1,29,7,435,18.3
2015,1,29,8,656,19.1
2015,1,29,9,842,19.5
2015,1,29,10,977,20.5
2015,1,29,11,1049,21
2015,1,29,12,1051,21.3
2015,1,29,13,995,21.3
2015,1,29,14,871,21.2
2015,1,29,15,697,21
2015,1,29,16,487,20.7
2015,1,29,17,262,20.1
2015,1,29,18,61,19.5
2015,1,29,19,0,19
2015,1,29,20,0,18.8
2015,1,29,21,0,18.5
2015,1,29,22,0,18.3
2015,1,29,23,0,17.9
2015,1,30,0,0,17.6
2015,1,30,1,0,17.3
2015,1,30,2,0,16.9
2015,1,30,3,0,16.6
2015,1,30,4,0,16.4
2015,1,30,5,27,16.8
2015,1,30,6,216,17.7
2015,1,30,7,446,18.6
2015,1,30,8,669,19.5
2015,1,30,9,857,20
2015,1,30,10,857,21.6
2015,1,30,11,943,22.7
2015,1,30,12,1067,23.5
2015,1,30,13,1003,24
2015,1,30,14,880,24.1
2015,1,30,15,272,23.8
2015,1,30,16,279,23.1
2015,1,30,17,119,22
2015,1,30,18,59,20.9
2015,1,30,19,0,20.3
2015,1,30,20,0,20
2015,1,30,21,0,19.8
2015,1,30,22,0,19.5
2015,1,30,23,0,19.2
2015,1,31,0,0,18.9
2015,1,31,1,0,18.7
2015,1,31,2,0,18.5
2015,1,31,3,0,18.4
2015,1,31,4,0,18.4
2015,1,31,5,23,19
2015,1,31,6,203,20
2015,1,31,7,427,20.9
2015,1,31,8,642,21.6
2015,1,31,9,826,22
2015,1,31,10,962,23.2
2015,1,31,11,1033,23.8
2015,1,31,12,1038,24.2
2015,1,31,13,975,24.1
2015,1,31,14,851,23.8
2015,1,31,15,678,23.3
2015,1,31,16,469,22.6
2015,1,31,17,121,21.7
2015,1,31,18,24,21
2015,1,31,19,0,20.5
2015,1,31,20,0,20.3
2015,1,31,21,0,20.2
2015,1,31,22,0,20.2
2015,1,31,23,0,20.3
2015,2,1,0,0,20.4
2015,2,1,1,0,20.3
2015,2,1,2,0,20.2
2015,2,1,3,0,20
2015,2,1,4,0,19.8
2015,2,1,5,2,20.2
2015,2,1,6,13,20.9
2015,2,1,7,335,21.4
2015,2,1,8,390,21.8
2015,2,1,9,801,21.9
2015,2,1,10,935,22.6
2015,2,1,11,792,23
2015,2,1,12,785,23.2
2015,2,1,13,812,23
2015,2,1,14,71,22.7
2015,2,1,15,480,22.2
2015,2,1,16,204,21.8
2015,2,1,17,17,21.3
2015,2,1,18,4,20.8
2015,2,1,19,0,20.5
2015,2,1,20,0,20.3
2015,2,1,21,0,20.2
2015,2,1,22,0,20
2015,2,1,23,0,19.9
2015,2,2,0,0,19.8
2015,2,2,1,0,19.6
2015,2,2,2,0,19.5
2015,2,2,3,0,19.5
2015,2,2,4,0,19.6
2015,2,2,5,7,19.9
2015,2,2,6,98,20.4
2015,2,2,7,200,20.9
2015,2,2,8,618,21.6
2015,2,2,9,802,22
2015,2,2,10,939,22.7
2015,2,2,11,1018,22.9
2015,2,2,12,1028,22.9
2015,2,2,13,973,22.7
2015,2,2,14,853,22.5
2015,2,2,15,441,22.1
2015,2,2,16,317,21.7
2015,2,2,17,52,21.2
2015,2,2,18,11,20.8
2015,2,2,19,0,20.6
2015,2,2,20,0,20.5
2015,2,2,21,0,20.4
2015,2,2,22,0,20.3
2015,2,2,23,0,20.1
2015,2,3,0,0,20
2015,2,3,1,0,20
2015,2,3,2,0,20.1
2015,2,3,3,0,20.3
2015,2,3,4,0,20.6
2015,2,3,5,6,21
2015,2,3,6,81,21.5
2015,2,3,7,205,22
2015,2,3,8,85,22.4
2015,2,3,9,365,22.6
2015,2,3,10,964,22.8
2015,2,3,11,1041,23
2015,2,3,12,1052,23.1
2015,2,3,13,995,23.3
2015,2,3,14,874,23.1
2015,2,3,15,701,22.9
2015,2,3,16,487,22.4
2015,2,3,17,260,21.7
2015,2,3,18,57,21
2015,2,3,19,0,20.5
2015,2,3,20,0,20.3
2015,2,3,21,0,20.4
2015,2,3,22,0,20.4
2015,2,3,23,0,20.2
2015,2,4,0,0,19.8
2015,2,4,1,0,19.4
2015,2,4,2,0,19.1
2015,2,4,3,0,19
2015,2,4,4,0,19.1
2015,2,4,5,17,19.7
2015,2,4,6,188,20.8
2015,2,4,7,219,21.7
2015,2,4,8,457,22.4
2015,2,4,9,811,22.6
2015,2,4,10,939,23
2015,2,4,11,1012,23.1
2015,2,4,12,672,23
2015,2,4,13,963,22.8
2015,2,4,14,843,22.5
2015,2,4,15,371,22.2
2015,2,4,16,147,21.9
2015,2,4,17,101,21.5
2015,2,4,18,18,21
2015,2,4,19,0,20.7
2015,2,4,20,0,20.4
2015,2,4,21,0,20.2
2015,2,4,22,0,20.1
2015,2,4,23,0,20
2015,2,5,0,0,20
2015,2,5,1,0,20.1
2015,2,5,2,0,20.2
2015,2,5,3,0,20.2
2015,2,5,4,0,20.3
2015,2,5,5,1,20.9
2015,2,5,6,12,21.5
2015,2,5,7,30,22
2015,2,5,8,50,22.4
2015,2,5,9,77,22.7
2015,2,5,10,933,22.9
2015,2,5,11,318,23.1
2015,2,5,12,197,23.2
2015,2,5,13,186,23.2
2015,2,5,14,162,23
2015,2,5,15,187,22.7
2015,2,5,16,162,22.3
2015,2,5,17,243,21.7
2015,2,5,18,14,21
2015,2,5,19,0,20.6
2015,2,5,20,0,20.4
2015,2,5,21,0,20.3
2015,2,5,22,0,20.3
2015,2,5,23,0,20.3
2015,2,6,0,0,20.2
2015,2,6,1,0,20.1
2015,2,6,2,0,19.9
2015,2,6,3,0,19.8
2015,2,6,4,0,19.9
2015,2,6,5,14,20.4
2015,2,6,6,44,21.3
2015,2,6,7,117,22
2015,2,6,8,623,22.7
2015,2,6,9,308,23
2015,2,6,10,190,23.7
2015,2,6,11,578,23.9
2015,2,6,12,238,24
2015,2,6,13,653,24
2015,2,6,14,857,23.8
2015,2,6,15,685,23.4
2015,2,6,16,473,23
2015,2,6,17,248,22.3
2015,2,6,18,49,21.5
2015,2,6,19,0,21
2015,2,6,20,0,20.8
2015,2,6,21,0,20.7
2015,2,6,22,0,20.7
2015,2,6,23,0,20.8
2015,2,7,0,0,20.8
2015,2,7,1,0,20.8
2015,2,7,2,0,20.7
2015,2,7,3,0,20.7
2015,2,7,4,0,20.7
2015,2,7,5,13,21.2
2015,2,7,6,182,22.1
2015,2,7,7,42,22.9
2015,2,7,8,378,23.7
2015,2,7,9,413,24
2015,2,7,10,510,25
2015,2,7,11,686,25.5
2015,2,7,12,1038,25.8
2015,2,7,13,983,25.9
2015,2,7,14,862,25.8
2015,2,7,15,688,25.5
2015,2,7,16,477,25
2015,2,7,17,249,24.1
2015,2,7,18,49,23.1
2015,2,7,19,0,22.4
2015,2,7,20,0,22
2015,2,7,21,0,21.7
2015,2,7,22,0,21.4
2015,2,7,23,0,21.1
2015,2,8,0,0,20.9
2015,2,8,1,0,20.6
2015,2,8,2,0,20.3
2015,2,8,3,0,20
2015,2,8,4,0,19.9
2015,2,8,5,0,20.5
2015,2,8,6,173,21.8
2015,2,8,7,392,23.5
2015,2,8,8,608,25.4
2015,2,8,9,793,26.3
2015,2,8,10,938,28.5
2015,2,8,11,1015,29.3
2015,2,8,12,1023,29.4
2015,2,8,13,966,29.3
2015,2,8,14,845,28.9
2015,2,8,15,671,28.2
2015,2,8,16,445,27.3
2015,2,8,17,237,26.2
2015,2,8,18,6,25.1
2015,2,8,19,0,24.6
2015,2,8,20,0,24.4
2015,2,8,21,0,24.2
2015,2,8,22,0,24
2015,2,8,23,0,23.6
2015,2,9,0,0,23.4
2015,2,9,1,0,23.3
2015,2,9,2,0,23.3
2015,2,9,3,0,23.2
2015,2,9,4,0,23.2
2015,2,9,5,0,23.4
2015,2,9,6,153,23.7
2015,2,9,7,362,24.2
2015,2,9,8,572,24.7
2015,2,9,9,119,25
2015,2,9,10,158,25.5
2015,2,9,11,957,25.6
2015,2,9,12,535,25.5
2015,2,9,13,545,25.2
2015,2,9,14,795,24.9
2015,2,9,15,297,24.6
2015,2,9,16,110,24.2
2015,2,9,17,106,23.7
2015,2,9,18,17,23.3
2015,2,9,19,0,23
2015,2,9,20,0,22.8
2015,2,9,21,0,22.7
2015,2,9,22,0,22.6
2015,2,9,23,0,22.6
2015,2,10,0,0,22.5
2015,2,10,1,0,22.4
2015,2,10,2,0,22.2
2015,2,10,3,0,22.2
2015,2,10,4,0,22.2
2015,2,10,5,0,22.7
2015,2,10,6,160,23.5
2015,2,10,7,377,24.2
2015,2,10,8,588,25
2015,2,10,9,772,25.4
2015,2,10,10,899,26.4
2015,2,10,11,975,26.7
2015,2,10,12,985,26.8
2015,2,10,13,927,26.7
2015,2,10,14,809,26.5
2015,2,10,15,641,26.1
2015,2,10,16,430,25.5
2015,2,10,17,216,24.8
2015,2,10,18,36,24.1
2015,2,10,19,0,23.7
2015,2,10,20,0,23.5
2015,2,10,21,0,23.4
2015,2,10,22,0,23.4
2015,2,10,23,0,23.3
2015,2,11,0,0,23.2
2015,2,11,1,0,23.1
2015,2,11,2,0,22.9
2015,2,11,3,0,22.8
2015,2,11,4,0,22.8
2015,2,11,5,0,23.4
2015,2,11,6,161,24.3
2015,2,11,7,378,25.2
2015,2,11,8,592,25.9
2015,2,11,9,778,26.2
2015,2,11,10,913,26.8
2015,2,11,11,989,27.1
2015,2,11,12,999,27.2
2015,2,11,13,944,27.2
2015,2,11,14,826,26.9
2015,2,11,15,655,26.5
2015,2,11,16,446,25.9
2015,2,11,17,225,25.1
2015,2,11,18,37,24.3
2015,2,11,19,0,23.9
2015,2,11,20,0,23.6
2015,2,11,21,0,23.4
2015,2,11,22,0,23.2
2015,2,11,23,0,22.9
2015,2,12,0,0,22.6
2015,2,12,1,0,22.4
2015,2,12,2,0,22.3
2015,2,12,3,0,22.2
2015,2,12,4,0,22.2
2015,2,12,5,0,22.8
2015,2,12,6,162,24
2015,2,12,7,383,25
2015,2,12,8,598,25.8
2015,2,12,9,784,26.2
2015,2,12,10,919,26.9
2015,2,12,11,994,27.1
2015,2,12,12,1002,27.1
2015,2,12,13,938,26.8
2015,2,12,14,816,26.4
2015,2,12,15,500,25.8
2015,2,12,16,420,25.1
2015,2,12,17,187,24.3
2015,2,12,18,30,23.6
2015,2,12,19,0,23.3
2015,2,12,20,0,23.1
2015,2,12,21,0,23.1
2015,2,12,22,0,23.1
2015,2,12,23,0,23.1
2015,2,13,0,0,23
2015,2,13,1,0,22.8
2015,2,13,2,0,22.6
2015,2,13,3,0,22.5
2015,2,13,4,0,22.4
2015,2,13,5,0,22.5
2015,2,13,6,51,22.8
2015,2,13,7,137,23.1
2015,2,13,8,379,23.4
2015,2,13,9,719,23.7
2015,2,13,10,906,24.6
2015,2,13,11,984,25
2015,2,13,12,845,25.2
2015,2,13,13,327,25.2
2015,2,13,14,187,25.1
2015,2,13,15,410,24.8
2015,2,13,16,340,24.4
2015,2,13,17,220,23.8
2015,2,13,18,21,23.1
2015,2,13,19,0,22.8
2015,2,13,20,0,22.6
2015,2,13,21,0,22.6
2015,2,13,22,0,22.5
2015,2,13,23,0,22.4
2015,2,14,0,0,22.1
2015,2,14,1,0,21.9
2015,2,14,2,0,21.6
2015,2,14,3,0,21.4
2015,2,14,4,0,21.4
2015,2,14,5,0,21.8
2015,2,14,6,150,22.7
2015,2,14,7,367,23.8
2015,2,14,8,429,24.9
2015,2,14,9,594,25.4
2015,2,14,10,676,26.2
2015,2,14,11,667,26.4
2015,2,14,12,732,26.3
2015,2,14,13,662,25.9
2015,2,14,14,332,25.3
2015,2,14,15,175,24.6
2015,2,14,16,185,23.9
2015,2,14,17,160,23.3
2015,2,14,18,23,22.8
2015,2,14,19,0,22.6
2015,2,14,20,0,22.7
2015,2,14,21,0,22.7
2015,2,14,22,0,22.8
2015,2,14,23,0,22.7
2015,2,15,0,0,22.5
2015,2,15,1,0,22.3
2015,2,15,2,0,22.1
2015,2,15,3,0,21.9
2015,2,15,4,0,21.8
2015,2,15,5,0,22.1
2015,2,15,6,80,22.8
2015,2,15,7,296,23.5
2015,2,15,8,566,24.1
2015,2,15,9,751,24.4
2015,2,15,10,895,25.1
2015,2,15,11,970,25.5
2015,2,15,12,978,25.9
2015,2,15,13,921,26
2015,2,15,14,798,25.9
2015,2,15,15,626,25.7
2015,2,15,16,418,25.3
2015,2,15,17,202,24.6
2015,2,15,18,26,23.9
2015,2,15,19,0,23.5
2015,2,15,20,0,23.3
2015,2,15,21,0,23.1
2015,2,15,22,0,22.9
2015,2,15,23,0,22.7
2015,2,16,0,0,22.5
2015,2,16,1,0,22.3
2015,2,16,2,0,22.1
2015,2,16,3,0,21.9
2015,2,16,4,0,21.8
2015,2,16,5,0,22.3
2015,2,16,6,144,23.2
2015,2,16,7,361,24.1
2015,2,16,8,577,25
2015,2,16,9,762,25.5
2015,2,16,10,762,26.5
2015,2,16,11,976,26.9
2015,2,16,12,986,27
2015,2,16,13,800,26.9
2015,2,16,14,714,26.6
2015,2,16,15,568,26.2
2015,2,16,16,300,25.6
2015,2,16,17,206,24.8
2015,2,16,18,26,24
2015,2,16,19,0,23.5
2015,2,16,20,0,23.3
2015,2,16,21,0,23
2015,2,16,22,0,22.8
2015,2,16,23,0,22.5
2015,2,17,0,0,22.3
2015,2,17,1,0,22.1
2015,2,17,2,0,21.9
2015,2,17,3,0,21.8
2015,2,17,4,0,21.7
2015,2,17,5,0,22.1
2015,2,17,6,146,23.2
2015,2,17,7,367,24.3
2015,2,17,8,585,25.2
2015,2,17,9,774,25.6
2015,2,17,10,915,26.5
2015,2,17,11,992,26.8
2015,2,17,12,1001,26.9
2015,2,17,13,943,26.8
2015,2,17,14,821,26.4
2015,2,17,15,646,25.9
2015,2,17,16,434,25.2
2015,2,17,17,210,24.4
2015,2,17,18,26,23.7
2015,2,17,19,0,23.4
2015,2,17,20,0,23.2
2015,2,17,21,0,23
2015,2,17,22,0,22.8
2015,2,17,23,0,22.6
2015,2,18,0,0,22.4
2015,2,18,1,0,22.1
2015,2,18,2,0,21.8
2015,2,18,3,0,21.6
2015,2,18,4,0,21.5
2015,2,18,5,0,22
2015,2,18,6,151,23.3
2015,2,18,7,374,24.4
2015,2,18,8,591,25.1
2015,2,18,9,778,25.4
2015,2,18,10,909,26.1
2015,2,18,11,983,26.4
2015,2,18,12,989,26.5
2015,2,18,13,928,26.4
2015,2,18,14,805,26.1
2015,2,18,15,629,25.7
2015,2,18,16,421,25.1
2015,2,18,17,201,24.3
2015,2,18,18,23,23.6
2015,2,18,19,0,23.2
2015,2,18,20,0,23
2015,2,18,21,0,22.8
2015,2,18,22,0,22.5
2015,2,18,23,0,22.3
2015,2,19,0,0,22.2
2015,2,19,1,0,22.2
2015,2,19,2,0,22
2015,2,19,3,0,22
2015,2,19,4,0,22
2015,2,19,5,0,22.4
2015,2,19,6,143,23.2
2015,2,19,7,209,24
2015,2,19,8,367,24.7
2015,2,19,9,489,25.1
2015,2,19,10,513,25.6
2015,2,19,11,976,25.6
2015,2,19,12,982,25.5
2015,2,19,13,919,25.4
2015,2,19,14,794,25
2015,2,19,15,256,24.6
2015,2,19,16,239,24.2
2015,2,19,17,99,23.7
2015,2,19,18,21,23.2
2015,2,19,19,0,22.9
2015,2,19,20,0,22.6
2015,2,19,21,0,22.4
2015,2,19,22,0,22.2
2015,2,19,23,0,22
2015,2,20,0,0,21.8
2015,2,20,1,0,21.7
2015,2,20,2,0,21.6
2015,2,20,3,0,21.6
2015,2,20,4,0,21.7
2015,2,20,5,0,22.2
2015,2,20,6,72,23.1
2015,2,20,7,206,24
2015,2,20,8,286,24.8
2015,2,20,9,656,25.2
2015,2,20,10,407,25.5
2015,2,20,11,608,25.4
2015,2,20,12,509,25.3
2015,2,20,13,437,25.2
2015,2,20,14,322,24.9
2015,2,20,15,406,24.5
2015,2,20,16,202,24.1
2015,2,20,17,84,23.6
2015,2,20,18,9,23.2
2015,2,20,19,0,23
2015,2,20,20,0,22.8
2015,2,20,21,0,22.7
2015,2,20,22,0,22.6
2015,2,20,23,0,22.3
2015,2,21,0,0,21.8
2015,2,21,1,0,21.3
2015,2,21,2,0,21
2015,2,21,3,0,20.9
2015,2,21,4,0,21
2015,2,21,5,0,21.6
2015,2,21,6,16,22.4
2015,2,21,7,47,23
2015,2,21,8,146,23.8
2015,2,21,9,197,24.3
2015,2,21,10,295,25
2015,2,21,11,387,25.2
2015,2,21,12,536,25.3
2015,2,21,13,289,25.1
2015,2,21,14,379,24.8
2015,2,21,15,410,24.3
2015,2,21,16,201,23.6
2015,2,21,17,80,22.9
2015,2,21,18,6,22.2
2015,2,21,19,0,21.9
2015,2,21,20,0,21.8
2015,2,21,21,0,21.7
2015,2,21,22,0,21.7
2015,2,21,23,0,21.8
2015,2,22,0,0,21.8
2015,2,22,1,0,21.9
2015,2,22,2,0,21.8
2015,2,22,3,0,21.7
2015,2,22,4,0,21.6
2015,2,22,5,0,22
2015,2,22,6,132,22.9
2015,2,22,7,348,23.8
2015,2,22,8,562,24.5
2015,2,22,9,746,24.9
2015,2,22,10,882,25.6
2015,2,22,11,958,25.8
2015,2,22,12,968,25.8
2015,2,22,13,908,25.7
2015,2,22,14,788,25.4
2015,2,22,15,615,24.9
2015,2,22,16,406,24.3
2015,2,22,17,187,23.6
2015,2,22,18,16,23.1
2015,2,22,19,0,22.8
2015,2,22,20,0,22.6
2015,2,22,21,0,22.4
2015,2,22,22,0,22.2
2015,2,22,23,0,22
2015,2,23,0,0,21.9
2015,2,23,1,0,21.8
2015,2,23,2,0,21.8
2015,2,23,3,0,21.8
2015,2,23,4,0,21.9
2015,2,23,5,0,22.3
2015,2,23,6,127,23
2015,2,23,7,342,23.4
2015,2,23,8,555,24.1
2015,2,23,9,738,24.5
2015,2,23,10,878,25.6
2015,2,23,11,954,26.1
2015,2,23,12,963,26.3
2015,2,23,13,910,26.3
2015,2,23,14,788,26.1
2015,2,23,15,617,25.7
2015,2,23,16,407,25
2015,2,23,17,186,24.1
2015,2,23,18,15,23.4
2015,2,23,19,0,22.9
2015,2,23,20,0,22.7
2015,2,23,21,0,22.5
2015,2,23,22,0,22.4
2015,2,23,23,0,22.2
2015,2,24,0,0,22
2015,2,24,1,0,22.1
2015,2,24,2,0,22.2
2015,2,24,3,0,22.2
2015,2,24,4,0,22
2015,2,24,5,0,22.3
2015,2,24,6,45,23
2015,2,24,7,135,23.7
2015,2,24,8,557,24.5
2015,2,24,9,740,24.8
2015,2,24,10,126,25.1
2015,2,24,11,677,24.7
2015,2,24,12,941,24.1
2015,2,24,13,866,23.4
2015,2,24,14,741,23
2015,2,24,15,570,22.5
2015,2,24,16,159,22.2
2015,2,24,17,61,21.8
2015,2,24,18,8,21.6
2015,2,24,19,0,21.6
2015,2,24,20,0,21.6
2015,2,24,21,0,21.5
2015,2,24,22,0,21.4
2015,2,24,23,0,21.3
2015,2,25,0,0,21.2
2015,2,25,1,0,21.1
2015,2,25,2,0,21.1
2015,2,25,3,0,21.1
2015,2,25,4,0,21.1
2015,2,25,5,0,21.5
2015,2,25,6,111,22.1
2015,2,25,7,13,22.7
2015,2,25,8,20,23.2
2015,2,25,9,414,23.4
2015,2,25,10,71,23.6
2015,2,25,11,241,23.6
2015,2,25,12,197,23.5
2015,2,25,13,459,23.3
2015,2,25,14,752,23
2015,2,25,15,581,22.7
2015,2,25,16,115,22.2
2015,2,25,17,43,21.7
2015,2,25,18,8,21.3
2015,2,25,19,0,21.1
2015,2,25,20,0,21.1
2015,2,25,21,0,21
2015,2,25,22,0,20.9
2015,2,25,23,0,20.9
2015,2,26,0,0,21
2015,2,26,1,0,20.9
2015,2,26,2,0,20.8
2015,2,26,3,0,20.7
2015,2,26,4,0,20.6
2015,2,26,5,0,20.7
2015,2,26,6,28,21.1
2015,2,26,7,135,21.4
2015,2,26,8,532,22.1
2015,2,26,9,444,22.6
2015,2,26,10,407,24.4
2015,2,26,11,603,25.1
2015,2,26,12,749,25.1
2015,2,26,13,506,25
2015,2,26,14,586,24.9
2015,2,26,15,375,24.9
2015,2,26,16,286,24.5
2015,2,26,17,119,23.5
2015,2,26,18,0,22.6
2015,2,26,19,0,22.1
2015,2,26,20,0,21.8
2015,2,26,21,0,21.6
2015,2,26,22,0,21.6
2015,2,26,23,0,21.6
2015,2,27,0,0,21.3
2015,2,27,1,0,21
2015,2,27,2,0,20.8
2015,2,27,3,0,20.8
2015,2,27,4,0,20.9
2015,2,27,5,0,21.3
2015,2,27,6,8,21.8
2015,2,27,7,23,22.4
2015,2,27,8,547,23.3
2015,2,27,9,733,23.7
2015,2,27,10,872,24.8
2015,2,27,11,950,25.2
2015,2,27,12,961,25.5
2015,2,27,13,903,25.5
2015,2,27,14,781,25.3
2015,2,27,15,605,25
2015,2,27,16,394,24.4
2015,2,27,17,173,23.7
2015,2,27,18,0,23
2015,2,27,19,0,22.6
2015,2,27,20,0,22.4
2015,2,27,21,0,22.2
2015,2,27,22,0,22
2015,2,27,23,0,21.8
2015,2,28,0,0,21.6
2015,2,28,1,0,21.4
2015,2,28,2,0,21.2
2015,2,28,3,0,21
2015,2,28,4,0,20.9
2015,2,28,5,0,21.2
2015,2,28,6,78,22
2015,2,28,7,237,23.1
2015,2,28,8,224,24
2015,2,28,9,506,24.3
2015,2,28,10,715,25.2
2015,2,28,11,825,26
2015,2,28,12,758,26.6
2015,2,28,13,619,27
2015,2,28,14,627,27
2015,2,28,15,598,26.6
2015,2,28,16,387,25.8
2015,2,28,17,166,24.7
2015,2,28,18,0,23.6
2015,2,28,19,0,23.1
2015,2,28,20,0,23
2015,2,28,21,0,22.8
2015,2,28,22,0,22.7
2015,2,28,23,0,22.5
2015,3,1,0,0,22.3
2015,3,1,1,0,22.1
2015,3,1,2,0,21.9
2015,3,1,3,0,21.6
2015,3,1,4,0,21.4
2015,3,1,5,0,21.6
2015,3,1,6,111,22.7
2015,3,1,7,323,24.6
2015,3,1,8,536,26.7
2015,3,1,9,720,27.7
2015,3,1,10,856,30.3
2015,3,1,11,927,31.7
2015,3,1,12,927,32.8
2015,3,1,13,518,31.9
2015,3,1,14,40,28.6
2015,3,1,15,54,24.9
2015,3,1,16,65,22.6
2015,3,1,17,54,21.6
2015,3,1,18,0,21.3
2015,3,1,19,0,21.2
2015,3,1,20,0,21.3
2015,3,1,21,0,21.3
2015,3,1,22,0,21.2
2015,3,1,23,0,21.1
2015,3,2,0,0,20.9
2015,3,2,1,0,20.6
2015,3,2,2,0,20.4
2015,3,2,3,0,20.1
2015,3,2,4,0,20
2015,3,2,5,0,20.2
2015,3,2,6,112,21
2015,3,2,7,130,21.8
2015,3,2,8,553,22.5
2015,3,2,9,743,22.8
2015,3,2,10,873,23.5
2015,3,2,11,948,23.8
2015,3,2,12,677,24
2015,3,2,13,456,24
2015,3,2,14,413,23.8
2015,3,2,15,166,23.4
2015,3,2,16,379,22.8
2015,3,2,17,33,22.1
2015,3,2,18,0,21.7
2015,3,2,19,0,21.5
2015,3,2,20,0,21.3
2015,3,2,21,0,21.1
2015,3,2,22,0,20.8
2015,3,2,23,0,20.6
2015,3,3,0,0,20.4
2015,3,3,1,0,20.1
2015,3,3,2,0,19.9
2015,3,3,3,0,19.8
2015,3,3,4,0,19.6
2015,3,3,5,0,19.8
2015,3,3,6,107,20.7
2015,3,3,7,319,21.9
2015,3,3,8,533,23.2
2015,3,3,9,717,23.9
2015,3,3,10,860,25.8
2015,3,3,11,930,26.7
2015,3,3,12,932,26.9
2015,3,3,13,866,26.5
2015,3,3,14,445,25.7
2015,3,3,15,86,24.7
2015,3,3,16,105,23.7
2015,3,3,17,36,22.8
2015,3,3,18,0,22.4
2015,3,3,19,0,22.3
2015,3,3,20,0,22.4
2015,3,3,21,0,22.4
2015,3,3,22,0,22.4
2015,3,3,23,0,22.4
2015,3,4,0,0,22.4
2015,3,4,1,0,22.2
2015,3,4,2,0,22.1
2015,3,4,3,0,22
2015,3,4,4,0,21.9
2015,3,4,5,0,22.3
2015,3,4,6,93,23.1
2015,3,4,7,293,23.9
2015,3,4,8,499,24.6
2015,3,4,9,679,25
2015,3,4,10,814,25.8
2015,3,4,11,887,26.2
2015,3,4,12,898,26.5
2015,3,4,13,850,26.6
2015,3,4,14,731,26.3
2015,3,4,15,560,25.7
2015,3,4,16,353,24.8
2015,3,4,17,142,23.9
2015,3,4,18,0,23.2
2015,3,4,19,0,22.9
2015,3,4,20,0,22.9
2015,3,4,21,0,22.8
2015,3,4,22,0,22.6
2015,3,4,23,0,22.5
2015,3,5,0,0,22.3
2015,3,5,1,0,21.9
2015,3,5,2,0,21.5
2015,3,5,3,0,21.1
2015,3,5,4,0,20.9
2015,3,5,5,0,21.4
2015,3,5,6,83,22.8
2015,3,5,7,259,23.9
2015,3,5,8,476,24.5
2015,3,5,9,434,24.8
2015,3,5,10,712,25.7
2015,3,5,11,954,25.9
2015,3,5,12,954,25.4
2015,3,5,13,882,24.1
2015,3,5,14,747,22.6
2015,3,5,15,564,21.5
2015,3,5,16,364,20.8
2015,3,5,17,143,20.2
2015,3,5,18,0,19.7
2015,3,5,19,0,19.5
2015,3,5,20,0,19.3
2015,3,5,21,0,19.1
2015,3,5,22,0,19
2015,3,5,23,0,19
2015,3,6,0,0,18.6
2015,3,6,1,0,18.1
2015,3,6,2,0,18
2015,3,6,3,0,18
2015,3,6,4,0,17.8
2015,3,6,5,0,17.8
2015,3,6,6,101,18.5
2015,3,6,7,164,19.8
2015,3,6,8,397,21.4
2015,3,6,9,735,22.2
2015,3,6,10,869,24.6
2015,3,6,11,944,25.8
2015,3,6,12,948,26.6
2015,3,6,13,885,26.9
2015,3,6,14,761,27.1
2015,3,6,15,582,26.9
2015,3,6,16,367,26.2
2015,3,6,17,144,24.8
2015,3,6,18,0,23.4
2015,3,6,19,0,22.4
2015,3,6,20,0,21.8
2015,3,6,21,0,21.3
2015,3,6,22,0,20.9
2015,3,6,23,0,20.6
2015,3,7,0,0,20.4
2015,3,7,1,0,20.1
2015,3,7,2,0,19.9
2015,3,7,3,0,19.7
2015,3,7,4,0,19.6
2015,3,7,5,0,19.9
2015,3,7,6,89,20.6
2015,3,7,7,64,21.4
2015,3,7,8,274,22
2015,3,7,9,364,22.4
2015,3,7,10,842,23.6
2015,3,7,11,915,24.3
2015,3,7,12,920,24.9
2015,3,7,13,858,25.2
2015,3,7,14,732,25.1
2015,3,7,15,555,24.6
2015,3,7,16,355,23.7
2015,3,7,17,136,22.6
2015,3,7,18,0,21.8
2015,3,7,19,0,21.5
2015,3,7,20,0,21.5
2015,3,7,21,0,21.5
2015,3,7,22,0,21.4
2015,3,7,23,0,21.3
2015,3,8,0,0,21.3
2015,3,8,1,0,21.3
2015,3,8,2,0,21.5
2015,3,8,3,0,21.7
2015,3,8,4,0,21.9
2015,3,8,5,0,21.9
2015,3,8,6,32,22.1
2015,3,8,7,107,22.4
2015,3,8,8,436,23.2
2015,3,8,9,676,23.6
2015,3,8,10,803,25.1
2015,3,8,11,749,26
2015,3,8,12,754,26.3
2015,3,8,13,834,26.2
2015,3,8,14,707,25.8
2015,3,8,15,532,25
2015,3,8,16,326,23.9
2015,3,8,17,120,22.8
2015,3,8,18,0,22
2015,3,8,19,0,21.7
2015,3,8,20,0,21.7
2015,3,8,21,0,21.7
2015,3,8,22,0,21.7
2015,3,8,23,0,21.5
2015,3,9,0,0,21.3
2015,3,9,1,0,21.2
2015,3,9,2,0,21.1
2015,3,9,3,0,20.9
2015,3,9,4,0,20.6
2015,3,9,5,0,20.6
2015,3,9,6,88,21.4
2015,3,9,7,298,22.8
2015,3,9,8,520,24.7
2015,3,9,9,711,25.6
2015,3,9,10,853,27.9
2015,3,9,11,931,28.9
2015,3,9,12,938,29.1
2015,3,9,13,875,28.8
2015,3,9,14,744,28.2
2015,3,9,15,562,27.4
2015,3,9,16,347,26.2
2015,3,9,17,128,24.6
2015,3,9,18,0,23.3
2015,3,9,19,0,22.7
2015,3,9,20,0,22.4
2015,3,9,21,0,22.1
2015,3,9,22,0,22.1
2015,3,9,23,0,22.1
2015,3,10,0,0,21.8
2015,3,10,1,0,21.3
2015,3,10,2,0,21
2015,3,10,3,0,20.9
2015,3,10,4,0,21
2015,3,10,5,0,21.3
2015,3,10,6,85,22.1
2015,3,10,7,289,22.8
2015,3,10,8,500,23.6
2015,3,10,9,684,23.9
2015,3,10,10,296,24.6
2015,3,10,11,285,24.8
2015,3,10,12,160,24.9
2015,3,10,13,819,24.7
2015,3,10,14,428,24.4
2015,3,10,15,303,24
2015,3,10,16,205,23.5
2015,3,10,17,113,22.8
2015,3,10,18,0,22.3
2015,3,10,19,0,22
2015,3,10,20,0,21.8
2015,3,10,21,0,21.7
2015,3,10,22,0,21.8
2015,3,10,23,0,21.9
2015,3,11,0,0,22
2015,3,11,1,0,22.1
2015,3,11,2,0,22.1
2015,3,11,3,0,21.9
2015,3,11,4,0,21.8
2015,3,11,5,0,21.9
2015,3,11,6,80,22.5
2015,3,11,7,279,23.4
2015,3,11,8,485,24.6
2015,3,11,9,664,25.2
2015,3,11,10,808,26.4
2015,3,11,11,880,26.8
2015,3,11,12,882,26.9
2015,3,11,13,816,26.7
2015,3,11,14,565,26.2
2015,3,11,15,391,25.4
2015,3,11,16,298,24.5
2015,3,11,17,98,23.7
2015,3,11,18,0,23.2
2015,3,11,19,0,23
2015,3,11,20,0,23
2015,3,11,21,0,22.8
2015,3,11,22,0,22.7
2015,3,11,23,0,22.5
2015,3,12,0,0,22.3
2015,3,12,1,0,22.1
2015,3,12,2,0,21.9
2015,3,12,3,0,21.8
2015,3,12,4,0,21.6
2015,3,12,5,0,21.6
2015,3,12,6,74,22.1
2015,3,12,7,269,22.9
2015,3,12,8,478,23.8
2015,3,12,9,660,24.3
2015,3,12,10,813,25.3
2015,3,12,11,885,25.5
2015,3,12,12,886,25.3
2015,3,12,13,656,24.9
2015,3,12,14,682,24.4
2015,3,12,15,507,23.9
2015,3,12,16,220,23.3
2015,3,12,17,72,22.5
2015,3,12,18,0,22
2015,3,12,19,0,21.7
2015,3,12,20,0,21.5
2015,3,12,21,0,21.4
2015,3,12,22,0,21.3
2015,3,12,23,0,21.1
2015,3,13,0,0,20.9
2015,3,13,1,0,20.7
2015,3,13,2,0,20.5
2015,3,13,3,0,20.4
2015,3,13,4,0,20.3
2015,3,13,5,0,20.2
2015,3,13,6,6,20.4
2015,3,13,7,20,20.7
2015,3,13,8,126,21.1
2015,3,13,9,91,21.3
2015,3,13,10,125,21.6
2015,3,13,11,71,21.5
2015,3,13,12,119,21.5
2015,3,13,13,124,21.4
2015,3,13,14,59,21.3
2015,3,13,15,68,21.2
2015,3,13,16,57,21
2015,3,13,17,17,20.4
2015,3,13,18,0,19.9
2015,3,13,19,0,19.7
2015,3,13,20,0,19.7
2015,3,13,21,0,19.6
2015,3,13,22,0,19.5
2015,3,13,23,0,19.4
2015,3,14,0,0,19.2
2015,3,14,1,0,19
2015,3,14,2,0,18.9
2015,3,14,3,0,18.9
2015,3,14,4,0,19
2015,3,14,5,0,19.2
2015,3,14,6,13,20
2015,3,14,7,304,20.9
2015,3,14,8,522,21.7
2015,3,14,9,710,22.1
2015,3,14,10,846,23.1
2015,3,14,11,920,23.7
2015,3,14,12,924,24.1
2015,3,14,13,857,24.2
2015,3,14,14,729,24
2015,3,14,15,546,23.4
2015,3,14,16,331,22.4
2015,3,14,17,113,21.3
2015,3,14,18,0,20.4
2015,3,14,19,0,20.1
2015,3,14,20,0,19.9
2015,3,14,21,0,19.7
2015,3,14,22,0,19.5
2015,3,14,23,0,19.3
2015,3,15,0,0,19
2015,3,15,1,0,18.7
2015,3,15,2,0,18.6
2015,3,15,3,0,18.7
2015,3,15,4,0,19.1
2015,3,15,5,0,19.8
2015,3,15,6,63,21
2015,3,15,7,230,22.1
2015,3,15,8,300,22.7
2015,3,15,9,251,22.8
2015,3,15,10,759,22.5
2015,3,15,11,167,22.2
2015,3,15,12,841,21.9
2015,3,15,13,205,21.7
2015,3,15,14,680,21.6
2015,3,15,15,512,21.3
2015,3,15,16,36,20.9
2015,3,15,17,13,20.3
2015,3,15,18,0,19.9
2015,3,15,19,0,19.7
2015,3,15,20,0,19.7
2015,3,15,21,0,19.6
2015,3,15,22,0,19.4
2015,3,15,23,0,19.1
2015,3,16,0,0,18.9
2015,3,16,1,0,18.7
2015,3,16,2,0,18.6
2015,3,16,3,0,18.6
2015,3,16,4,0,18.5
2015,3,16,5,0,18.8
2015,3,16,6,25,19.5
2015,3,16,7,107,20.3
2015,3,16,8,304,20.9
2015,3,16,9,185,21.1
2015,3,16,10,199,21.8
2015,3,16,11,592,22.1
2015,3,16,12,903,22.2
2015,3,16,13,840,22.2
2015,3,16,14,712,22.1
2015,3,16,15,532,21.7
2015,3,16,16,253,21.1
2015,3,16,17,80,20.3
2015,3,16,18,0,19.7
2015,3,16,19,0,19.4
2015,3,16,20,0,19.1
2015,3,16,21,0,18.9
2015,3,16,22,0,18.7
2015,3,16,23,0,18.4
2015,3,17,0,0,18.2
2015,3,17,1,0,18.1
2015,3,17,2,0,17.9
2015,3,17,3,0,17.8
2015,3,17,4,0,17.7
2015,3,17,5,0,17.9
2015,3,17,6,74,18.9
2015,3,17,7,279,20.2
2015,3,17,8,488,21.2
2015,3,17,9,468,21.6
2015,3,17,10,583,22.6
2015,3,17,11,404,23.3
2015,3,17,12,322,23.5
2015,3,17,13,464,23.5
2015,3,17,14,147,23.6
2015,3,17,15,285,23.5
2015,3,17,16,165,23
2015,3,17,17,40,22
2015,3,17,18,0,21.3
2015,3,17,19,0,21.1
2015,3,17,20,0,21.1
2015,3,17,21,0,21
2015,3,17,22,0,21
2015,3,17,23,0,20.9
2015,3,18,0,0,20.8
2015,3,18,1,0,20.7
2015,3,18,2,0,20.6
2015,3,18,3,0,20.5
2015,3,18,4,0,20.4
2015,3,18,5,0,20.5
2015,3,18,6,66,21.2
2015,3,18,7,238,22.3
2015,3,18,8,109,23.7
2015,3,18,9,597,24.5
2015,3,18,10,301,26.4
2015,3,18,11,849,27.5
2015,3,18,12,855,28.3
2015,3,18,13,790,28.7
2015,3,18,14,662,28.5
2015,3,18,15,484,27.5
2015,3,18,16,280,26.1
2015,3,18,17,82,24.6
2015,3,18,18,0,23.6
2015,3,18,19,0,23.2
2015,3,18,20,0,23
2015,3,18,21,0,22.8
2015,3,18,22,0,22.5
2015,3,18,23,0,22.2
2015,3,19,0,0,22.1
2015,3,19,1,0,21.8
2015,3,19,2,0,21.4
2015,3,19,3,0,21
2015,3,19,4,0,20.7
2015,3,19,5,0,20.7
2015,3,19,6,68,21.4
2015,3,19,7,273,22.6
2015,3,19,8,485,23.7
2015,3,19,9,668,24.2
2015,3,19,10,804,25.5
2015,3,19,11,876,26.1
2015,3,19,12,879,26.4
2015,3,19,13,815,26.6
2015,3,19,14,688,26.5
2015,3,19,15,509,26.1
2015,3,19,16,298,25.2
2015,3,19,17,88,23.9
2015,3,19,18,0,22.9
2015,3,19,19,0,22.4
2015,3,19,20,0,22.2
2015,3,19,21,0,22
2015,3,19,22,0,21.9
2015,3,19,23,0,21.8
2015,3,20,0,0,21.6
2015,3,20,1,0,21.3
2015,3,20,2,0,21
2015,3,20,3,0,20.7
2015,3,20,4,0,20.4
2015,3,20,5,0,20.5
2015,3,20,6,68,21.2
2015,3,20,7,272,22.6
2015,3,20,8,480,24.6
2015,3,20,9,656,25.9
2015,3,20,10,781,28.6
2015,3,20,11,844,28.7
2015,3,20,12,341,27.7
2015,3,20,13,49,26.3
2015,3,20,14,353,24.8
2015,3,20,15,41,23.5
2015,3,20,16,246,22.4
2015,3,20,17,6,21.4
2015,3,20,18,0,20.9
2015,3,20,19,0,20.6
2015,3,20,20,0,20.4
2015,3,20,21,0,20.2
2015,3,20,22,0,20.1
2015,3,20,23,0,19.9
2015,3,21,0,0,19.9
2015,3,21,1,0,20
2015,3,21,2,0,20.2
2015,3,21,3,0,20.3
2015,3,21,4,0,20.4
2015,3,21,5,0,20.5
2015,3,21,6,5,20.8
2015,3,21,7,251,21.2
2015,3,21,8,37,21.5
2015,3,21,9,638,21.7
2015,3,21,10,777,22
2015,3,21,11,149,22.2
2015,3,21,12,169,22.3
2015,3,21,13,375,22.2
2015,3,21,14,386,22.1
2015,3,21,15,372,21.9
2015,3,21,16,102,21.6
2015,3,21,17,74,21.3
2015,3,21,18,0,21.1
2015,3,21,19,0,21
2015,3,21,20,0,20.9
2015,3,21,21,0,20.7
2015,3,21,22,0,20.6
2015,3,21,23,0,20.4
2015,3,22,0,0,20.3
2015,3,22,1,0,20.4
2015,3,22,2,0,20.5
2015,3,22,3,0,20.6
2015,3,22,4,0,20.7
2015,3,22,5,0,20.9
2015,3,22,6,5,21.4
2015,3,22,7,248,22
2015,3,22,8,36,22.6
2015,3,22,9,168,22.8
2015,3,22,10,480,23.4
2015,3,22,11,369,23.7
2015,3,22,12,280,23.8
2015,3,22,13,769,23.7
2015,3,22,14,646,23.5
2015,3,22,15,202,23.2
2015,3,22,16,70,22.8
2015,3,22,17,16,22.3
2015,3,22,18,0,21.9
2015,3,22,19,0,21.7
2015,3,22,20,0,21.5
2015,3,22,21,0,21.4
2015,3,22,22,0,21.3
2015,3,22,23,0,21.1
2015,3,23,0,0,20.9
2015,3,23,1,0,20.7
2015,3,23,2,0,20.6
2015,3,23,3,0,20.5
2015,3,23,4,0,20.4
2015,3,23,5,0,20.5
2015,3,23,6,59,21.1
2015,3,23,7,258,22.1
2015,3,23,8,465,23.1
2015,3,23,9,643,23.7
2015,3,23,10,778,25.1
2015,3,23,11,847,25.9
2015,3,23,12,847,26.4
2015,3,23,13,779,26.6
2015,3,23,14,431,26.6
2015,3,23,15,377,26.1
2015,3,23,16,268,25.1
2015,3,23,17,51,23.9
2015,3,23,18,0,23.2
2015,3,23,19,0,23
2015,3,23,20,0,22.9
2015,3,23,21,0,22.7
2015,3,23,22,0,22.4
2015,3,23,23,0,22.1
2015,3,24,0,0,21.8
2015,3,24,1,0,21.4
2015,3,24,2,0,21.1
2015,3,24,3,0,20.9
2015,3,24,4,0,20.7
2015,3,24,5,0,20.7
2015,3,24,6,26,21.1
2015,3,24,7,17,22
2015,3,24,8,238,23
2015,3,24,9,488,23.5
2015,3,24,10,535,24.9
2015,3,24,11,87,25.3
2015,3,24,12,57,25.1
2015,3,24,13,155,24.7
2015,3,24,14,132,23.9
2015,3,24,15,132,22.8
2015,3,24,16,34,21.8
2015,3,24,17,8,21.1
2015,3,24,18,0,20.6
2015,3,24,19,0,20.4
2015,3,24,20,0,20.3
2015,3,24,21,0,20.2
2015,3,24,22,0,20
2015,3,24,23,0,19.8
2015,3,25,0,0,19.5
2015,3,25,1,0,19.1
2015,3,25,2,0,18.6
2015,3,25,3,0,18.3
2015,3,25,4,0,18
2015,3,25,5,0,18
2015,3,25,6,56,18.3
2015,3,25,7,257,19.1
2015,3,25,8,466,20
2015,3,25,9,645,20.4
2015,3,25,10,773,21.5
2015,3,25,11,841,22
2015,3,25,12,840,22.3
2015,3,25,13,774,22.4
2015,3,25,14,642,22.2
2015,3,25,15,464,21.8
2015,3,25,16,258,21.3
2015,3,25,17,61,20.7
2015,3,25,18,0,20.2
2015,3,25,19,0,20
2015,3,25,20,0,19.9
2015,3,25,21,0,19.8
2015,3,25,22,0,19.7
2015,3,25,23,0,19.5
2015,3,26,0,0,19.4
2015,3,26,1,0,19.3
2015,3,26,2,0,19.1
2015,3,26,3,0,18.8
2015,3,26,4,0,18.6
2015,3,26,5,0,18.5
2015,3,26,6,53,19.1
2015,3,26,7,247,20.5
2015,3,26,8,453,21.9
2015,3,26,9,633,22.6
2015,3,26,10,772,24.1
2015,3,26,11,845,24.9
2015,3,26,12,850,25.6
2015,3,26,13,788,26
2015,3,26,14,662,26
2015,3,26,15,462,25.7
2015,3,26,16,269,24.8
2015,3,26,17,61,23.4
2015,3,26,18,0,22
2015,3,26,19,0,21.2
2015,3,26,20,0,20.6
2015,3,26,21,0,19.8
2015,3,26,22,0,18.9
2015,3,26,23,0,18.2
2015,3,27,0,0,17.5
2015,3,27,1,0,17
2015,3,27,2,0,16.5
2015,3,27,3,0,16.1
2015,3,27,4,0,15.7
2015,3,27,5,0,15.6
2015,3,27,6,60,16.3
2015,3,27,7,269,17.5
2015,3,27,8,486,18.8
2015,3,27,9,671,19.4
2015,3,27,10,804,21.7
2015,3,27,11,873,23.1
2015,3,27,12,874,24.2
2015,3,27,13,803,24.8
2015,3,27,14,671,25.1
2015,3,27,15,487,25
2015,3,27,16,271,24.1
2015,3,27,17,61,22.8
2015,3,27,18,0,21.8
2015,3,27,19,0,20.8
2015,3,27,20,0,19.9
2015,3,27,21,0,19.1
2015,3,27,22,0,18.5
2015,3,27,23,0,18
2015,3,28,0,0,17.6
2015,3,28,1,0,17.3
2015,3,28,2,0,17.1
2015,3,28,3,0,17
2015,3,28,4,0,17
2015,3,28,5,0,17.1
2015,3,28,6,52,18
2015,3,28,7,250,19.4
2015,3,28,8,459,20.6
2015,3,28,9,639,21.1
2015,3,28,10,777,21.8
2015,3,28,11,844,22.2
2015,3,28,12,844,22.4
2015,3,28,13,779,22.3
2015,3,28,14,647,22
2015,3,28,15,465,21.4
2015,3,28,16,257,20.6
2015,3,28,17,55,19.6
2015,3,28,18,0,19
2015,3,28,19,0,18.7
2015,3,28,20,0,18.6
2015,3,28,21,0,18.5
2015,3,28,22,0,18.5
2015,3,28,23,0,18.6
2015,3,29,0,0,18.8
2015,3,29,1,0,18.7
2015,3,29,2,0,18.6
2015,3,29,3,0,18.5
2015,3,29,4,0,18.3
2015,3,29,5,0,18.3
2015,3,29,6,37,18.8
2015,3,29,7,187,20
2015,3,29,8,325,21.2
2015,3,29,9,633,21.7
2015,3,29,10,759,23.1
2015,3,29,11,825,23.9
2015,3,29,12,822,24.5
2015,3,29,13,464,24.8
2015,3,29,14,561,24.7
2015,3,29,15,346,24.2
2015,3,29,16,242,23.1
2015,3,29,17,48,21.9
2015,3,29,18,0,21.2
2015,3,29,19,0,20.9
2015,3,29,20,0,20.9
2015,3,29,21,0,20.9
2015,3,29,22,0,20.9
2015,3,29,23,0,20.9
2015,3,30,0,0,20.8
2015,3,30,1,0,20.7
2015,3,30,2,0,20.6
2015,3,30,3,0,20.6
2015,3,30,4,0,20.5
2015,3,30,5,0,20.2
2015,3,30,6,6,19.9
2015,3,30,7,15,19.8
2015,3,30,8,133,20
2015,3,30,9,32,20.2
2015,3,30,10,45,22.4
2015,3,30,11,107,23.5
2015,3,30,12,621,23.8
2015,3,30,13,559,23.7
2015,3,30,14,373,23.4
2015,3,30,15,370,22.8
2015,3,30,16,65,21.9
2015,3,30,17,14,21.1
2015,3,30,18,0,20.7
2015,3,30,19,0,20.6
2015,3,30,20,0,20.7
2015,3,30,21,0,20.7
2015,3,30,22,0,20.8
2015,3,30,23,0,20.7
2015,3,31,0,0,20.6
2015,3,31,1,0,20.3
2015,3,31,2,0,20
2015,3,31,3,0,19.8
2015,3,31,4,0,19.7
2015,3,31,5,0,19.7
2015,3,31,6,7,20.4
2015,3,31,7,38,21.2
2015,3,31,8,176,21.9
2015,3,31,9,30,22.3
2015,3,31,10,44,23.3
2015,3,31,11,320,23.6
2015,3,31,12,456,23.6
2015,3,31,13,732,23.5
2015,3,31,14,606,23.3
2015,3,31,15,432,23
2015,3,31,16,230,22.4
2015,3,31,17,41,21.7
2015,3,31,18,0,21.3
2015,3,31,19,0,21.1
2015,3,31,20,0,20.9
2015,3,31,21,0,20.7
2015,3,31,22,0,20.6
2015,3,31,23,0,20.5
2015,4,1,0,0,20.6
2015,4,1,1,0,20.6
2015,4,1,2,0,20.5
2015,4,1,3,0,20.4
2015,4,1,4,0,20.2
2015,4,1,5,0,20.2
2015,4,1,6,42,20.8
2015,4,1,7,229,21.4
2015,4,1,8,430,21.9
2015,4,1,9,603,22.2
2015,4,1,10,728,23.9
2015,4,1,11,790,24.7
2015,4,1,12,787,25.1
2015,4,1,13,719,25.2
2015,4,1,14,590,25.1
2015,4,1,15,416,24.8
2015,4,1,16,216,24.1
2015,4,1,17,17,23.2
2015,4,1,18,0,22.6
2015,4,1,19,0,22.3
2015,4,1,20,0,22.1
2015,4,1,21,0,22
2015,4,1,22,0,21.7
2015,4,1,23,0,21.4
2015,4,2,0,0,21
2015,4,2,1,0,20.6
2015,4,2,2,0,20.2
2015,4,2,3,0,19.9
2015,4,2,4,0,19.7
2015,4,2,5,0,19.6
2015,4,2,6,18,20.1
2015,4,2,7,96,21.2
2015,4,2,8,277,22.8
2015,4,2,9,481,23.7
2015,4,2,10,440,25.8
2015,4,2,11,516,26.5
2015,4,2,12,461,26.9
2015,4,2,13,476,27.1
2015,4,2,14,466,26.9
2015,4,2,15,345,26.2
2015,4,2,16,96,25.2
2015,4,2,17,16,24.3
2015,4,2,18,0,23.7
2015,4,2,19,0,23.1
2015,4,2,20,0,22.5
2015,4,2,21,0,21.9
2015,4,2,22,0,21.4
2015,4,2,23,0,20.8
2015,4,3,0,0,20.2
2015,4,3,1,0,19.7
2015,4,3,2,0,19.5
2015,4,3,3,0,19.3
2015,4,3,4,0,19.1
2015,4,3,5,0,19
2015,4,3,6,4,19
2015,4,3,7,10,19.1
2015,4,3,8,17,19.2
2015,4,3,9,28,19.3
2015,4,3,10,46,19.7
2015,4,3,11,219,20.1
2015,4,3,12,206,20.5
2015,4,3,13,226,20.6
2015,4,3,14,217,20.4
2015,4,3,15,239,20
2015,4,3,16,110,19.6
2015,4,3,17,17,19.3
2015,4,3,18,0,19.3
2015,4,3,19,0,19.3
2015,4,3,20,0,19.4
2015,4,3,21,0,19.3
2015,4,3,22,0,19.2
2015,4,3,23,0,19
2015,4,4,0,0,18.9
2015,4,4,1,0,18.9
2015,4,4,2,0,18.8
2015,4,4,3,0,18.8
2015,4,4,4,0,18.8
2015,4,4,5,0,18.9
2015,4,4,6,3,18.9
2015,4,4,7,8,19
2015,4,4,8,16,19.1
2015,4,4,9,77,19.2
2015,4,4,10,51,19.2
2015,4,4,11,131,19.2
2015,4,4,12,146,19.1
2015,4,4,13,105,18.9
2015,4,4,14,89,18.8
2015,4,4,15,117,18.7
2015,4,4,16,52,18.6
2015,4,4,17,9,18.5
2015,4,4,18,0,18.4
2015,4,4,19,0,18.4
2015,4,4,20,0,18.4
2015,4,4,21,0,18.3
2015,4,4,22,0,18.2
2015,4,4,23,0,18
2015,4,5,0,0,17.9
2015,4,5,1,0,17.9
2015,4,5,2,0,17.9
2015,4,5,3,0,17.9
2015,4,5,4,0,17.9
2015,4,5,5,0,17.9
2015,4,5,6,19,18.2
2015,4,5,7,136,18.7
2015,4,5,8,329,19.6
2015,4,5,9,585,20
2015,4,5,10,712,21.3
2015,4,5,11,776,22.1
2015,4,5,12,778,22.6
2015,4,5,13,713,22.9
2015,4,5,14,504,22.9
2015,4,5,15,315,22.5
2015,4,5,16,204,21.5
2015,4,5,17,25,20.3
2015,4,5,18,0,19.7
2015,4,5,19,0,19.5
2015,4,5,20,0,19.5
2015,4,5,21,0,19.4
2015,4,5,22,0,19.1
2015,4,5,23,0,18.8
2015,4,6,0,0,18.5
2015,4,6,1,0,18.1
2015,4,6,2,0,17.7
2015,4,6,3,0,17.2
2015,4,6,4,0,16.7
2015,4,6,5,0,16.4
2015,4,6,6,35,16.5
2015,4,6,7,223,17.5
2015,4,6,8,425,19.4
2015,4,6,9,598,20.7
2015,4,6,10,720,23.2
2015,4,6,11,781,23.9
2015,4,6,12,546,24.1
2015,4,6,13,299,24
2015,4,6,14,28,23.6
2015,4,6,15,128,22.9
2015,4,6,16,56,21.7
2015,4,6,17,8,20.6
2015,4,6,18,0,20
2015,4,6,19,0,19.8
2015,4,6,20,0,19.6
2015,4,6,21,0,19.5
2015,4,6,22,0,19.5
2015,4,6,23,0,19.4
2015,4,7,0,0,19.3
2015,4,7,1,0,19.2
2015,4,7,2,0,19.2
2015,4,7,3,0,19.1
2015,4,7,4,0,19
2015,4,7,5,0,18.8
2015,4,7,6,29,18.8
2015,4,7,7,20,19.2
2015,4,7,8,267,19.7
2015,4,7,9,582,20
2015,4,7,10,717,21.1
2015,4,7,11,779,21.6
2015,4,7,12,353,21.9
2015,4,7,13,545,22
2015,4,7,14,576,21.8
2015,4,7,15,400,21
2015,4,7,16,200,19.7
2015,4,7,17,23,17.9
2015,4,7,18,0,16.4
2015,4,7,19,0,15.5
2015,4,7,20,0,15.1
2015,4,7,21,0,14.8
2015,4,7,22,0,14.6
2015,4,7,23,0,14.4
2015,4,8,0,0,14.4
2015,4,8,1,0,14.5
2015,4,8,2,0,14.9
2015,4,8,3,0,15.2
2015,4,8,4,0,15.5
2015,4,8,5,0,15.7
2015,4,8,6,16,16.1
2015,4,8,7,47,16.8
2015,4,8,8,412,17.7
2015,4,8,9,581,18.2
2015,4,8,10,697,19.5
2015,4,8,11,505,20.2
2015,4,8,12,254,20.8
2015,4,8,13,187,21.2
2015,4,8,14,324,21.4
2015,4,8,15,331,21.2
2015,4,8,16,155,20.9
2015,4,8,17,14,20.4
2015,4,8,18,0,20
2015,4,8,19,0,19.7
2015,4,8,20,0,19.4
2015,4,8,21,0,19
2015,4,8,22,0,18.7
2015,4,8,23,0,18.4
2015,4,9,0,0,18.1
2015,4,9,1,0,17.9
2015,4,9,2,0,17.8
2015,4,9,3,0,17.7
2015,4,9,4,0,17.5
2015,4,9,5,0,17.4
2015,4,9,6,26,17.7
2015,4,9,7,199,18.3
2015,4,9,8,389,19
2015,4,9,9,216,19.2
2015,4,9,10,296,19.8
2015,4,9,11,192,20.1
2015,4,9,12,292,20.4
2015,4,9,13,692,20.6
2015,4,9,14,561,20.6
2015,4,9,15,382,20.3
2015,4,9,16,181,19.7
2015,4,9,17,15,19.1
2015,4,9,18,0,18.8
2015,4,9,19,0,18.7
2015,4,9,20,0,18.6
2015,4,9,21,0,18.5
2015,4,9,22,0,18.4
2015,4,9,23,0,18.1
2015,4,10,0,0,17.6
2015,4,10,1,0,17.2
2015,4,10,2,0,16.9
2015,4,10,3,0,16.8
2015,4,10,4,0,16.7
2015,4,10,5,0,16.7
2015,4,10,6,24,17.1
2015,4,10,7,140,17.7
2015,4,10,8,137,18.4
2015,4,10,9,303,18.7
2015,4,10,10,686,19.6
2015,4,10,11,514,19.8
2015,4,10,12,741,19.9
2015,4,10,13,680,20
2015,4,10,14,553,20
2015,4,10,15,379,19.8
2015,4,10,16,93,19.3
2015,4,10,17,15,18.9
2015,4,10,18,0,18.5
2015,4,10,19,0,18.2
2015,4,10,20,0,17.9
2015,4,10,21,0,17.8
2015,4,10,22,0,17.6
2015,4,10,23,0,17.5
2015,4,11,0,0,17.4
2015,4,11,1,0,17.3
2015,4,11,2,0,17.2
2015,4,11,3,0,17.3
2015,4,11,4,0,17.4
2015,4,11,5,0,17.5
2015,4,11,6,11,17.9
2015,4,11,7,106,18.4
2015,4,11,8,399,18.8
2015,4,11,9,366,19.1
2015,4,11,10,683,20.2
2015,4,11,11,745,20.7
2015,4,11,12,356,21.1
2015,4,11,13,679,21.4
2015,4,11,14,549,21.4
2015,4,11,15,375,21.2
2015,4,11,16,177,20.4
2015,4,11,17,13,19.5
2015,4,11,18,0,18.8
2015,4,11,19,0,18.5
2015,4,11,20,0,18.3
2015,4,11,21,0,18
2015,4,11,22,0,17.8
2015,4,11,23,0,17.5
2015,4,12,0,0,17.2
2015,4,12,1,0,16.9
2015,4,12,2,0,16.7
2015,4,12,3,0,16.5
2015,4,12,4,0,16.3
2015,4,12,5,0,16.1
2015,4,12,6,25,16.3
2015,4,12,7,87,17.5
2015,4,12,8,194,19.4
2015,4,12,9,368,20.4
2015,4,12,10,553,21.3
2015,4,12,11,490,21.2
2015,4,12,12,608,20.9
2015,4,12,13,540,20.6
2015,4,12,14,316,20.3
2015,4,12,15,241,20
2015,4,12,16,82,19.6
2015,4,12,17,0,19.2
2015,4,12,18,0,19
2015,4,12,19,0,18.8
2015,4,12,20,0,18.7
2015,4,12,21,0,18.5
2015,4,12,22,0,18.4
2015,4,12,23,0,18.4
2015,4,13,0,0,18.3
2015,4,13,1,0,18
2015,4,13,2,0,17.7
2015,4,13,3,0,17.5
2015,4,13,4,0,17.4
2015,4,13,5,0,17.3
2015,4,13,6,10,17.5
2015,4,13,7,191,18
2015,4,13,8,388,18.5
2015,4,13,9,558,18.8
2015,4,13,10,471,19.4
2015,4,13,11,746,19.8
2015,4,13,12,741,20
2015,4,13,13,670,20
2015,4,13,14,541,19.8
2015,4,13,15,366,19.5
2015,4,13,16,164,18.9
2015,4,13,17,0,18.2
2015,4,13,18,0,17.8
2015,4,13,19,0,17.6
2015,4,13,20,0,17.4
2015,4,13,21,0,17.3
2015,4,13,22,0,17.2
2015,4,13,23,0,17.1
2015,4,14,0,0,17.1
2015,4,14,1,0,17
2015,4,14,2,0,16.9
2015,4,14,3,0,16.8
2015,4,14,4,0,16.7
2015,4,14,5,0,16.7
2015,4,14,6,22,17.1
2015,4,14,7,107,17.9
2015,4,14,8,392,18.8
2015,4,14,9,529,19.2
2015,4,14,10,681,20.3
2015,4,14,11,740,20.9
2015,4,14,12,735,21.4
2015,4,14,13,667,21.7
2015,4,14,14,536,21.6
2015,4,14,15,217,21.2
2015,4,14,16,86,20.4
2015,4,14,17,0,19.5
2015,4,14,18,0,19
2015,4,14,19,0,18.7
2015,4,14,20,0,18.5
2015,4,14,21,0,18.4
2015,4,14,22,0,18.3
2015,4,14,23,0,18.2
2015,4,15,0,0,18.1
2015,4,15,1,0,17.9
2015,4,15,2,0,17.6
2015,4,15,3,0,17.2
2015,4,15,4,0,16.8
2015,4,15,5,0,16.5
2015,4,15,6,9,16.9
2015,4,15,7,113,18.1
2015,4,15,8,254,19.7
2015,4,15,9,544,20.6
2015,4,15,10,664,22.6
2015,4,15,11,723,23.5
2015,4,15,12,719,24
2015,4,15,13,648,24.3
2015,4,15,14,521,24.2
2015,4,15,15,348,23.6
2015,4,15,16,157,22.2
2015,4,15,17,0,20.8
2015,4,15,18,0,20.2
2015,4,15,19,0,19.9
2015,4,15,20,0,19.6
2015,4,15,21,0,19.5
2015,4,15,22,0,19.5
2015,4,15,23,0,19.4
2015,4,16,0,0,19.2
2015,4,16,1,0,18.8
2015,4,16,2,0,18.5
2015,4,16,3,0,18.2
2015,4,16,4,0,17.9
2015,4,16,5,0,17.7
2015,4,16,6,9,18.1
2015,4,16,7,182,19.3
2015,4,16,8,370,21.1
2015,4,16,9,532,22.2
2015,4,16,10,653,25.2
2015,4,16,11,643,27
2015,4,16,12,305,28.4
2015,4,16,13,629,28.8
2015,4,16,14,285,27.9
2015,4,16,15,295,26.2
2015,4,16,16,139,24.3
2015,4,16,17,0,22.6
2015,4,16,18,0,21.6
2015,4,16,19,0,21
2015,4,16,20,0,20.6
2015,4,16,21,0,20.3
2015,4,16,22,0,20.1
2015,4,16,23,0,19.9
2015,4,17,0,0,19.8
2015,4,17,1,0,19.8
2015,4,17,2,0,19.7
2015,4,17,3,0,19.6
2015,4,17,4,0,19.6
2015,4,17,5,0,19.7
2015,4,17,6,2,19.9
2015,4,17,7,11,20.2
2015,4,17,8,26,20.4
2015,4,17,9,24,20.5
2015,4,17,10,105,20.9
2015,4,17,11,40,21.4
2015,4,17,12,225,21.7
2015,4,17,13,173,21.8
2015,4,17,14,158,21.7
2015,4,17,15,163,21.4
2015,4,17,16,64,21
2015,4,17,17,0,20.7
2015,4,17,18,0,20.5
2015,4,17,19,0,20.4
2015,4,17,20,0,20.3
2015,4,17,21,0,20.2
2015,4,17,22,0,20.2
2015,4,17,23,0,20.1
2015,4,18,0,0,20
2015,4,18,1,0,19.9
2015,4,18,2,0,19.8
2015,4,18,3,0,19.7
2015,4,18,4,0,19.6
2015,4,18,5,0,19.6
2015,4,18,6,15,19.9
2015,4,18,7,130,20.8
2015,4,18,8,280,21.8
2015,4,18,9,414,22.3
2015,4,18,10,427,23.5
2015,4,18,11,559,24.1
2015,4,18,12,541,24.4
2015,4,18,13,418,24.6
2015,4,18,14,304,24.5
2015,4,18,15,235,24.1
2015,4,18,16,94,23.4
2015,4,18,17,0,22.8
2015,4,18,18,0,22.2
2015,4,18,19,0,21.7
2015,4,18,20,0,21.3
2015,4,18,21,0,20.9
2015,4,18,22,0,20.8
2015,4,18,23,0,20.7
2015,4,19,0,0,20.5
2015,4,19,1,0,20.2
2015,4,19,2,0,20
2015,4,19,3,0,19.8
2015,4,19,4,0,19.6
2015,4,19,5,0,19.5
2015,4,19,6,14,19.4
2015,4,19,7,119,19.4
2015,4,19,8,361,19.6
2015,4,19,9,522,19.8
2015,4,19,10,643,20.5
2015,4,19,11,701,20.8
2015,4,19,12,690,20.7
2015,4,19,13,422,20.1
2015,4,19,14,238,19.4
2015,4,19,15,119,18.9
2015,4,19,16,42,18.3
2015,4,19,17,0,17.7
2015,4,19,18,0,17
2015,4,19,19,0,16.4
2015,4,19,20,0,16
2015,4,19,21,0,15.8
2015,4,19,22,0,15.7
2015,4,19,23,0,15.8
2015,4,20,0,0,16
2015,4,20,1,0,16.1
2015,4,20,2,0,16.1
2015,4,20,3,0,16.3
2015,4,20,4,0,16.5
2015,4,20,5,0,16.7
2015,4,20,6,4,17
2015,4,20,7,8,17.3
2015,4,20,8,16,17.5
2015,4,20,9,71,17.6
2015,4,20,10,39,17.9
2015,4,20,11,185,18.1
2015,4,20,12,43,18.3
2015,4,20,13,157,18.4
2015,4,20,14,167,18.4
2015,4,20,15,25,18.3
2015,4,20,16,11,18.2
2015,4,20,17,0,18
2015,4,20,18,0,17.9
2015,4,20,19,0,17.8
2015,4,20,20,0,17.7
2015,4,20,21,0,17.6
2015,4,20,22,0,17.5
2015,4,20,23,0,17.4
2015,4,21,0,0,17.3
2015,4,21,1,0,17.2
2015,4,21,2,0,17
2015,4,21,3,0,16.7
2015,4,21,4,0,16.5
2015,4,21,5,0,16.4
2015,4,21,6,4,16.3
2015,4,21,7,31,16.2
2015,4,21,8,70,16.2
2015,4,21,9,277,16.2
2015,4,21,10,32,16.5
2015,4,21,11,30,16.7
2015,4,21,12,361,16.8
2015,4,21,13,163,16.7
2015,4,21,14,59,16.7
2015,4,21,15,102,16.5
2015,4,21,16,39,16.4
2015,4,21,17,0,16.3
2015,4,21,18,0,16.2
2015,4,21,19,0,16.3
2015,4,21,20,0,16.4
2015,4,21,21,0,16.5
2015,4,21,22,0,16.7
2015,4,21,23,0,16.8
2015,4,22,0,0,16.9
2015,4,22,1,0,17.1
2015,4,22,2,0,17.3
2015,4,22,3,0,17.8
2015,4,22,4,0,18.4
2015,4,22,5,0,19
2015,4,22,6,7,19.4
2015,4,22,7,26,19.7
2015,4,22,8,60,19.9
2015,4,22,9,20,19.9
2015,4,22,10,27,19.3
2015,4,22,11,163,19.2
2015,4,22,12,202,19.2
2015,4,22,13,482,19.4
2015,4,22,14,111,19.4
2015,4,22,15,294,19.3
2015,4,22,16,111,19.2
2015,4,22,17,0,19.1
2015,4,22,18,0,19
2015,4,22,19,0,19
2015,4,22,20,0,18.6
2015,4,22,21,0,17.9
2015,4,22,22,0,17.4
2015,4,22,23,0,17
2015,4,23,0,0,16.9
2015,4,23,1,0,16.9
2015,4,23,2,0,17
2015,4,23,3,0,17.1
2015,4,23,4,0,17.1
2015,4,23,5,0,17.1
2015,4,23,6,0,17.5
2015,4,23,7,118,18.2
2015,4,23,8,356,18.8
2015,4,23,9,410,19.1
2015,4,23,10,415,20
2015,4,23,11,561,20.5
2015,4,23,12,523,20.7
2015,4,23,13,614,20.7
2015,4,23,14,488,20.6
2015,4,23,15,207,20.2
2015,4,23,16,130,19.5
2015,4,23,17,0,18.9
2015,4,23,18,0,18.7
2015,4,23,19,0,18.6
2015,4,23,20,0,18.4
2015,4,23,21,0,18.1
2015,4,23,22,0,17.8
2015,4,23,23,0,17.4
2015,4,24,0,0,17.2
2015,4,24,1,0,17.1
2015,4,24,2,0,16.9
2015,4,24,3,0,16.6
2015,4,24,4,0,16.4
2015,4,24,5,0,16.2
2015,4,24,6,0,16.4
2015,4,24,7,157,17.1
2015,4,24,8,285,18
2015,4,24,9,307,18.6
2015,4,24,10,620,20.1
2015,4,24,11,677,21
2015,4,24,12,669,21.7
2015,4,24,13,536,22
2015,4,24,14,469,22.1
2015,4,24,15,223,22
2015,4,24,16,119,21.5
2015,4,24,17,0,21
2015,4,24,18,0,20.4
2015,4,24,19,0,19.9
2015,4,24,20,0,19.5
2015,4,24,21,0,19
2015,4,24,22,0,18.5
2015,4,24,23,0,17.9
2015,4,25,0,0,17.3
2015,4,25,1,0,16.8
2015,4,25,2,0,16.4
2015,4,25,3,0,16
2015,4,25,4,0,15.7
2015,4,25,5,0,15.4
2015,4,25,6,0,15.6
2015,4,25,7,47,16.3
2015,4,25,8,349,17.5
2015,4,25,9,511,18.3
2015,4,25,10,630,20.3
2015,4,25,11,686,20.8
2015,4,25,12,675,21.1
2015,4,25,13,605,21
2015,4,25,14,474,20.8
2015,4,25,15,97,20.2
2015,4,25,16,35,19.4
2015,4,25,17,0,18.7
2015,4,25,18,0,18.3
2015,4,25,19,0,18.1
2015,4,25,20,0,17.9
2015,4,25,21,0,17.5
2015,4,25,22,0,16.8
2015,4,25,23,0,16.3
2015,4,26,0,0,15.9
2015,4,26,1,0,15.7
2015,4,26,2,0,15.5
2015,4,26,3,0,15.2
2015,4,26,4,0,14.9
2015,4,26,5,0,14.8
2015,4,26,6,0,15
2015,4,26,7,22,15.3
2015,4,26,8,50,15.5
2015,4,26,9,117,15.7
2015,4,26,10,158,16.2
2015,4,26,11,45,16.6
2015,4,26,12,43,16.9
2015,4,26,13,68,17.3
2015,4,26,14,41,17.6
2015,4,26,15,205,17.7
2015,4,26,16,75,17.5
2015,4,26,17,0,17
2015,4,26,18,0,16.7
2015,4,26,19,0,16.5
2015,4,26,20,0,16.3
2015,4,26,21,0,16.1
2015,4,26,22,0,15.9
2015,4,26,23,0,15.7
2015,4,27,0,0,15.4
2015,4,27,1,0,15.2
2015,4,27,2,0,14.9
2015,4,27,3,0,14.7
2015,4,27,4,0,14.5
2015,4,27,5,0,14.2
2015,4,27,6,0,14.2
2015,4,27,7,167,14.8
2015,4,27,8,361,15.5
2015,4,27,9,527,15.9
2015,4,27,10,641,16.8
2015,4,27,11,696,17.2
2015,4,27,12,688,17.5
2015,4,27,13,614,17.6
2015,4,27,14,485,17.6
2015,4,27,15,311,17.4
2015,4,27,16,118,16.8
2015,4,27,17,0,16.2
2015,4,27,18,0,16.1
2015,4,27,19,0,16
2015,4,27,20,0,15.9
2015,4,27,21,0,15.8
2015,4,27,22,0,15.6
2015,4,27,23,0,15.4
2015,4,28,0,0,15.2
2015,4,28,1,0,14.9
2015,4,28,2,0,14.6
2015,4,28,3,0,14.3
2015,4,28,4,0,14
2015,4,28,5,0,13.9
2015,4,28,6,0,14.2
2015,4,28,7,67,15.1
2015,4,28,8,344,16.1
2015,4,28,9,506,16.6
2015,4,28,10,622,17.7
2015,4,28,11,679,18.1
2015,4,28,12,671,18.3
2015,4,28,13,600,18.4
2015,4,28,14,470,18.4
2015,4,28,15,300,18.1
2015,4,28,16,111,17.5
2015,4,28,17,0,17
2015,4,28,18,0,16.9
2015,4,28,19,0,16.8
2015,4,28,20,0,16.6
2015,4,28,21,0,16.5
2015,4,28,22,0,16.4
2015,4,28,23,0,16.3
2015,4,29,0,0,16.1
2015,4,29,1,0,15.9
2015,4,29,2,0,15.6
2015,4,29,3,0,15.4
2015,4,29,4,0,15.2
2015,4,29,5,0,15
2015,4,29,6,0,15.3
2015,4,29,7,65,16.3
2015,4,29,8,168,17.4
2015,4,29,9,210,18
2015,4,29,10,253,18.8
2015,4,29,11,217,19.1
2015,4,29,12,181,19.1
2015,4,29,13,260,18.9
2015,4,29,14,183,18.6
2015,4,29,15,63,18.2
2015,4,29,16,23,17.6
2015,4,29,17,0,17.1
2015,4,29,18,0,17
2015,4,29,19,0,17
2015,4,29,20,0,17
2015,4,29,21,0,16.9
2015,4,29,22,0,16.9
2015,4,29,23,0,16.9
2015,4,30,0,0,16.8
2015,4,30,1,0,16.8
2015,4,30,2,0,16.7
2015,4,30,3,0,16.7
2015,4,30,4,0,16.7
2015,4,30,5,0,16.7
2015,4,30,6,0,17
2015,4,30,7,7,17.8
2015,4,30,8,14,18.4
2015,4,30,9,60,18.6
2015,4,30,10,52,19
2015,4,30,11,467,19.1
2015,4,30,12,174,19.1
2015,4,30,13,480,19
2015,4,30,14,380,18.9
2015,4,30,15,134,18.6
2015,4,30,16,40,18.1
2015,4,30,17,0,17.7
2015,4,30,18,0,17.7
2015,4,30,19,0,17.8
2015,4,30,20,0,17.9
2015,4,30,21,0,17.9
2015,4,30,22,0,18
2015,4,30,23,0,17.9
2015,5,1,0,0,17.9
2015,5,1,1,0,17.8
2015,5,1,2,0,17.8
2015,5,1,3,0,17.9
2015,5,1,4,0,17.8
2015,5,1,5,0,17.7
2015,5,1,6,0,17.8
2015,5,1,7,6,18.1
2015,5,1,8,11,18.4
2015,5,1,9,120,18.5
2015,5,1,10,374,18.5
2015,5,1,11,168,18.4
2015,5,1,12,449,18.3
2015,5,1,13,267,18.5
2015,5,1,14,236,18.7
2015,5,1,15,147,18.8
2015,5,1,16,56,18.7
2015,5,1,17,0,18.7
2015,5,1,18,0,18.8
2015,5,1,19,0,18.8
2015,5,1,20,0,18.8
2015,5,1,21,0,18.8
2015,5,1,22,0,18.7
2015,5,1,23,0,18.7
2015,5,2,0,0,18.6
2015,5,2,1,0,18.7
2015,5,2,2,0,18.8
2015,5,2,3,0,18.9
2015,5,2,4,0,18.9
2015,5,2,5,0,19
2015,5,2,6,0,19.4
2015,5,2,7,67,20.1
2015,5,2,8,219,20.7
2015,5,2,9,458,21
2015,5,2,10,391,21.5
2015,5,2,11,440,21.7
2015,5,2,12,340,21.6
2015,5,2,13,257,21.4
2015,5,2,14,103,21.1
2015,5,2,15,141,20.7
2015,5,2,16,45,20.2
2015,5,2,17,0,19.8
2015,5,2,18,0,19.6
2015,5,2,19,0,19.5
2015,5,2,20,0,19.3
2015,5,2,21,0,19.2
2015,5,2,22,0,19.2
2015,5,2,23,0,19.3
2015,5,3,0,0,19.3
2015,5,3,1,0,19.3
2015,5,3,2,0,19.2
2015,5,3,3,0,19.2
2015,5,3,4,0,19.2
2015,5,3,5,0,19.2
2015,5,3,6,0,19.5
2015,5,3,7,6,19.9
2015,5,3,8,11,20.2
2015,5,3,9,18,20.4
2015,5,3,10,54,20.7
2015,5,3,11,174,20.9
2015,5,3,12,175,21
2015,5,3,13,229,20.9
2015,5,3,14,255,20.7
2015,5,3,15,175,20.4
2015,5,3,16,52,20
2015,5,3,17,0,19.7
2015,5,3,18,0,19.6
2015,5,3,19,0,19.5
2015,5,3,20,0,19.5
2015,5,3,21,0,19.3
2015,5,3,22,0,19.2
2015,5,3,23,0,19.1
2015,5,4,0,0,18.9
2015,5,4,1,0,18.8
2015,5,4,2,0,18.6
2015,5,4,3,0,18.4
2015,5,4,4,0,18.2
2015,5,4,5,0,18
2015,5,4,6,0,17.9
2015,5,4,7,127,18.2
2015,5,4,8,302,18.6
2015,5,4,9,35,18.9
2015,5,4,10,562,19.8
2015,5,4,11,617,20.3
2015,5,4,12,612,20.5
2015,5,4,13,549,20.7
2015,5,4,14,426,20.6
2015,5,4,15,263,20.3
2015,5,4,16,87,19.7
2015,5,4,17,0,19.1
2015,5,4,18,0,18.8
2015,5,4,19,0,18.6
2015,5,4,20,0,18.3
2015,5,4,21,0,18
2015,5,4,22,0,17.8
2015,5,4,23,0,17.6
2015,5,5,0,0,17.4
2015,5,5,1,0,17.2
2015,5,5,2,0,17
2015,5,5,3,0,16.8
2015,5,5,4,0,16.5
2015,5,5,5,0,16.2
2015,5,5,6,0,16.2
2015,5,5,7,8,16.9
2015,5,5,8,319,18.1
2015,5,5,9,478,18.9
2015,5,5,10,593,20.8
2015,5,5,11,644,21.6
2015,5,5,12,629,22.2
2015,5,5,13,558,22.6
2015,5,5,14,429,22.6
2015,5,5,15,264,22.2
2015,5,5,16,86,21.5
2015,5,5,17,0,20.8
2015,5,5,18,0,20.4
2015,5,5,19,0,20
2015,5,5,20,0,19.4
2015,5,5,21,0,18.9
2015,5,5,22,0,18.3
2015,5,5,23,0,17.5
2015,5,6,0,0,16.8
2015,5,6,1,0,16.1
2015,5,6,2,0,15.5
2015,5,6,3,0,14.9
2015,5,6,4,0,14.3
2015,5,6,5,0,13.7
2015,5,6,6,0,13.6
2015,5,6,7,145,14
2015,5,6,8,336,14.7
2015,5,6,9,498,15
2015,5,6,10,610,16.1
2015,5,6,11,661,16.9
2015,5,6,12,649,17.6
2015,5,6,13,576,18.1
2015,5,6,14,446,18.3
2015,5,6,15,275,18
2015,5,6,16,89,17.2
2015,5,6,17,0,16.3
2015,5,6,18,0,15.7
2015,5,6,19,0,15.1
2015,5,6,20,0,14.7
2015,5,6,21,0,14.2
2015,5,6,22,0,13.8
2015,5,6,23,0,13.5
2015,5,7,0,0,13.3
2015,5,7,1,0,13.2
2015,5,7,2,0,13.2
2015,5,7,3,0,13.1
2015,5,7,4,0,13
2015,5,7,5,0,12.9
2015,5,7,6,0,13.2
2015,5,7,7,139,14.2
2015,5,7,8,327,15.3
2015,5,7,9,489,15.8
2015,5,7,10,601,16.9
2015,5,7,11,655,17.4
2015,5,7,12,643,17.8
2015,5,7,13,569,18.1
2015,5,7,14,441,18.1
2015,5,7,15,270,17.7
2015,5,7,16,86,16.8
2015,5,7,17,0,15.9
2015,5,7,18,0,15.3
2015,5,7,19,0,14.7
2015,5,7,20,0,14.3
2015,5,7,21,0,13.9
2015,5,7,22,0,13.6
2015,5,7,23,0,13.3
2015,5,8,0,0,13.2
2015,5,8,1,0,13.1
2015,5,8,2,0,13
2015,5,8,3,0,12.9
2015,5,8,4,0,12.8
2015,5,8,5,0,12.7
2015,5,8,6,0,12.9
2015,5,8,7,133,13.7
2015,5,8,8,316,14.8
2015,5,8,9,475,15.3
2015,5,8,10,587,16.5
2015,5,8,11,642,17.1
2015,5,8,12,633,17.5
2015,5,8,13,562,17.8
2015,5,8,14,434,17.9
2015,5,8,15,265,17.7
2015,5,8,16,83,17.3
2015,5,8,17,0,16.9
2015,5,8,18,0,16.5
2015,5,8,19,0,15.9
2015,5,8,20,0,15.1
2015,5,8,21,0,14.4
2015,5,8,22,0,13.8
2015,5,8,23,0,13.4
2015,5,9,0,0,13.1
2015,5,9,1,0,12.9
2015,5,9,2,0,12.7
2015,5,9,3,0,12.6
2015,5,9,4,0,12.5
2015,5,9,5,0,12.4
2015,5,9,6,0,12.7
2015,5,9,7,130,13.5
2015,5,9,8,312,14.6
2015,5,9,9,471,15.2
2015,5,9,10,582,16.7
2015,5,9,11,636,17.6
2015,5,9,12,626,18.3
2015,5,9,13,554,18.8
2015,5,9,14,428,19
2015,5,9,15,261,18.7
2015,5,9,16,79,17.7
2015,5,9,17,0,16.7
2015,5,9,18,0,16
2015,5,9,19,0,15.4
2015,5,9,20,0,14.9
2015,5,9,21,0,14.4
2015,5,9,22,0,14.1
2015,5,9,23,0,13.8
2015,5,10,0,0,13.6
2015,5,10,1,0,13.4
2015,5,10,2,0,13.4
2015,5,10,3,0,13.3
2015,5,10,4,0,13.1
2015,5,10,5,0,13
2015,5,10,6,0,13.2
2015,5,10,7,130,14.1
2015,5,10,8,314,15.2
2015,5,10,9,473,15.8
2015,5,10,10,497,17.4
2015,5,10,11,219,18.3
2015,5,10,12,364,18.8
2015,5,10,13,540,18.9
2015,5,10,14,415,19
2015,5,10,15,45,18.8
2015,5,10,16,12,18.2
2015,5,10,17,0,17.7
2015,5,10,18,0,17.3
2015,5,10,19,0,17
2015,5,10,20,0,16.7
2015,5,10,21,0,16.5
2015,5,10,22,0,16.4
2015,5,10,23,0,16.3
2015,5,11,0,0,16.2
2015,5,11,1,0,15.9
2015,5,11,2,0,15.6
2015,5,11,3,0,15.4
2015,5,11,4,0,15.2
2015,5,11,5,0,15
2015,5,11,6,0,15.1
2015,5,11,7,20,15.7
2015,5,11,8,304,16.4
2015,5,11,9,459,16.8
2015,5,11,10,568,17.9
2015,5,11,11,621,18.6
2015,5,11,12,610,19.1
2015,5,11,13,542,19.3
2015,5,11,14,417,19.2
2015,5,11,15,252,18.9
2015,5,11,16,74,18.3
2015,5,11,17,0,17.8
2015,5,11,18,0,17.5
2015,5,11,19,0,17.2
2015,5,11,20,0,16.8
2015,5,11,21,0,16.5
2015,5,11,22,0,16.1
2015,5,11,23,0,15.7
2015,5,12,0,0,15.3
2015,5,12,1,0,15
2015,5,12,2,0,14.8
2015,5,12,3,0,14.5
2015,5,12,4,0,14.3
2015,5,12,5,0,14.1
2015,5,12,6,0,14.2
2015,5,12,7,121,15
2015,5,12,8,302,16
2015,5,12,9,461,16.6
2015,5,12,10,572,18
2015,5,12,11,624,18.9
2015,5,12,12,615,19.6
2015,5,12,13,546,20
2015,5,12,14,420,19.9
2015,5,12,15,253,19.2
2015,5,12,16,74,18.2
2015,5,12,17,0,17.5
2015,5,12,18,0,17.1
2015,5,12,19,0,16.6
2015,5,12,20,0,16.3
2015,5,12,21,0,16.1
2015,5,12,22,0,15.9
2015,5,12,23,0,15.8
2015,5,13,0,0,15.5
2015,5,13,1,0,15.1
2015,5,13,2,0,14.7
2015,5,13,3,0,14.3
2015,5,13,4,0,14
2015,5,13,5,0,13.5
2015,5,13,6,0,13.3
2015,5,13,7,118,13.6
2015,5,13,8,302,14
2015,5,13,9,461,14.2
2015,5,13,10,569,14.9
2015,5,13,11,619,15.3
2015,5,13,12,606,15.4
2015,5,13,13,325,15.3
2015,5,13,14,53,15.1
2015,5,13,15,121,14.7
2015,5,13,16,33,14.1
2015,5,13,17,0,13.6
2015,5,13,18,0,13.3
2015,5,13,19,0,13
2015,5,13,20,0,12.7
2015,5,13,21,0,12.4
2015,5,13,22,0,11.9
2015,5,13,23,0,11.5
2015,5,14,0,0,11.3
2015,5,14,1,0,11.2
2015,5,14,2,0,11.2
2015,5,14,3,0,11.2
2015,5,14,4,0,11.1
2015,5,14,5,0,11
2015,5,14,6,0,11.2
2015,5,14,7,71,12
2015,5,14,8,296,13
2015,5,14,9,453,13.5
2015,5,14,10,566,15
2015,5,14,11,618,15.7
2015,5,14,12,606,16.3
2015,5,14,13,534,16.7
2015,5,14,14,408,16.8
2015,5,14,15,242,16.6
2015,5,14,16,67,15.9
2015,5,14,17,0,15.3
2015,5,14,18,0,14.9
2015,5,14,19,0,14.3
2015,5,14,20,0,14
2015,5,14,21,0,13.7
2015,5,14,22,0,13.5
2015,5,14,23,0,13.4
2015,5,15,0,0,13.2
2015,5,15,1,0,13.2
2015,5,15,2,0,13.4
2015,5,15,3,0,13.6
2015,5,15,4,0,13.9
2015,5,15,5,0,14
2015,5,15,6,0,14.3
2015,5,15,7,104,15
2015,5,15,8,275,15.9
2015,5,15,9,315,16.3
2015,5,15,10,321,17.6
2015,5,15,11,585,18
2015,5,15,12,433,18.2
2015,5,15,13,507,18.3
2015,5,15,14,383,18.2
2015,5,15,15,223,18
2015,5,15,16,35,17.6
2015,5,15,17,0,17.4
2015,5,15,18,0,17.3
2015,5,15,19,0,17.2
2015,5,15,20,0,17.2
2015,5,15,21,0,17
2015,5,15,22,0,17
2015,5,15,23,0,16.9
2015,5,16,0,0,16.8
2015,5,16,1,0,16.7
2015,5,16,2,0,16.6
2015,5,16,3,0,16.4
2015,5,16,4,0,16.3
2015,5,16,5,0,16.3
2015,5,16,6,0,16.6
2015,5,16,7,104,17.1
2015,5,16,8,275,17.7
2015,5,16,9,426,18
2015,5,16,10,390,18.5
2015,5,16,11,586,18.6
2015,5,16,12,578,18.6
2015,5,16,13,513,18.6
2015,5,16,14,390,18.6
2015,5,16,15,230,18.3
2015,5,16,16,60,17.9
2015,5,16,17,0,17.6
2015,5,16,18,0,17.5
2015,5,16,19,0,17.5
2015,5,16,20,0,17.4
2015,5,16,21,0,17.3
2015,5,16,22,0,17.3
2015,5,16,23,0,17.2
2015,5,17,0,0,17.1
2015,5,17,1,0,17
2015,5,17,2,0,16.7
2015,5,17,3,0,16.4
2015,5,17,4,0,16
2015,5,17,5,0,15.7
2015,5,17,6,0,15.5
2015,5,17,7,108,16
2015,5,17,8,106,16.9
2015,5,17,9,435,17.3
2015,5,17,10,537,18.3
2015,5,17,11,589,18.7
2015,5,17,12,581,18.9
2015,5,17,13,513,19
2015,5,17,14,390,18.8
2015,5,17,15,125,18.5
2015,5,17,16,60,18
2015,5,17,17,0,17.6
2015,5,17,18,0,17.5
2015,5,17,19,0,17.5
2015,5,17,20,0,17.5
2015,5,17,21,0,17.4
2015,5,17,22,0,17.1
2015,5,17,23,0,16.9
2015,5,18,0,0,16.6
2015,5,18,1,0,16.3
2015,5,18,2,0,16
2015,5,18,3,0,15.8
2015,5,18,4,0,15.7
2015,5,18,5,0,15.7
2015,5,18,6,0,15.7
2015,5,18,7,34,16.2
2015,5,18,8,18,16.8
2015,5,18,9,55,17.2
2015,5,18,10,223,18
2015,5,18,11,234,18.3
2015,5,18,12,218,18.5
2015,5,18,13,226,18.5
2015,5,18,14,372,18.4
2015,5,18,15,215,18.1
2015,5,18,16,18,17.7
2015,5,18,17,0,17.5
2015,5,18,18,0,17.4
2015,5,18,19,0,17.3
2015,5,18,20,0,17.2
2015,5,18,21,0,17
2015,5,18,22,0,16.9
2015,5,18,23,0,16.7
2015,5,19,0,0,16.4
2015,5,19,1,0,16.2
2015,5,19,2,0,16.1
2015,5,19,3,0,16.1
2015,5,19,4,0,16.1
2015,5,19,5,0,16
2015,5,19,6,0,16.1
2015,5,19,7,19,16.4
2015,5,19,8,49,16.8
2015,5,19,9,120,17
2015,5,19,10,353,17.6
2015,5,19,11,395,18.1
2015,5,19,12,128,18.6
2015,5,19,13,290,19
2015,5,19,14,309,19.2
2015,5,19,15,86,19
2015,5,19,16,12,18.5
2015,5,19,17,0,18.1
2015,5,19,18,0,18
2015,5,19,19,0,17.9
2015,5,19,20,0,17.7
2015,5,19,21,0,17.4
2015,5,19,22,0,17
2015,5,19,23,0,16.7
2015,5,20,0,0,16.3
2015,5,20,1,0,16
2015,5,20,2,0,15.8
2015,5,20,3,0,15.6
2015,5,20,4,0,15.5
2015,5,20,5,0,15.4
2015,5,20,6,0,15.5
2015,5,20,7,53,16.1
2015,5,20,8,166,17.1
2015,5,20,9,335,17.6
2015,5,20,10,424,19.9
2015,5,20,11,564,20.8
2015,5,20,12,469,21.4
2015,5,20,13,495,21.7
2015,5,20,14,278,21.6
2015,5,20,15,151,21.1
2015,5,20,16,41,20.4
2015,5,20,17,0,19.9
2015,5,20,18,0,19.4
2015,5,20,19,0,18.8
2015,5,20,20,0,18.4
2015,5,20,21,0,18
2015,5,20,22,0,17.5
2015,5,20,23,0,17.2
2015,5,21,0,0,16.9
2015,5,21,1,0,16.5
2015,5,21,2,0,16.1
2015,5,21,3,0,15.8
2015,5,21,4,0,15.5
2015,5,21,5,0,15.3
2015,5,21,6,0,15.4
2015,5,21,7,94,16.1
2015,5,21,8,264,17.1
2015,5,21,9,415,17.6
2015,5,21,10,521,18.7
2015,5,21,11,573,19.1
2015,5,21,12,45,19.3
2015,5,21,13,495,19.3
2015,5,21,14,373,19.1
2015,5,21,15,213,18.6
2015,5,21,16,50,17.8
2015,5,21,17,0,17.3
2015,5,21,18,0,17.1
2015,5,21,19,0,17
2015,5,21,20,0,16.9
2015,5,21,21,0,16.8
2015,5,21,22,0,16.6
2015,5,21,23,0,16.4
2015,5,22,0,0,16.3
2015,5,22,1,0,16.3
2015,5,22,2,0,16.4
2015,5,22,3,0,16.4
2015,5,22,4,0,16.4
2015,5,22,5,0,16.3
2015,5,22,6,0,16.3
2015,5,22,7,8,16.6
2015,5,22,8,18,16.9
2015,5,22,9,14,17
2015,5,22,10,30,17.1
2015,5,22,11,205,17
2015,5,22,12,448,16.8
2015,5,22,13,324,16.6
2015,5,22,14,336,16.7
2015,5,22,15,123,16.6
2015,5,22,16,25,16.6
2015,5,22,17,0,16.5
2015,5,22,18,0,16.5
2015,5,22,19,0,16.5
2015,5,22,20,0,16.5
2015,5,22,21,0,16.5
2015,5,22,22,0,16.6
2015,5,22,23,0,16.5
2015,5,23,0,0,16.4
2015,5,23,1,0,16.4
2015,5,23,2,0,16.3
2015,5,23,3,0,16.2
2015,5,23,4,0,16.1
2015,5,23,5,0,15.9
2015,5,23,6,0,15.8
2015,5,23,7,53,15.9
2015,5,23,8,169,16.2
2015,5,23,9,403,16.4
2015,5,23,10,383,16.8
2015,5,23,11,556,17
2015,5,23,12,414,17.1
2015,5,23,13,488,17.2
2015,5,23,14,369,17.2
2015,5,23,15,211,17
2015,5,23,16,47,16.6
2015,5,23,17,0,16.3
2015,5,23,18,0,16
2015,5,23,19,0,15.5
2015,5,23,20,0,15.2
2015,5,23,21,0,14.9
2015,5,23,22,0,14.6
2015,5,23,23,0,14.4
2015,5,24,0,0,14.3
2015,5,24,1,0,14.1
2015,5,24,2,0,13.9
2015,5,24,3,0,13.7
2015,5,24,4,0,13.5
2015,5,24,5,0,13.3
2015,5,24,6,0,13.3
2015,5,24,7,57,13.9
2015,5,24,8,182,14.9
2015,5,24,9,403,15.4
2015,5,24,10,510,16.5
2015,5,24,11,562,17
2015,5,24,12,555,17.4
2015,5,24,13,493,17.6
2015,5,24,14,373,17.6
2015,5,24,15,213,17.3
2015,5,24,16,49,16.9
2015,5,24,17,0,16.9
2015,5,24,18,0,16.9
2015,5,24,19,0,16.8
2015,5,24,20,0,16.7
2015,5,24,21,0,16.5
2015,5,24,22,0,16
2015,5,24,23,0,15.3
2015,5,25,0,0,14.7
2015,5,25,1,0,14
2015,5,25,2,0,13.4
2015,5,25,3,0,12.9
2015,5,25,4,0,12.5
2015,5,25,5,0,12
2015,5,25,6,0,12
2015,5,25,7,56,12.7
2015,5,25,8,208,13.9
2015,5,25,9,321,14.4
2015,5,25,10,469,15.7
2015,5,25,11,364,16.2
2015,5,25,12,427,16.6
2015,5,25,13,270,17
2015,5,25,14,237,17.2
2015,5,25,15,133,17
2015,5,25,16,27,16.6
2015,5,25,17,0,16.4
2015,5,25,18,0,16.2
2015,5,25,19,0,15.9
2015,5,25,20,0,15.5
2015,5,25,21,0,15
2015,5,25,22,0,14.5
2015,5,25,23,0,14
2015,5,26,0,0,13.6
2015,5,26,1,0,13.1
2015,5,26,2,0,12.5
2015,5,26,3,0,12
2015,5,26,4,0,11.6
2015,5,26,5,0,11.4
2015,5,26,6,0,11.5
2015,5,26,7,85,12.4
2015,5,26,8,200,13.8
2015,5,26,9,292,14.5
2015,5,26,10,433,16.3
2015,5,26,11,412,17
2015,5,26,12,420,17.4
2015,5,26,13,363,17.4
2015,5,26,14,298,17.2
2015,5,26,15,203,17
2015,5,26,16,43,16.8
2015,5,26,17,0,16.9
2015,5,26,18,0,17
2015,5,26,19,0,16.8
2015,5,26,20,0,16.7
2015,5,26,21,0,16.5
2015,5,26,22,0,16.3
2015,5,26,23,0,16
2015,5,27,0,0,15.6
2015,5,27,1,0,15.3
2015,5,27,2,0,15
2015,5,27,3,0,14.6
2015,5,27,4,0,14.3
2015,5,27,5,0,14
2015,5,27,6,0,13.8
2015,5,27,7,40,14.2
2015,5,27,8,149,14.9
2015,5,27,9,388,15.2
2015,5,27,10,349,16.2
2015,5,27,11,549,17
2015,5,27,12,540,17.7
2015,5,27,13,278,18.2
2015,5,27,14,282,18.4
2015,5,27,15,154,18.3
2015,5,27,16,33,18
2015,5,27,17,0,17.8
2015,5,27,18,0,17.6
2015,5,27,19,0,17.2
2015,5,27,20,0,16.8
2015,5,27,21,0,16.3
2015,5,27,22,0,15.9
2015,5,27,23,0,15.5
2015,5,28,0,0,15.1
2015,5,28,1,0,14.9
2015,5,28,2,0,14.6
2015,5,28,3,0,14.5
2015,5,28,4,0,14.3
2015,5,28,5,0,14.1
2015,5,28,6,0,14
2015,5,28,7,79,14.4
2015,5,28,8,241,15.4
2015,5,28,9,387,15.9
2015,5,28,10,498,17.4
2015,5,28,11,549,18.3
2015,5,28,12,321,19
2015,5,28,13,474,19.5
2015,5,28,14,200,19.8
2015,5,28,15,199,19.4
2015,5,28,16,42,18.7
2015,5,28,17,0,18.2
2015,5,28,18,0,17.9
2015,5,28,19,0,17.5
2015,5,28,20,0,17.1
2015,5,28,21,0,16.7
2015,5,28,22,0,16.3
2015,5,28,23,0,16
2015,5,29,0,0,15.8
2015,5,29,1,0,15.8
2015,5,29,2,0,15.8
2015,5,29,3,0,15.8
2015,5,29,4,0,15.8
2015,5,29,5,0,15.9
2015,5,29,6,0,16
2015,5,29,7,5,16.2
2015,5,29,8,10,16.6
2015,5,29,9,49,16.9
2015,5,29,10,127,18.4
2015,5,29,11,90,19.4
2015,5,29,12,68,20
2015,5,29,13,113,20.2
2015,5,29,14,144,20
2015,5,29,15,197,19.6
2015,5,29,16,42,19.2
2015,5,29,17,0,18.9
2015,5,29,18,0,18.4
2015,5,29,19,0,17.9
2015,5,29,20,0,17.4
2015,5,29,21,0,16.8
2015,5,29,22,0,16.1
2015,5,29,23,0,15.5
2015,5,30,0,0,15.1
2015,5,30,1,0,14.8
2015,5,30,2,0,14.5
2015,5,30,3,0,14.3
2015,5,30,4,0,14.1
2015,5,30,5,0,13.8
2015,5,30,6,0,13.8
2015,5,30,7,30,14.2
2015,5,30,8,96,15
2015,5,30,9,152,15.3
2015,5,30,10,361,16.5
2015,5,30,11,265,17
2015,5,30,12,234,17.5
2015,5,30,13,285,17.7
2015,5,30,14,95,17.6
2015,5,30,15,48,17.5
2015,5,30,16,12,17.3
2015,5,30,17,0,17.1
2015,5,30,18,0,16.9
2015,5,30,19,0,16.3
2015,5,30,20,0,15.6
2015,5,30,21,0,15
2015,5,30,22,0,14.4
2015,5,30,23,0,13.9
2015,5,31,0,0,13.5
2015,5,31,1,0,13.3
2015,5,31,2,0,13
2015,5,31,3,0,12.9
2015,5,31,4,0,12.9
2015,5,31,5,0,12.8
2015,5,31,6,0,12.7
2015,5,31,7,4,13.1
2015,5,31,8,9,13.6
2015,5,31,9,35,13.8
2015,5,31,10,61,14.9
2015,5,31,11,360,15.6
2015,5,31,12,155,16.3
2015,5,31,13,289,16.7
2015,5,31,14,145,16.9
2015,5,31,15,73,16.6
2015,5,31,16,17,15.9
2015,5,31,17,0,15.2
2015,5,31,18,0,14.6
2015,5,31,19,0,14.1
2015,5,31,20,0,13.7
2015,5,31,21,0,13.5
2015,5,31,22,0,13.3
2015,5,31,23,0,13.1
2015,6,1,0,0,12.9
2015,6,1,1,0,12.8
2015,6,1,2,0,12.7
2015,6,1,3,0,12.7
2015,6,1,4,0,12.6
2015,6,1,5,0,12.4
2015,6,1,6,0,12.4
2015,6,1,7,30,12.9
2015,6,1,8,244,13.4
2015,6,1,9,203,13.5
2015,6,1,10,502,13.5
2015,6,1,11,561,13.6
2015,6,1,12,555,13.9
2015,6,1,13,490,14.2
2015,6,1,14,369,14.4
2015,6,1,15,208,14.1
2015,6,1,16,43,13.5
2015,6,1,17,0,13.1
2015,6,1,18,0,12.7
2015,6,1,19,0,12.3
2015,6,1,20,0,11.8
2015,6,1,21,0,11.4
2015,6,1,22,0,11
2015,6,1,23,0,10.7
2015,6,2,0,0,10.4
2015,6,2,1,0,10.1
2015,6,2,2,0,9.9
2015,6,2,3,0,9.7
2015,6,2,4,0,9.6
2015,6,2,5,0,9.6
2015,6,2,6,0,9.8
2015,6,2,7,30,10.6
2015,6,2,8,237,11.8
2015,6,2,9,387,12.3
2015,6,2,10,495,13.6
2015,6,2,11,548,14.2
2015,6,2,12,539,14.5
2015,6,2,13,472,14.8
2015,6,2,14,350,14.8
2015,6,2,15,89,14.4
2015,6,2,16,40,13.9
2015,6,2,17,0,13.5
2015,6,2,18,0,13.4
2015,6,2,19,0,13.3
2015,6,2,20,0,13.2
2015,6,2,21,0,12.9
2015,6,2,22,0,12.7
2015,6,2,23,0,12.4
2015,6,3,0,0,12.1
2015,6,3,1,0,11.8
2015,6,3,2,0,11.4
2015,6,3,3,0,11.1
2015,6,3,4,0,10.8
2015,6,3,5,0,10.5
2015,6,3,6,0,10.4
2015,6,3,7,73,11.1
2015,6,3,8,236,12.2
2015,6,3,9,386,12.9
2015,6,3,10,493,14.5
2015,6,3,11,546,15.2
2015,6,3,12,539,15.6
2015,6,3,13,474,15.7
2015,6,3,14,356,15.7
2015,6,3,15,200,15.3
2015,6,3,16,41,14.8
2015,6,3,17,0,14.5
2015,6,3,18,0,14.5
2015,6,3,19,0,14.4
2015,6,3,20,0,14.2
2015,6,3,21,0,13.9
2015,6,3,22,0,13.5
2015,6,3,23,0,13
2015,6,4,0,0,12.5
2015,6,4,1,0,12.1
2015,6,4,2,0,11.8
2015,6,4,3,0,11.6
2015,6,4,4,0,11.5
2015,6,4,5,0,11.3
2015,6,4,6,0,11.3
2015,6,4,7,28,11.8
2015,6,4,8,107,12.7
2015,6,4,9,382,13.3
2015,6,4,10,490,14.6
2015,6,4,11,542,15.4
2015,6,4,12,534,15.8
2015,6,4,13,470,16.1
2015,6,4,14,278,16.1
2015,6,4,15,196,15.6
2015,6,4,16,38,14.8
2015,6,4,17,0,14.3
2015,6,4,18,0,14
2015,6,4,19,0,13.7
2015,6,4,20,0,13.2
2015,6,4,21,0,12.8
2015,6,4,22,0,12.2
2015,6,4,23,0,11.9
2015,6,5,0,0,11.8
2015,6,5,1,0,11.4
2015,6,5,2,0,11
2015,6,5,3,0,10.6
2015,6,5,4,0,10.3
2015,6,5,5,0,10.1
2015,6,5,6,0,9.9
2015,6,5,7,44,10.2
2015,6,5,8,154,11
2015,6,5,9,254,11.4
2015,6,5,10,304,13
2015,6,5,11,436,13.9
2015,6,5,12,522,14.6
2015,6,5,13,459,15
2015,6,5,14,340,15.3
2015,6,5,15,118,15.1
2015,6,5,16,20,14.7
2015,6,5,17,0,14.5
2015,6,5,18,0,14.5
2015,6,5,19,0,14.5
2015,6,5,20,0,14.2
2015,6,5,21,0,13.9
2015,6,5,22,0,13.7
2015,6,5,23,0,13.6
2015,6,6,0,0,13.5
2015,6,6,1,0,13.6
2015,6,6,2,0,13.8
2015,6,6,3,0,14
2015,6,6,4,0,14
2015,6,6,5,0,13.9
2015,6,6,6,0,13.9
2015,6,6,7,65,14.3
2015,6,6,8,224,15.1
2015,6,6,9,112,15.6
2015,6,6,10,240,16.9
2015,6,6,11,162,17.6
2015,6,6,12,522,18
2015,6,6,13,458,18.3
2015,6,6,14,341,18.3
2015,6,6,15,190,18.2
2015,6,6,16,37,17.9
2015,6,6,17,0,17.6
2015,6,6,18,0,17.3
2015,6,6,19,0,16.8
2015,6,6,20,0,16.3
2015,6,6,21,0,15.6
2015,6,6,22,0,14.9
2015,6,6,23,0,14.3
2015,6,7,0,0,13.8
2015,6,7,1,0,13.3
2015,6,7,2,0,13
2015,6,7,3,0,12.6
2015,6,7,4,0,12.3
2015,6,7,5,0,11.9
2015,6,7,6,0,11.9
2015,6,7,7,65,12.4
2015,6,7,8,225,13.5
2015,6,7,9,372,14
2015,6,7,10,478,16
2015,6,7,11,532,17.2
2015,6,7,12,525,18.1
2015,6,7,13,468,18.7
2015,6,7,14,350,19
2015,6,7,15,195,18.7
2015,6,7,16,39,17.9
2015,6,7,17,0,17.3
2015,6,7,18,0,16.7
2015,6,7,19,0,16
2015,6,7,20,0,15.3
2015,6,7,21,0,14.6
2015,6,7,22,0,14.1
2015,6,7,23,0,13.7
2015,6,8,0,0,13.4
2015,6,8,1,0,13.3
2015,6,8,2,0,13.1
2015,6,8,3,0,13.1
2015,6,8,4,0,13.1
2015,6,8,5,0,13.1
2015,6,8,6,0,13.2
2015,6,8,7,33,13.8
2015,6,8,8,135,15.1
2015,6,8,9,380,15.8
2015,6,8,10,486,17.8
2015,6,8,11,536,18.9
2015,6,8,12,529,19.7
2015,6,8,13,468,20.3
2015,6,8,14,349,20.3
2015,6,8,15,195,19.7
2015,6,8,16,38,18.7
2015,6,8,17,0,17.9
2015,6,8,18,0,17.2
2015,6,8,19,0,16.5
2015,6,8,20,0,15.9
2015,6,8,21,0,15.4
2015,6,8,22,0,15
2015,6,8,23,0,14.7
2015,6,9,0,0,14.4
2015,6,9,1,0,14.3
2015,6,9,2,0,14.3
2015,6,9,3,0,14.2
2015,6,9,4,0,14.2
2015,6,9,5,0,14.3
2015,6,9,6,0,14.4
2015,6,9,7,28,15.1
2015,6,9,8,97,16.4
2015,6,9,9,260,17.1
2015,6,9,10,327,18.6
2015,6,9,11,533,19.2
2015,6,9,12,524,19.7
2015,6,9,13,415,20
2015,6,9,14,275,20.1
2015,6,9,15,164,19.7
2015,6,9,16,25,19
2015,6,9,17,0,18.4
2015,6,9,18,0,17.7
2015,6,9,19,0,16.8
2015,6,9,20,0,16
2015,6,9,21,0,15.6
2015,6,9,22,0,15.3
2015,6,9,23,0,14.9
2015,6,10,0,0,14.4
2015,6,10,1,0,13.9
2015,6,10,2,0,13.7
2015,6,10,3,0,13.8
2015,6,10,4,0,14.1
2015,6,10,5,0,14.5
2015,6,10,6,0,14.8
2015,6,10,7,53,15.2
2015,6,10,8,14,15.6
2015,6,10,9,26,15.8
2015,6,10,10,70,16
2015,6,10,11,58,16
2015,6,10,12,50,16.1
2015,6,10,13,61,16.1
2015,6,10,14,97,16.1
2015,6,10,15,47,15.8
2015,6,10,16,9,15.4
2015,6,10,17,0,15.4
2015,6,10,18,0,15.4
2015,6,10,19,0,15.3
2015,6,10,20,0,15.1
2015,6,10,21,0,14.9
2015,6,10,22,0,14.7
2015,6,10,23,0,14.4
2015,6,11,0,0,14.1
2015,6,11,1,0,14
2015,6,11,2,0,14
2015,6,11,3,0,14.1
2015,6,11,4,0,14.4
2015,6,11,5,0,14.6
2015,6,11,6,0,14.7
2015,6,11,7,4,15
2015,6,11,8,14,15.6
2015,6,11,9,258,16
2015,6,11,10,108,16.9
2015,6,11,11,127,17.2
2015,6,11,12,179,17.4
2015,6,11,13,190,17.4
2015,6,11,14,102,17.2
2015,6,11,15,50,16.7
2015,6,11,16,9,16.1
2015,6,11,17,0,15.8
2015,6,11,18,0,15.8
2015,6,11,19,0,15.9
2015,6,11,20,0,16
2015,6,11,21,0,16
2015,6,11,22,0,15.8
2015,6,11,23,0,15.6
2015,6,12,0,0,15.3
2015,6,12,1,0,15
2015,6,12,2,0,14.7
2015,6,12,3,0,14.4
2015,6,12,4,0,14.1
2015,6,12,5,0,13.7
2015,6,12,6,0,13.5
2015,6,12,7,59,13.9
2015,6,12,8,51,14.8
2015,6,12,9,97,15.2
2015,6,12,10,247,16.4
2015,6,12,11,342,17.1
2015,6,12,12,258,17.6
2015,6,12,13,285,17.8
2015,6,12,14,258,17.8
2015,6,12,15,182,17.6
2015,6,12,16,23,17.3
2015,6,12,17,0,17.3
2015,6,12,18,0,17.4
2015,6,12,19,0,17.4
2015,6,12,20,0,17.3
2015,6,12,21,0,17.1
2015,6,12,22,0,16.8
2015,6,12,23,0,16.5
2015,6,13,0,0,16
2015,6,13,1,0,15.5
2015,6,13,2,0,15
2015,6,13,3,0,14.6
2015,6,13,4,0,14.4
2015,6,13,5,0,14.1
2015,6,13,6,0,13.9
2015,6,13,7,42,14.1
2015,6,13,8,68,14.6
2015,6,13,9,279,14.9
2015,6,13,10,467,16.4
2015,6,13,11,345,17.5
2015,6,13,12,419,18
2015,6,13,13,390,18.1
2015,6,13,14,262,18.1
2015,6,13,15,190,17.5
2015,6,13,16,36,16.7
2015,6,13,17,0,16.3
2015,6,13,18,0,16.2
2015,6,13,19,0,16.1
2015,6,13,20,0,16
2015,6,13,21,0,15.8
2015,6,13,22,0,15.5
2015,6,13,23,0,15.1
2015,6,14,0,0,14.7
2015,6,14,1,0,14.4
2015,6,14,2,0,14.3
2015,6,14,3,0,14.2
2015,6,14,4,0,14.3
2015,6,14,5,0,14.3
2015,6,14,6,0,14.1
2015,6,14,7,55,14.3
2015,6,14,8,208,15.1
2015,6,14,9,353,15.5
2015,6,14,10,262,16.8
2015,6,14,11,511,17.5
2015,6,14,12,506,17.9
2015,6,14,13,453,18.2
2015,6,14,14,339,18.1
2015,6,14,15,189,17.7
2015,6,14,16,37,17
2015,6,14,17,0,16.6
2015,6,14,18,0,16.5
2015,6,14,19,0,16.4
2015,6,14,20,0,16.5
2015,6,14,21,0,16.6
2015,6,14,22,0,16.6
2015,6,14,23,0,16.4
2015,6,15,0,0,16.1
2015,6,15,1,0,15.7
2015,6,15,2,0,15.1
2015,6,15,3,0,14.7
2015,6,15,4,0,14.6
2015,6,15,5,0,14.6
2015,6,15,6,0,14.7
2015,6,15,7,15,15.1
2015,6,15,8,126,15.9
2015,6,15,9,268,16.3
2015,6,15,10,216,17.2
2015,6,15,11,260,17.6
2015,6,15,12,291,17.8
2015,6,15,13,83,17.9
2015,6,15,14,199,17.7
2015,6,15,15,102,17.2
2015,6,15,16,20,16.7
2015,6,15,17,0,16.5
2015,6,15,18,0,16.5
2015,6,15,19,0,16.7
2015,6,15,20,0,16.8
2015,6,15,21,0,16.9
2015,6,15,22,0,16.8
2015,6,15,23,0,16.6
2015,6,16,0,0,16.5
2015,6,16,1,0,16.4
2015,6,16,2,0,16.3
2015,6,16,3,0,16.2
2015,6,16,4,0,16.1
2015,6,16,5,0,16.1
2015,6,16,6,0,16.2
2015,6,16,7,6,16.4
2015,6,16,8,13,16.7
2015,6,16,9,13,16.8
2015,6,16,10,38,17
2015,6,16,11,22,17
2015,6,16,12,48,16.9
2015,6,16,13,78,16.8
2015,6,16,14,108,16.6
2015,6,16,15,54,16.4
2015,6,16,16,12,16.2
2015,6,16,17,0,16.1
2015,6,16,18,0,16
2015,6,16,19,0,16
2015,6,16,20,0,15.9
2015,6,16,21,0,15.8
2015,6,16,22,0,15.7
2015,6,16,23,0,15.5
2015,6,17,0,0,15.3
2015,6,17,1,0,15.1
2015,6,17,2,0,15
2015,6,17,3,0,14.9
2015,6,17,4,0,14.9
2015,6,17,5,0,15
2015,6,17,6,0,15.2
2015,6,17,7,23,15.7
2015,6,17,8,88,16.2
2015,6,17,9,15,16.4
2015,6,17,10,108,16.4
2015,6,17,11,186,16.4
2015,6,17,12,81,16.5
2015,6,17,13,81,16.5
2015,6,17,14,48,16.6
2015,6,17,15,25,16.5
2015,6,17,16,8,16.3
2015,6,17,17,0,16.1
2015,6,17,18,0,15.8
2015,6,17,19,0,15.4
2015,6,17,20,0,14.8
2015,6,17,21,0,14.2
2015,6,17,22,0,13.7
2015,6,17,23,0,13.3
2015,6,18,0,0,13
2015,6,18,1,0,12.8
2015,6,18,2,0,12.6
2015,6,18,3,0,12.5
2015,6,18,4,0,12.5
2015,6,18,5,0,12.7
2015,6,18,6,0,13.2
2015,6,18,7,18,13.9
2015,6,18,8,82,14.6
2015,6,18,9,29,15
2015,6,18,10,207,16
2015,6,18,11,359,16.2
2015,6,18,12,128,16.1
2015,6,18,13,216,15.9
2015,6,18,14,107,15.6
2015,6,18,15,54,15.4
2015,6,18,16,13,15.1
2015,6,18,17,0,15
2015,6,18,18,0,14.8
2015,6,18,19,0,14.6
2015,6,18,20,0,14.4
2015,6,18,21,0,14.1
2015,6,18,22,0,13.7
2015,6,18,23,0,13.2
2015,6,19,0,0,12.7
2015,6,19,1,0,12.5
2015,6,19,2,0,12.4
2015,6,19,3,0,12.4
2015,6,19,4,0,12.4
2015,6,19,5,0,12.4
2015,6,19,6,0,12.6
2015,6,19,7,22,12.9
2015,6,19,8,83,13.3
2015,6,19,9,155,13.5
2015,6,19,10,194,14
2015,6,19,11,329,14.3
2015,6,19,12,330,14.6
2015,6,19,13,104,14.7
2015,6,19,14,90,14.7
2015,6,19,15,44,14.4
2015,6,19,16,8,13.9
2015,6,19,17,0,13.5
2015,6,19,18,0,13.4
2015,6,19,19,0,13.3
2015,6,19,20,0,13.3
2015,6,19,21,0,13.2
2015,6,19,22,0,13
2015,6,19,23,0,12.7
2015,6,20,0,0,12.3
2015,6,20,1,0,11.8
2015,6,20,2,0,11.4
2015,6,20,3,0,11.2
2015,6,20,4,0,11.1
2015,6,20,5,0,11
2015,6,20,6,0,10.9
2015,6,20,7,32,11.3
2015,6,20,8,143,12.1
2015,6,20,9,350,12.5
2015,6,20,10,457,13.5
2015,6,20,11,512,14
2015,6,20,12,511,14.3
2015,6,20,13,342,14.5
2015,6,20,14,188,14.5
2015,6,20,15,93,14.2
2015,6,20,16,16,13.6
2015,6,20,17,0,13.4
2015,6,20,18,0,13.4
2015,6,20,19,0,13.4
2015,6,20,20,0,13.3
2015,6,20,21,0,13.2
2015,6,20,22,0,13
2015,6,20,23,0,12.7
2015,6,21,0,0,12.5
2015,6,21,1,0,12.5
2015,6,21,2,0,12.7
2015,6,21,3,0,12.8
2015,6,21,4,0,12.9
2015,6,21,5,0,13
2015,6,21,6,0,13.1
2015,6,21,7,4,13.4
2015,6,21,8,13,13.7
2015,6,21,9,25,13.8
2015,6,21,10,85,14
2015,6,21,11,79,14.2
2015,6,21,12,176,14.3
2015,6,21,13,161,14.5
2015,6,21,14,53,14.6
2015,6,21,15,26,14.6
2015,6,21,16,6,14.5
2015,6,21,17,0,14.5
2015,6,21,18,0,14.6
2015,6,21,19,0,14.7
2015,6,21,20,0,14.7
2015,6,21,21,0,14.6
2015,6,21,22,0,14.2
2015,6,21,23,0,13.9
2015,6,22,0,0,13.6
2015,6,22,1,0,13.2
2015,6,22,2,0,12.8
2015,6,22,3,0,12.2
2015,6,22,4,0,11.7
2015,6,22,5,0,11.1
2015,6,22,6,0,10.9
2015,6,22,7,51,11.4
2015,6,22,8,207,12.2
2015,6,22,9,357,12.6
2015,6,22,10,470,14.1
2015,6,22,11,525,15
2015,6,22,12,525,15.9
2015,6,22,13,466,16.4
2015,6,22,14,351,16.6
2015,6,22,15,182,16.1
2015,6,22,16,23,15.4
2015,6,22,17,0,15.1
2015,6,22,18,0,14.9
2015,6,22,19,0,14.7
2015,6,22,20,0,14.4
2015,6,22,21,0,14
2015,6,22,22,0,13.6
2015,6,22,23,0,13.1
2015,6,23,0,0,12.4
2015,6,23,1,0,11.8
2015,6,23,2,0,11.3
2015,6,23,3,0,10.9
2015,6,23,4,0,10.5
2015,6,23,5,0,10.2
2015,6,23,6,0,10.1
2015,6,23,7,52,10.7
2015,6,23,8,208,11.9
2015,6,23,9,355,12.6
2015,6,23,10,462,14.6
2015,6,23,11,516,15.9
2015,6,23,12,509,16.9
2015,6,23,13,342,17.5
2015,6,23,14,322,17.6
2015,6,23,15,178,17.3
2015,6,23,16,23,16.8
2015,6,23,17,0,16.4
2015,6,23,18,0,16.2
2015,6,23,19,0,15.9
2015,6,23,20,0,15.6
2015,6,23,21,0,15.2
2015,6,23,22,0,14.9
2015,6,23,23,0,14.7
2015,6,24,0,0,14.4
2015,6,24,1,0,14.2
2015,6,24,2,0,13.9
2015,6,24,3,0,13.7
2015,6,24,4,0,13.4
2015,6,24,5,0,13
2015,6,24,6,0,12.8
2015,6,24,7,48,13.2
2015,6,24,8,44,14.2
2015,6,24,9,83,14.8
2015,6,24,10,353,16.6
2015,6,24,11,505,17.4
2015,6,24,12,182,17.8
2015,6,24,13,390,18.1
2015,6,24,14,277,18.1
2015,6,24,15,153,17.7
2015,6,24,16,31,17.1
2015,6,24,17,0,16.7
2015,6,24,18,0,16.3
2015,6,24,19,0,15.8
2015,6,24,20,0,15.4
2015,6,24,21,0,14.9
2015,6,24,22,0,14.6
2015,6,24,23,0,14.3
2015,6,25,0,0,14.1
2015,6,25,1,0,13.9
2015,6,25,2,0,13.8
2015,6,25,3,0,13.8
2015,6,25,4,0,13.8
2015,6,25,5,0,13.8
2015,6,25,6,0,13.8
2015,6,25,7,32,14.6
2015,6,25,8,100,15.7
2015,6,25,9,338,16.2
2015,6,25,10,266,17.2
2015,6,25,11,361,17.5
2015,6,25,12,370,17.5
2015,6,25,13,252,17.3
2015,6,25,14,14,16.8
2015,6,25,15,8,16.3
2015,6,25,16,4,15.9
2015,6,25,17,0,15.6
2015,6,25,18,0,15.5
2015,6,25,19,0,15.4
2015,6,25,20,0,15.2
2015,6,25,21,0,15.2
2015,6,25,22,0,15.1
2015,6,25,23,0,15
2015,6,26,0,0,15
2015,6,26,1,0,14.9
2015,6,26,2,0,14.8
2015,6,26,3,0,14.6
2015,6,26,4,0,14.4
2015,6,26,5,0,14.1
2015,6,26,6,0,13.9
2015,6,26,7,50,14.2
2015,6,26,8,207,14.9
2015,6,26,9,357,15.1
2015,6,26,10,463,16
2015,6,26,11,521,16.4
2015,6,26,12,517,16.8
2015,6,26,13,459,17
2015,6,26,14,346,17.1
2015,6,26,15,197,16.8
2015,6,26,16,42,16.6
2015,6,26,17,0,16.6
2015,6,26,18,0,16.5
2015,6,26,19,0,16.1
2015,6,26,20,0,15.5
2015,6,26,21,0,14.8
2015,6,26,22,0,13.9
2015,6,26,23,0,13.1
2015,6,27,0,0,12.6
2015,6,27,1,0,12.3
2015,6,27,2,0,12
2015,6,27,3,0,11.7
2015,6,27,4,0,11.4
2015,6,27,5,0,11.1
2015,6,27,6,0,10.9
2015,6,27,7,52,11.3
2015,6,27,8,212,12.3
2015,6,27,9,362,12.8
2015,6,27,10,471,14.3
2015,6,27,11,531,15.2
2015,6,27,12,529,16
2015,6,27,13,466,16.6
2015,6,27,14,351,16.9
2015,6,27,15,199,16.7
2015,6,27,16,45,16.2
2015,6,27,17,0,15.9
2015,6,27,18,0,15.7
2015,6,27,19,0,15.6
2015,6,27,20,0,15.5
2015,6,27,21,0,15.2
2015,6,27,22,0,14.8
2015,6,27,23,0,14.3
2015,6,28,0,0,13.8
2015,6,28,1,0,13.1
2015,6,28,2,0,12.5
2015,6,28,3,0,12
2015,6,28,4,0,11.6
2015,6,28,5,0,11.2
2015,6,28,6,0,11.1
2015,6,28,7,50,11.6
2015,6,28,8,207,12.6
2015,6,28,9,356,13.2
2015,6,28,10,467,14.6
2015,6,28,11,524,15.3
2015,6,28,12,521,15.8
2015,6,28,13,463,16.2
2015,6,28,14,350,16.3
2015,6,28,15,199,15.9
2015,6,28,16,43,15.2
2015,6,28,17,0,15
2015,6,28,18,0,15
2015,6,28,19,0,15.2
2015,6,28,20,0,15.3
2015,6,28,21,0,15.4
2015,6,28,22,0,15.4
2015,6,28,23,0,15.2
2015,6,29,0,0,14.9
2015,6,29,1,0,14.5
2015,6,29,2,0,14.1
2015,6,29,3,0,13.8
2015,6,29,4,0,13.6
2015,6,29,5,0,13.4
2015,6,29,6,0,13.4
2015,6,29,7,21,14
2015,6,29,8,101,14.9
2015,6,29,9,194,15.4
2015,6,29,10,290,16.5
2015,6,29,11,514,17.1
2015,6,29,12,513,17.4
2015,6,29,13,457,17.6
2015,6,29,14,345,17.5
2015,6,29,15,196,17.1
2015,6,29,16,43,16.5
2015,6,29,17,0,16.3
2015,6,29,18,0,16.1
2015,6,29,19,0,15.9
2015,6,29,20,0,15.5
2015,6,29,21,0,15.1
2015,6,29,22,0,14.5
2015,6,29,23,0,13.9
2015,6,30,0,0,13.4
2015,6,30,1,0,13
2015,6,30,2,0,12.6
2015,6,30,3,0,12.3
2015,6,30,4,0,12
2015,6,30,5,0,11.8
2015,6,30,6,0,11.7
2015,6,30,7,49,12.2
2015,6,30,8,125,13.2
2015,6,30,9,41,13.7
2015,6,30,10,315,15.2
2015,6,30,11,265,16
2015,6,30,12,511,16.6
2015,6,30,13,452,17
2015,6,30,14,341,17.2
2015,6,30,15,20,17.1
2015,6,30,16,19,16.7
2015,6,30,17,0,16.3
2015,6,30,18,0,16
2015,6,30,19,0,15.9
2015,6,30,20,0,15.7
2015,6,30,21,0,15.4
2015,6,30,22,0,14.9
2015,6,30,23,0,14.3
2015,7,1,0,0,14
2015,7,1,1,0,13.8
2015,7,1,2,0,13.8
2015,7,1,3,0,13.6
2015,7,1,4,0,13.3
2015,7,1,5,0,12.8
2015,7,1,6,0,12.5
2015,7,1,7,5,12.5
2015,7,1,8,180,12.8
2015,7,1,9,323,13
2015,7,1,10,436,13.6
2015,7,1,11,495,14.3
2015,7,1,12,502,15
2015,7,1,13,457,15.4
2015,7,1,14,347,15.3
2015,7,1,15,198,14.9
2015,7,1,16,44,14.2
2015,7,1,17,0,13.8
2015,7,1,18,0,13.8
2015,7,1,19,0,13.6
2015,7,1,20,0,12.9
2015,7,1,21,0,12
2015,7,1,22,0,11.1
2015,7,1,23,0,10.5
2015,7,2,0,0,10
2015,7,2,1,0,9.6
2015,7,2,2,0,9.3
2015,7,2,3,0,9.1
2015,7,2,4,0,9.2
2015,7,2,5,0,9.4
2015,7,2,6,0,9.7
2015,7,2,7,31,10.3
2015,7,2,8,88,11.3
2015,7,2,9,363,11.9
2015,7,2,10,362,13.7
2015,7,2,11,531,14.7
2015,7,2,12,526,15.4
2015,7,2,13,465,15.8
2015,7,2,14,353,15.8
2015,7,2,15,205,15.2
2015,7,2,16,28,14.1
2015,7,2,17,0,13.2
2015,7,2,18,0,12.6
2015,7,2,19,0,12.3
2015,7,2,20,0,12.1
2015,7,2,21,0,11.8
2015,7,2,22,0,11.5
2015,7,2,23,0,11.2
2015,7,3,0,0,11
2015,7,3,1,0,10.8
2015,7,3,2,0,10.6
2015,7,3,3,0,10.5
2015,7,3,4,0,10.2
2015,7,3,5,0,9.9
2015,7,3,6,0,9.8
2015,7,3,7,49,10.4
2015,7,3,8,205,11.5
2015,7,3,9,356,12
2015,7,3,10,462,13.2
2015,7,3,11,521,13.7
2015,7,3,12,521,14
2015,7,3,13,468,14.1
2015,7,3,14,355,14
2015,7,3,15,204,13.6
2015,7,3,16,47,13
2015,7,3,17,0,12.8
2015,7,3,18,0,12.7
2015,7,3,19,0,12.7
2015,7,3,20,0,12.8
2015,7,3,21,0,12.6
2015,7,3,22,0,11.9
2015,7,3,23,0,11.3
2015,7,4,0,0,10.9
2015,7,4,1,0,10.6
2015,7,4,2,0,10.1
2015,7,4,3,0,9.6
2015,7,4,4,0,9.2
2015,7,4,5,0,8.8
2015,7,4,6,0,8.5
2015,7,4,7,22,9.1
2015,7,4,8,86,10.1
2015,7,4,9,164,10.6
2015,7,4,10,368,12.1
2015,7,4,11,473,12.9
2015,7,4,12,536,13.5
2015,7,4,13,473,14
2015,7,4,14,357,14.1
2015,7,4,15,205,13.8
2015,7,4,16,48,13.4
2015,7,4,17,0,13.1
2015,7,4,18,0,12.9
2015,7,4,19,0,12.5
2015,7,4,20,0,11.8
2015,7,4,21,0,11
2015,7,4,22,0,10.3
2015,7,4,23,0,9.7
2015,7,5,0,0,9.4
2015,7,5,1,0,9.2
2015,7,5,2,0,9.1
2015,7,5,3,0,9
2015,7,5,4,0,9
2015,7,5,5,0,8.9
2015,7,5,6,0,8.9
2015,7,5,7,50,9.4
2015,7,5,8,209,10.4
2015,7,5,9,360,11
2015,7,5,10,475,12.6
2015,7,5,11,534,13.5
2015,7,5,12,533,14.4
2015,7,5,13,476,15.1
2015,7,5,14,363,15.3
2015,7,5,15,210,14.9
2015,7,5,16,50,14.3
2015,7,5,17,0,13.9
2015,7,5,18,0,13.6
2015,7,5,19,0,13.3
2015,7,5,20,0,12.7
2015,7,5,21,0,12.1
2015,7,5,22,0,11.5
2015,7,5,23,0,11
2015,7,6,0,0,10.5
2015,7,6,1,0,10.1
2015,7,6,2,0,9.5
2015,7,6,3,0,9
2015,7,6,4,0,8.6
2015,7,6,5,0,8.3
2015,7,6,6,0,8.3
2015,7,6,7,27,9.1
2015,7,6,8,216,10.3
2015,7,6,9,370,10.9
2015,7,6,10,481,12.8
2015,7,6,11,540,13.7
2015,7,6,12,539,14.5
2015,7,6,13,479,15.1
2015,7,6,14,365,15.2
2015,7,6,15,212,14.6
2015,7,6,16,52,13.6
2015,7,6,17,0,12.9
2015,7,6,18,0,12.3
2015,7,6,19,0,11.6
2015,7,6,20,0,11
2015,7,6,21,0,10.5
2015,7,6,22,0,10.2
2015,7,6,23,0,10.1
2015,7,7,0,0,10
2015,7,7,1,0,10.2
2015,7,7,2,0,10.4
2015,7,7,3,0,10.6
2015,7,7,4,0,10.7
2015,7,7,5,0,10.7
2015,7,7,6,0,10.9
2015,7,7,7,27,11.6
2015,7,7,8,126,12.5
2015,7,7,9,236,12.8
2015,7,7,10,196,14
2015,7,7,11,144,14.3
2015,7,7,12,186,14.3
2015,7,7,13,223,14.2
2015,7,7,14,26,13.9
2015,7,7,15,14,13.5
2015,7,7,16,4,13
2015,7,7,17,0,12.8
2015,7,7,18,0,12.7
2015,7,7,19,0,12.6
2015,7,7,20,0,12.4
2015,7,7,21,0,12.2
2015,7,7,22,0,12
2015,7,7,23,0,11.8
2015,7,8,0,0,11.6
2015,7,8,1,0,11.6
2015,7,8,2,0,11.7
2015,7,8,3,0,11.7
2015,7,8,4,0,11.6
2015,7,8,5,0,11.6
2015,7,8,6,0,11.6
2015,7,8,7,21,12
2015,7,8,8,102,12.6
2015,7,8,9,195,12.8
2015,7,8,10,289,13.6
2015,7,8,11,522,13.9
2015,7,8,12,523,14.1
2015,7,8,13,464,14.3
2015,7,8,14,225,14.2
2015,7,8,15,120,14
2015,7,8,16,26,13.5
2015,7,8,17,0,13.2
2015,7,8,18,0,13.1
2015,7,8,19,0,13.1
2015,7,8,20,0,13.1
2015,7,8,21,0,13.2
2015,7,8,22,0,13.2
2015,7,8,23,0,13.2
2015,7,9,0,0,13.1
2015,7,9,1,0,12.9
2015,7,9,2,0,12.7
2015,7,9,3,0,12.4
2015,7,9,4,0,12.2
2015,7,9,5,0,12
2015,7,9,6,0,11.8
2015,7,9,7,26,11.9
2015,7,9,8,216,12.7
2015,7,9,9,368,13.2
2015,7,9,10,479,14.6
2015,7,9,11,537,15.3
2015,7,9,12,536,15.7
2015,7,9,13,479,15.9
2015,7,9,14,367,15.9
2015,7,9,15,215,15.5
2015,7,9,16,55,14.9
2015,7,9,17,0,14.5
2015,7,9,18,0,14.3
2015,7,9,19,0,14.3
2015,7,9,20,0,14.1
2015,7,9,21,0,13.6
2015,7,9,22,0,13
2015,7,9,23,0,12.3
2015,7,10,0,0,11.8
2015,7,10,1,0,11.3
2015,7,10,2,0,11
2015,7,10,3,0,10.7
2015,7,10,4,0,10.5
2015,7,10,5,0,10.3
2015,7,10,6,0,10.4
2015,7,10,7,26,11.1
2015,7,10,8,135,12.1
2015,7,10,9,247,12.6
2015,7,10,10,334,14.3
2015,7,10,11,383,15.4
2015,7,10,12,382,16.2
2015,7,10,13,334,16.5
2015,7,10,14,216,16.1
2015,7,10,15,117,15.4
2015,7,10,16,29,14.8
2015,7,10,17,0,14.2
2015,7,10,18,0,13.8
2015,7,10,19,0,13.5
2015,7,10,20,0,13.1
2015,7,10,21,0,12.4
2015,7,10,22,0,11.6
2015,7,10,23,0,10.7
2015,7,11,0,0,10
2015,7,11,1,0,9.5
2015,7,11,2,0,9.4
2015,7,11,3,0,9.3
2015,7,11,4,0,9.3
2015,7,11,5,0,9.3
2015,7,11,6,0,9.3
2015,7,11,7,54,9.8
2015,7,11,8,215,10.6
2015,7,11,9,367,11.1
2015,7,11,10,478,13.1
2015,7,11,11,536,14.5
2015,7,11,12,535,15.6
2015,7,11,13,475,16.4
2015,7,11,14,364,16.7
2015,7,11,15,212,16.4
2015,7,11,16,55,15.7
2015,7,11,17,0,15.1
2015,7,11,18,0,14.6
2015,7,11,19,0,14.1
2015,7,11,20,0,13.7
2015,7,11,21,0,13.4
2015,7,11,22,0,13.2
2015,7,11,23,0,13.3
2015,7,12,0,0,13.3
2015,7,12,1,0,12.7
2015,7,12,2,0,11.9
2015,7,12,3,0,11.4
2015,7,12,4,0,10.8
2015,7,12,5,0,10.3
2015,7,12,6,0,9.9
2015,7,12,7,27,9.8
2015,7,12,8,20,10.2
2015,7,12,9,154,10.5
2015,7,12,10,245,11.7
2015,7,12,11,364,12.4
2015,7,12,12,546,12.9
2015,7,12,13,487,13.1
2015,7,12,14,375,13.1
2015,7,12,15,223,12.6
2015,7,12,16,60,11.9
2015,7,12,17,0,11.2
2015,7,12,18,0,10.6
2015,7,12,19,0,10.3
2015,7,12,20,0,10
2015,7,12,21,0,9.9
2015,7,12,22,0,9.8
2015,7,12,23,0,9.5
2015,7,13,0,0,9.2
2015,7,13,1,0,8.9
2015,7,13,2,0,8.9
2015,7,13,3,0,9.2
2015,7,13,4,0,9.7
2015,7,13,5,0,10
2015,7,13,6,0,10.1
2015,7,13,7,4,10.6
2015,7,13,8,8,11.5
2015,7,13,9,138,12
2015,7,13,10,173,14
2015,7,13,11,390,15.1
2015,7,13,12,540,15.8
2015,7,13,13,486,16.1
2015,7,13,14,378,15.9
2015,7,13,15,227,15.2
2015,7,13,16,62,14.3
2015,7,13,17,0,13.5
2015,7,13,18,0,13
2015,7,13,19,0,12.5
2015,7,13,20,0,12.1
2015,7,13,21,0,11.6
2015,7,13,22,0,11.3
2015,7,13,23,0,11.1
2015,7,14,0,0,11
2015,7,14,1,0,10.9
2015,7,14,2,0,10.8
2015,7,14,3,0,10.9
2015,7,14,4,0,11.1
2015,7,14,5,0,11.2
2015,7,14,6,0,11.2
2015,7,14,7,61,11.6
2015,7,14,8,229,12.3
2015,7,14,9,385,12.6
2015,7,14,10,504,13.5
2015,7,14,11,566,14.1
2015,7,14,12,567,14.6
2015,7,14,13,507,15
2015,7,14,14,392,15.1
2015,7,14,15,233,14.7
2015,7,14,16,43,13.9
2015,7,14,17,0,13.2
2015,7,14,18,0,12.4
2015,7,14,19,0,11.5
2015,7,14,20,0,10.6
2015,7,14,21,0,10
2015,7,14,22,0,9.5
2015,7,14,23,0,9.1
2015,7,15,0,0,9
2015,7,15,1,0,8.9
2015,7,15,2,0,8.8
2015,7,15,3,0,8.7
2015,7,15,4,0,8.6
2015,7,15,5,0,8.5
2015,7,15,6,0,8.6
2015,7,15,7,40,9.4
2015,7,15,8,224,10.4
2015,7,15,9,378,11
2015,7,15,10,490,12.1
2015,7,15,11,551,12.8
2015,7,15,12,552,13.3
2015,7,15,13,493,13.7
2015,7,15,14,381,13.8
2015,7,15,15,227,13.5
2015,7,15,16,63,12.8
2015,7,15,17,0,12.5
2015,7,15,18,0,12.4
2015,7,15,19,0,12.3
2015,7,15,20,0,12.2
2015,7,15,21,0,12.2
2015,7,15,22,0,12.3
2015,7,15,23,0,12.1
2015,7,16,0,0,11.9
2015,7,16,1,0,11.6
2015,7,16,2,0,11.4
2015,7,16,3,0,11.4
2015,7,16,4,0,11.3
2015,7,16,5,0,11.3
2015,7,16,6,0,11.5
2015,7,16,7,40,11.8
2015,7,16,8,97,12.3
2015,7,16,9,29,12.4
2015,7,16,10,16,12.2
2015,7,16,11,25,12.2
2015,7,16,12,160,12.5
2015,7,16,13,320,12.7
2015,7,16,14,303,12.7
2015,7,16,15,226,12.2
2015,7,16,16,45,11.4
2015,7,16,17,0,10.7
2015,7,16,18,0,10.3
2015,7,16,19,0,9.9
2015,7,16,20,0,9.5
2015,7,16,21,0,9.1
2015,7,16,22,0,8.7
2015,7,16,23,0,8.3
2015,7,17,0,0,7.9
2015,7,17,1,0,7.8
2015,7,17,2,0,7.7
2015,7,17,3,0,7.6
2015,7,17,4,0,7.7
2015,7,17,5,0,7.9
2015,7,17,6,0,8
2015,7,17,7,4,8.4
2015,7,17,8,8,9.3
2015,7,17,9,54,9.9
2015,7,17,10,63,10.9
2015,7,17,11,57,11.5
2015,7,17,12,25,12
2015,7,17,13,281,12.4
2015,7,17,14,190,12.6
2015,7,17,15,105,12.6
2015,7,17,16,26,12.3
2015,7,17,17,0,12
2015,7,17,18,0,11.6
2015,7,17,19,0,11.2
2015,7,17,20,0,10.8
2015,7,17,21,0,10.6
2015,7,17,22,0,10.4
2015,7,17,23,0,10.1
2015,7,18,0,0,10.1
2015,7,18,1,0,10.4
2015,7,18,2,0,10.8
2015,7,18,3,0,10.7
2015,7,18,4,0,10.5
2015,7,18,5,0,10.3
2015,7,18,6,0,10.4
2015,7,18,7,54,11
2015,7,18,8,136,12
2015,7,18,9,274,12.5
2015,7,18,10,159,13.8
2015,7,18,11,151,14.2
2015,7,18,12,362,14.2
2015,7,18,13,281,14.1
2015,7,18,14,173,13.9
2015,7,18,15,74,13.6
2015,7,18,16,19,13.1
2015,7,18,17,0,12.7
2015,7,18,18,0,12.4
2015,7,18,19,0,12.1
2015,7,18,20,0,12
2015,7,18,21,0,12.1
2015,7,18,22,0,12.1
2015,7,18,23,0,12
2015,7,19,0,0,11.9
2015,7,19,1,0,12
2015,7,19,2,0,11.9
2015,7,19,3,0,12
2015,7,19,4,0,12.1
2015,7,19,5,0,12.1
2015,7,19,6,0,12.1
2015,7,19,7,55,12.7
2015,7,19,8,133,13.4
2015,7,19,9,259,13.8
2015,7,19,10,487,14.5
2015,7,19,11,549,15
2015,7,19,12,550,15.3
2015,7,19,13,493,15.4
2015,7,19,14,381,15.4
2015,7,19,15,168,15.1
2015,7,19,16,45,14.6
2015,7,19,17,0,14.3
2015,7,19,18,0,14.1
2015,7,19,19,0,14
2015,7,19,20,0,13.8
2015,7,19,21,0,13.7
2015,7,19,22,0,13.5
2015,7,19,23,0,13.4
2015,7,20,0,0,13.2
2015,7,20,1,0,12.9
2015,7,20,2,0,12.6
2015,7,20,3,0,12.3
2015,7,20,4,0,12
2015,7,20,5,0,11.7
2015,7,20,6,0,11.7
2015,7,20,7,36,12.5
2015,7,20,8,232,13.7
2015,7,20,9,266,14.2
2015,7,20,10,346,15.4
2015,7,20,11,404,15.9
2015,7,20,12,211,16.1
2015,7,20,13,250,16.2
2015,7,20,14,223,16
2015,7,20,15,88,15.6
2015,7,20,16,23,15.1
2015,7,20,17,0,14.8
2015,7,20,18,0,14.9
2015,7,20,19,0,15
2015,7,20,20,0,15.1
2015,7,20,21,0,14.8
2015,7,20,22,0,14.3
2015,7,20,23,0,13.8
2015,7,21,0,0,13.3
2015,7,21,1,0,12.9
2015,7,21,2,0,12.5
2015,7,21,3,0,12.2
2015,7,21,4,0,11.9
2015,7,21,5,0,11.6
2015,7,21,6,0,11.5
2015,7,21,7,21,11.9
2015,7,21,8,229,12.9
2015,7,21,9,383,13.5
2015,7,21,10,501,15.1
2015,7,21,11,564,16
2015,7,21,12,566,16.8
2015,7,21,13,508,17.2
2015,7,21,14,396,17.3
2015,7,21,15,242,16.8
2015,7,21,16,75,15.9
2015,7,21,17,0,15.4
2015,7,21,18,0,15.2
2015,7,21,19,0,15.1
2015,7,21,20,0,14.8
2015,7,21,21,0,14.6
2015,7,21,22,0,14.3
2015,7,21,23,0,14
2015,7,22,0,0,13.6
2015,7,22,1,0,13.2
2015,7,22,2,0,12.8
2015,7,22,3,0,12.5
2015,7,22,4,0,12.3
2015,7,22,5,0,12.1
2015,7,22,6,0,12.1
2015,7,22,7,30,12.6
2015,7,22,8,106,13.2
2015,7,22,9,181,13.4
2015,7,22,10,194,14.1
2015,7,22,11,165,14.5
2015,7,22,12,172,14.9
2015,7,22,13,216,15.3
2015,7,22,14,278,15.6
2015,7,22,15,163,15.4
2015,7,22,16,48,14.8
2015,7,22,17,0,14.2
2015,7,22,18,0,13.9
2015,7,22,19,0,13.5
2015,7,22,20,0,13.1
2015,7,22,21,0,12.7
2015,7,22,22,0,12.4
2015,7,22,23,0,12
2015,7,23,0,0,11.7
2015,7,23,1,0,11.5
2015,7,23,2,0,11.3
2015,7,23,3,0,11.4
2015,7,23,4,0,11.7
2015,7,23,5,0,11.9
2015,7,23,6,0,12
2015,7,23,7,43,12.5
2015,7,23,8,15,13.3
2015,7,23,9,68,13.8
2015,7,23,10,216,15.4
2015,7,23,11,407,16.5
2015,7,23,12,323,17.1
2015,7,23,13,496,17.3
2015,7,23,14,89,17.2
2015,7,23,15,79,16.6
2015,7,23,16,21,15.8
2015,7,23,17,0,15.1
2015,7,23,18,0,14.8
2015,7,23,19,0,14.7
2015,7,23,20,0,14.7
2015,7,23,21,0,14.8
2015,7,23,22,0,14.9
2015,7,23,23,0,14.9
2015,7,24,0,0,14.8
2015,7,24,1,0,14.5
2015,7,24,2,0,14.2
2015,7,24,3,0,13.9
2015,7,24,4,0,13.7
2015,7,24,5,0,13.5
2015,7,24,6,0,13.4
2015,7,24,7,30,13.7
2015,7,24,8,107,14.5
2015,7,24,9,214,14.9
2015,7,24,10,274,16.2
2015,7,24,11,558,16.9
2015,7,24,12,414,17.6
2015,7,24,13,366,18.2
2015,7,24,14,203,18.4
2015,7,24,15,69,18.1
2015,7,24,16,19,17.3
2015,7,24,17,0,16.7
2015,7,24,18,0,16.3
2015,7,24,19,0,15.9
2015,7,24,20,0,15.4
2015,7,24,21,0,14.8
2015,7,24,22,0,14.3
2015,7,24,23,0,13.9
2015,7,25,0,0,13.5
2015,7,25,1,0,13.2
2015,7,25,2,0,13
2015,7,25,3,0,12.8
2015,7,25,4,0,12.5
2015,7,25,5,0,12.3
2015,7,25,6,0,12.4
2015,7,25,7,72,13.2
2015,7,25,8,243,14.4
2015,7,25,9,403,15.1
2015,7,25,10,520,16.4
2015,7,25,11,582,17.1
2015,7,25,12,584,17.7
2015,7,25,13,527,18.2
2015,7,25,14,413,18.4
2015,7,25,15,255,17.9
2015,7,25,16,82,16.9
2015,7,25,17,0,16
2015,7,25,18,0,15.2
2015,7,25,19,0,14.6
2015,7,25,20,0,14.1
2015,7,25,21,0,13.6
2015,7,25,22,0,13.1
2015,7,25,23,0,12.7
2015,7,26,0,0,12.3
2015,7,26,1,0,12
2015,7,26,2,0,11.7
2015,7,26,3,0,11.4
2015,7,26,4,0,11.2
2015,7,26,5,0,11.1
2015,7,26,6,0,11.4
2015,7,26,7,32,12.1
2015,7,26,8,124,13.2
2015,7,26,9,404,13.8
2015,7,26,10,515,15.7
2015,7,26,11,576,16.8
2015,7,26,12,575,17.7
2015,7,26,13,425,18.2
2015,7,26,14,410,18.1
2015,7,26,15,257,17.4
2015,7,26,16,85,16.3
2015,7,26,17,0,15.5
2015,7,26,18,0,14.7
2015,7,26,19,0,13.7
2015,7,26,20,0,12.9
2015,7,26,21,0,12.3
2015,7,26,22,0,11.7
2015,7,26,23,0,11.2
2015,7,27,0,0,10.8
2015,7,27,1,0,10.6
2015,7,27,2,0,10.3
2015,7,27,3,0,10.1
2015,7,27,4,0,9.8
2015,7,27,5,0,9.6
2015,7,27,6,0,9.6
2015,7,27,7,34,10.2
2015,7,27,8,262,11.1
2015,7,27,9,426,11.5
2015,7,27,10,543,12.7
2015,7,27,11,603,13.4
2015,7,27,12,601,13.8
2015,7,27,13,538,14.1
2015,7,27,14,420,14.2
2015,7,27,15,260,13.9
2015,7,27,16,87,13.2
2015,7,27,17,0,12.6
2015,7,27,18,0,12.2
2015,7,27,19,0,11.7
2015,7,27,20,0,11.1
2015,7,27,21,0,10.6
2015,7,27,22,0,10.2
2015,7,27,23,0,9.9
2015,7,28,0,0,9.7
2015,7,28,1,0,9.6
2015,7,28,2,0,9.5
2015,7,28,3,0,9.4
2015,7,28,4,0,9.2
2015,7,28,5,0,9.1
2015,7,28,6,0,9.3
2015,7,28,7,83,10.3
2015,7,28,8,258,11.7
2015,7,28,9,419,12.4
2015,7,28,10,533,14.3
2015,7,28,11,593,15.1
2015,7,28,12,594,15.6
2015,7,28,13,532,15.8
2015,7,28,14,417,15.7
2015,7,28,15,260,15.3
2015,7,28,16,87,14.4
2015,7,28,17,0,13.8
2015,7,28,18,0,13.6
2015,7,28,19,0,13.4
2015,7,28,20,0,13.2
2015,7,28,21,0,13
2015,7,28,22,0,12.7
2015,7,28,23,0,12.4
2015,7,29,0,0,11.9
2015,7,29,1,0,11.5
2015,7,29,2,0,11.1
2015,7,29,3,0,10.9
2015,7,29,4,0,10.7
2015,7,29,5,0,10.5
2015,7,29,6,0,10.6
2015,7,29,7,35,11.5
2015,7,29,8,252,12.7
2015,7,29,9,411,13.3
2015,7,29,10,530,14.9
2015,7,29,11,593,15.6
2015,7,29,12,595,16
2015,7,29,13,536,16.2
2015,7,29,14,422,16.2
2015,7,29,15,265,15.7
2015,7,29,16,90,14.8
2015,7,29,17,0,14.1
2015,7,29,18,0,13.8
2015,7,29,19,0,13.7
2015,7,29,20,0,13.5
2015,7,29,21,0,13.3
2015,7,29,22,0,13
2015,7,29,23,0,12.5
2015,7,30,0,0,12.2
2015,7,30,1,0,11.9
2015,7,30,2,0,11.7
2015,7,30,3,0,11.4
2015,7,30,4,0,11.2
2015,7,30,5,0,10.9
2015,7,30,6,0,10.9
2015,7,30,7,65,11.4
2015,7,30,8,209,12.5
2015,7,30,9,422,13.2
2015,7,30,10,544,15.2
2015,7,30,11,608,16.2
2015,7,30,12,610,16.9
2015,7,30,13,549,17.6
2015,7,30,14,366,17.9
2015,7,30,15,194,17.5
2015,7,30,16,63,16.6
2015,7,30,17,0,15.8
2015,7,30,18,0,15.1
2015,7,30,19,0,14.5
2015,7,30,20,0,13.9
2015,7,30,21,0,13.4
2015,7,30,22,0,13.1
2015,7,30,23,0,12.7
2015,7,31,0,0,12.5
2015,7,31,1,0,12.4
2015,7,31,2,0,12.4
2015,7,31,3,0,12.4
2015,7,31,4,0,12.3
2015,7,31,5,0,12.1
2015,7,31,6,0,12.1
2015,7,31,7,84,12.8
2015,7,31,8,260,14
2015,7,31,9,420,14.6
2015,7,31,10,541,16.5
2015,7,31,11,606,17.3
2015,7,31,12,607,17.7
2015,7,31,13,545,17.9
2015,7,31,14,427,17.9
2015,7,31,15,268,17.3
2015,7,31,16,92,16.2
2015,7,31,17,0,15.5
2015,7,31,18,0,15.2
2015,7,31,19,0,15
2015,7,31,20,0,14.6
2015,7,31,21,0,14
2015,7,31,22,0,13.3
2015,7,31,23,0,12.6
2015,8,1,0,0,11.9
2015,8,1,1,0,11.3
2015,8,1,2,0,10.8
2015,8,1,3,0,10.4
2015,8,1,4,0,10.2
2015,8,1,5,0,10.2
2015,8,1,6,0,10.6
2015,8,1,7,74,11.7
2015,8,1,8,150,13.1
2015,8,1,9,403,13.9
2015,8,1,10,513,16.4
2015,8,1,11,575,17.9
2015,8,1,12,573,19.1
2015,8,1,13,522,19.8
2015,8,1,14,406,20
2015,8,1,15,159,19.4
2015,8,1,16,83,18.7
2015,8,1,17,0,18.1
2015,8,1,18,0,17.7
2015,8,1,19,0,17.3
2015,8,1,20,0,16.8
2015,8,1,21,0,16.2
2015,8,1,22,0,15.7
2015,8,1,23,0,15.2
2015,8,2,0,0,14.8
2015,8,2,1,0,14.5
2015,8,2,2,0,14.3
2015,8,2,3,0,14.1
2015,8,2,4,0,14
2015,8,2,5,0,14
2015,8,2,6,0,14.1
2015,8,2,7,45,14.7
2015,8,2,8,250,15.6
2015,8,2,9,370,16.1
2015,8,2,10,526,18
2015,8,2,11,429,19.2
2015,8,2,12,486,20.1
2015,8,2,13,529,20.7
2015,8,2,14,419,21
2015,8,2,15,265,20.7
2015,8,2,16,93,19.9
2015,8,2,17,0,19.1
2015,8,2,18,0,18.5
2015,8,2,19,0,17.8
2015,8,2,20,0,17.1
2015,8,2,21,0,16.2
2015,8,2,22,0,15.3
2015,8,2,23,0,14.4
2015,8,3,0,0,13.5
2015,8,3,1,0,12.6
2015,8,3,2,0,11.8
2015,8,3,3,0,11.2
2015,8,3,4,0,10.7
2015,8,3,5,0,10.5
2015,8,3,6,0,10.7
2015,8,3,7,101,11.6
2015,8,3,8,286,12.7
2015,8,3,9,451,13.2
2015,8,3,10,570,14.7
2015,8,3,11,632,15.7
2015,8,3,12,628,16.5
2015,8,3,13,565,16.8
2015,8,3,14,447,16.7
2015,8,3,15,284,16
2015,8,3,16,104,15
2015,8,3,17,0,14
2015,8,3,18,0,13.5
2015,8,3,19,0,12.9
2015,8,3,20,0,12.4
2015,8,3,21,0,11.9
2015,8,3,22,0,11.5
2015,8,3,23,0,11.1
2015,8,4,0,0,10.7
2015,8,4,1,0,10.5
2015,8,4,2,0,10.3
2015,8,4,3,0,10.1
2015,8,4,4,0,9.9
2015,8,4,5,0,9.7
2015,8,4,6,0,9.9
2015,8,4,7,26,10.6
2015,8,4,8,88,11.4
2015,8,4,9,180,11.7
2015,8,4,10,358,12.5
2015,8,4,11,178,12.7
2015,8,4,12,262,12.9
2015,8,4,13,365,12.9
2015,8,4,14,436,13
2015,8,4,15,203,12.9
2015,8,4,16,99,12.5
2015,8,4,17,0,12
2015,8,4,18,0,11.7
2015,8,4,19,0,11.3
2015,8,4,20,0,10.6
2015,8,4,21,0,9.6
2015,8,4,22,0,8.6
2015,8,4,23,0,7.9
2015,8,5,0,0,7.5
2015,8,5,1,0,7.2
2015,8,5,2,0,7
2015,8,5,3,0,6.8
2015,8,5,4,0,6.8
2015,8,5,5,0,6.7
2015,8,5,6,0,7.1
2015,8,5,7,101,8.1
2015,8,5,8,167,9.6
2015,8,5,9,318,10.4
2015,8,5,10,201,12.6
2015,8,5,11,450,13.7
2015,8,5,12,389,14.3
2015,8,5,13,281,14.5
2015,8,5,14,257,14.5
2015,8,5,15,289,14.2
2015,8,5,16,51,13.4
2015,8,5,17,0,12.6
2015,8,5,18,0,12
2015,8,5,19,0,11.6
2015,8,5,20,0,11.2
2015,8,5,21,0,11
2015,8,5,22,0,10.7
2015,8,5,23,0,10.5
2015,8,6,0,0,10.2
2015,8,6,1,0,9.9
2015,8,6,2,0,9.7
2015,8,6,3,0,9.4
2015,8,6,4,0,9.3
2015,8,6,5,0,9.2
2015,8,6,6,0,9.4
2015,8,6,7,106,10.2
2015,8,6,8,290,11.4
2015,8,6,9,453,11.9
2015,8,6,10,571,13.5
2015,8,6,11,632,14.1
2015,8,6,12,633,14.5
2015,8,6,13,568,14.8
2015,8,6,14,450,14.8
2015,8,6,15,288,14.4
2015,8,6,16,74,13.6
2015,8,6,17,0,13
2015,8,6,18,0,12.6
2015,8,6,19,0,12
2015,8,6,20,0,11.2
2015,8,6,21,0,10.5
2015,8,6,22,0,10.1
2015,8,6,23,0,9.8
2015,8,7,0,0,9.5
2015,8,7,1,0,9.4
2015,8,7,2,0,9.3
2015,8,7,3,0,9.3
2015,8,7,4,0,9.4
2015,8,7,5,0,9.4
2015,8,7,6,0,9.6
2015,8,7,7,105,10.5
2015,8,7,8,288,11.7
2015,8,7,9,452,12.4
2015,8,7,10,574,14.1
2015,8,7,11,638,14.9
2015,8,7,12,638,15.4
2015,8,7,13,576,15.7
2015,8,7,14,457,15.7
2015,8,7,15,294,15.3
2015,8,7,16,111,14.4
2015,8,7,17,0,13.7
2015,8,7,18,0,13.4
2015,8,7,19,0,13.2
2015,8,7,20,0,12.8
2015,8,7,21,0,12.2
2015,8,7,22,0,11.5
2015,8,7,23,0,10.9
2015,8,8,0,0,10.3
2015,8,8,1,0,10
2015,8,8,2,0,9.9
2015,8,8,3,0,9.8
2015,8,8,4,0,9.9
2015,8,8,5,0,9.9
2015,8,8,6,0,10.3
2015,8,8,7,105,11.5
2015,8,8,8,214,12.9
2015,8,8,9,347,13.5
2015,8,8,10,95,14.6
2015,8,8,11,129,14.9
2015,8,8,12,147,15.1
2015,8,8,13,128,15.1
2015,8,8,14,105,15
2015,8,8,15,64,14.6
2015,8,8,16,19,14.1
2015,8,8,17,0,13.6
2015,8,8,18,0,13.4
2015,8,8,19,0,13.2
2015,8,8,20,0,12.9
2015,8,8,21,0,12.5
2015,8,8,22,0,12.2
2015,8,8,23,0,11.9
2015,8,9,0,0,11.6
2015,8,9,1,0,11.4
2015,8,9,2,0,11.2
2015,8,9,3,0,11
2015,8,9,4,0,10.8
2015,8,9,5,0,10.7
2015,8,9,6,0,10.9
2015,8,9,7,44,11.7
2015,8,9,8,155,12.6
2015,8,9,9,319,13.1
2015,8,9,10,578,14.8
2015,8,9,11,641,15.6
2015,8,9,12,639,16.1
2015,8,9,13,578,16.4
2015,8,9,14,457,16.4
2015,8,9,15,294,16.2
2015,8,9,16,112,15.5
2015,8,9,17,0,14.9
2015,8,9,18,0,14.6
2015,8,9,19,0,14.4
2015,8,9,20,0,14.1
2015,8,9,21,0,13.8
2015,8,9,22,0,13.5
2015,8,9,23,0,13.1
2015,8,10,0,0,12.7
2015,8,10,1,0,12.2
2015,8,10,2,0,11.7
2015,8,10,3,0,11.3
2015,8,10,4,0,10.9
2015,8,10,5,0,10.6
2015,8,10,6,0,10.7
2015,8,10,7,112,11.5
2015,8,10,8,296,12.9
2015,8,10,9,461,13.7
2015,8,10,10,583,15.3
2015,8,10,11,644,15.9
2015,8,10,12,644,16.5
2015,8,10,13,581,17.1
2015,8,10,14,461,17.6
2015,8,10,15,297,17.5
2015,8,10,16,115,16.7
2015,8,10,17,0,15.9
2015,8,10,18,0,15.4
2015,8,10,19,0,15.1
2015,8,10,20,0,14.7
2015,8,10,21,0,14.3
2015,8,10,22,0,13.9
2015,8,10,23,0,13.4
2015,8,11,0,0,13
2015,8,11,1,0,12.5
2015,8,11,2,0,12
2015,8,11,3,0,11.6
2015,8,11,4,0,11.2
2015,8,11,5,0,10.8
2015,8,11,6,0,10.7
2015,8,11,7,117,11.4
2015,8,11,8,303,12.9
2015,8,11,9,470,13.8
2015,8,11,10,592,16.7
2015,8,11,11,656,17.4
2015,8,11,12,656,17.8
2015,8,11,13,594,18.1
2015,8,11,14,472,18.3
2015,8,11,15,307,18
2015,8,11,16,121,17.2
2015,8,11,17,0,16.1
2015,8,11,18,0,15.3
2015,8,11,19,0,14.5
2015,8,11,20,0,13.8
2015,8,11,21,0,13.3
2015,8,11,22,0,12.7
2015,8,11,23,0,12.2
2015,8,12,0,0,11.7
2015,8,12,1,0,11.3
2015,8,12,2,0,10.9
2015,8,12,3,0,10.4
2015,8,12,4,0,10.1
2015,8,12,5,0,9.9
2015,8,12,6,0,10.1
2015,8,12,7,117,11.1
2015,8,12,8,297,12.6
2015,8,12,9,459,13.5
2015,8,12,10,446,15.8
2015,8,12,11,354,16.3
2015,8,12,12,98,16
2015,8,12,13,582,15.8
2015,8,12,14,470,15.8
2015,8,12,15,305,15.2
2015,8,12,16,15,14.2
2015,8,12,17,0,13.1
2015,8,12,18,0,12.2
2015,8,12,19,0,11.6
2015,8,12,20,0,11.3
2015,8,12,21,0,11.2
2015,8,12,22,0,11.2
2015,8,12,23,0,11.2
2015,8,13,0,0,11.2
2015,8,13,1,0,11
2015,8,13,2,0,10.8
2015,8,13,3,0,10.7
2015,8,13,4,0,10.5
2015,8,13,5,0,10.4
2015,8,13,6,0,10.6
2015,8,13,7,125,11.5
2015,8,13,8,316,12.7
2015,8,13,9,484,13.3
2015,8,13,10,610,15
2015,8,13,11,674,15.9
2015,8,13,12,670,16.6
2015,8,13,13,604,17.1
2015,8,13,14,482,17.2
2015,8,13,15,314,16.8
2015,8,13,16,127,15.8
2015,8,13,17,0,14.8
2015,8,13,18,0,13.8
2015,8,13,19,0,12.9
2015,8,13,20,0,12.3
2015,8,13,21,0,11.8
2015,8,13,22,0,11.5
2015,8,13,23,0,11.3
2015,8,14,0,0,11.2
2015,8,14,1,0,11.1
2015,8,14,2,0,10.9
2015,8,14,3,0,10.7
2015,8,14,4,0,10.5
2015,8,14,5,0,10.2
2015,8,14,6,0,10.5
2015,8,14,7,129,11.5
2015,8,14,8,317,12.9
2015,8,14,9,484,13.6
2015,8,14,10,605,15.2
2015,8,14,11,669,15.9
2015,8,14,12,669,16.5
2015,8,14,13,606,16.9
2015,8,14,14,483,17
2015,8,14,15,317,16.7
2015,8,14,16,129,15.8
2015,8,14,17,0,15
2015,8,14,18,0,14.7
2015,8,14,19,0,14.8
2015,8,14,20,0,14.8
2015,8,14,21,0,14.5
2015,8,14,22,0,13.7
2015,8,14,23,0,12.8
2015,8,15,0,0,12.1
2015,8,15,1,0,11.7
2015,8,15,2,0,11.4
2015,8,15,3,0,11.2
2015,8,15,4,0,11.2
2015,8,15,5,0,11.2
2015,8,15,6,0,11.7
2015,8,15,7,126,13
2015,8,15,8,310,14.5
2015,8,15,9,473,15.2
2015,8,15,10,47,16.6
2015,8,15,11,249,16.9
2015,8,15,12,351,17
2015,8,15,13,325,16.9
2015,8,15,14,277,16.6
2015,8,15,15,208,16.1
2015,8,15,16,122,15.5
2015,8,15,17,0,14.9
2015,8,15,18,0,14.8
2015,8,15,19,0,14.7
2015,8,15,20,0,14.6
2015,8,15,21,0,14.5
2015,8,15,22,0,14.5
2015,8,15,23,0,14.5
2015,8,16,0,0,14.5
2015,8,16,1,0,14.4
2015,8,16,2,0,14.3
2015,8,16,3,0,14.3
2015,8,16,4,0,14.3
2015,8,16,5,0,14.2
2015,8,16,6,0,14.3
2015,8,16,7,127,14.7
2015,8,16,8,311,15.5
2015,8,16,9,476,16
2015,8,16,10,600,17.1
2015,8,16,11,660,17.8
2015,8,16,12,657,18.3
2015,8,16,13,594,18.6
2015,8,16,14,470,18.8
2015,8,16,15,304,18.5
2015,8,16,16,122,17.7
2015,8,16,17,0,16.9
2015,8,16,18,0,16.4
2015,8,16,19,0,16.1
2015,8,16,20,0,15.6
2015,8,16,21,0,14.9
2015,8,16,22,0,14.2
2015,8,16,23,0,13.4
2015,8,17,0,0,12.8
2015,8,17,1,0,12.4
2015,8,17,2,0,12
2015,8,17,3,0,11.6
2015,8,17,4,0,11.3
2015,8,17,5,0,11
2015,8,17,6,0,11.2
2015,8,17,7,145,12.2
2015,8,17,8,338,13.7
2015,8,17,9,506,14.4
2015,8,17,10,625,16.2
2015,8,17,11,500,17.2
2015,8,17,12,684,18
2015,8,17,13,618,18.5
2015,8,17,14,495,18.6
2015,8,17,15,327,18.3
2015,8,17,16,137,17.3
2015,8,17,17,0,16.3
2015,8,17,18,0,15.6
2015,8,17,19,0,15.1
2015,8,17,20,0,14.5
2015,8,17,21,0,14
2015,8,17,22,0,13.5
2015,8,17,23,0,13
2015,8,18,0,0,12.6
2015,8,18,1,0,12.2
2015,8,18,2,0,11.9
2015,8,18,3,0,11.7
2015,8,18,4,0,11.5
2015,8,18,5,0,11.4
2015,8,18,6,0,11.6
2015,8,18,7,146,12.4
2015,8,18,8,337,13.2
2015,8,18,9,505,13.6
2015,8,18,10,625,14.3
2015,8,18,11,552,14.6
2015,8,18,12,685,14.7
2015,8,18,13,620,14.7
2015,8,18,14,496,14.6
2015,8,18,15,326,14.2
2015,8,18,16,136,13.4
2015,8,18,17,0,12.7
2015,8,18,18,0,12.4
2015,8,18,19,0,12.3
2015,8,18,20,0,12.2
2015,8,18,21,0,12.1
2015,8,18,22,0,12.1
2015,8,18,23,0,12.1
2015,8,19,0,0,12.1
2015,8,19,1,0,12
2015,8,19,2,0,11.9
2015,8,19,3,0,11.9
2015,8,19,4,0,11.8
2015,8,19,5,0,11.9
2015,8,19,6,0,12.3
2015,8,19,7,141,13.2
2015,8,19,8,331,14.2
2015,8,19,9,500,14.6
2015,8,19,10,607,15.4
2015,8,19,11,671,15.9
2015,8,19,12,670,16.2
2015,8,19,13,594,16.4
2015,8,19,14,347,16.4
2015,8,19,15,91,16.2
2015,8,19,16,130,15.6
2015,8,19,17,0,15
2015,8,19,18,0,14.8
2015,8,19,19,0,14.7
2015,8,19,20,0,14.6
2015,8,19,21,0,14.5
2015,8,19,22,0,14.4
2015,8,19,23,0,14.2
2015,8,20,0,0,13.8
2015,8,20,1,0,13.2
2015,8,20,2,0,12.4
2015,8,20,3,0,11.8
2015,8,20,4,0,11.4
2015,8,20,5,0,11
2015,8,20,6,0,11.2
2015,8,20,7,143,12.3
2015,8,20,8,330,13.9
2015,8,20,9,495,14.8
2015,8,20,10,616,16.9
2015,8,20,11,678,17.9
2015,8,20,12,676,18.5
2015,8,20,13,618,18.9
2015,8,20,14,494,18.9
2015,8,20,15,326,18.6
2015,8,20,16,138,17.7
2015,8,20,17,0,16.7
2015,8,20,18,0,16.2
2015,8,20,19,0,16
2015,8,20,20,0,15.7
2015,8,20,21,0,15.4
2015,8,20,22,0,14.9
2015,8,20,23,0,14.4
2015,8,21,0,0,13.9
2015,8,21,1,0,13.4
2015,8,21,2,0,12.9
2015,8,21,3,0,12.6
2015,8,21,4,0,12.3
2015,8,21,5,0,12
2015,8,21,6,0,12.3
2015,8,21,7,153,13.4
2015,8,21,8,344,14.8
2015,8,21,9,513,15.6
2015,8,21,10,631,18
2015,8,21,11,693,19.4
2015,8,21,12,692,20.3
2015,8,21,13,435,20.6
2015,8,21,14,340,20.5
2015,8,21,15,327,19.8
2015,8,21,16,80,19
2015,8,21,17,0,18.2
2015,8,21,18,0,17.5
2015,8,21,19,0,17.1
2015,8,21,20,0,17
2015,8,21,21,0,16.9
2015,8,21,22,0,16.7
2015,8,21,23,0,16.4
2015,8,22,0,0,16
2015,8,22,1,0,15.7
2015,8,22,2,0,15.4
2015,8,22,3,0,15.1
2015,8,22,4,0,14.9
2015,8,22,5,0,14.8
2015,8,22,6,0,15.2
2015,8,22,7,139,16.3
2015,8,22,8,328,17.8
2015,8,22,9,496,18.7
2015,8,22,10,452,21
2015,8,22,11,370,22.1
2015,8,22,12,670,23
2015,8,22,13,613,23.4
2015,8,22,14,485,23.4
2015,8,22,15,315,22.9
2015,8,22,16,131,22
2015,8,22,17,0,21.2
2015,8,22,18,0,20.7
2015,8,22,19,0,20.2
2015,8,22,20,0,19.8
2015,8,22,21,0,19.3
2015,8,22,22,0,19
2015,8,22,23,0,18.8
2015,8,23,0,0,18.5
2015,8,23,1,0,18.2
2015,8,23,2,0,17.8
2015,8,23,3,0,17.5
2015,8,23,4,0,17.3
2015,8,23,5,0,17.2
2015,8,23,6,0,17.1
2015,8,23,7,7,17
2015,8,23,8,24,17
2015,8,23,9,25,16.9
2015,8,23,10,190,16.7
2015,8,23,11,218,17
2015,8,23,12,191,17.3
2015,8,23,13,94,17.3
2015,8,23,14,170,17.1
2015,8,23,15,141,16.8
2015,8,23,16,55,16.5
2015,8,23,17,0,16.3
2015,8,23,18,0,16.3
2015,8,23,19,0,16.2
2015,8,23,20,0,16.2
2015,8,23,21,0,16.3
2015,8,23,22,0,16.1
2015,8,23,23,0,16
2015,8,24,0,0,15.9
2015,8,24,1,0,15.8
2015,8,24,2,0,15.9
2015,8,24,3,0,15.9
2015,8,24,4,0,16
2015,8,24,5,0,16
2015,8,24,6,0,16.4
2015,8,24,7,24,17
2015,8,24,8,56,17.5
2015,8,24,9,48,17.7
2015,8,24,10,62,17.7
2015,8,24,11,73,17.5
2015,8,24,12,32,17.5
2015,8,24,13,82,17.5
2015,8,24,14,196,17.4
2015,8,24,15,24,17.2
2015,8,24,16,15,16.7
2015,8,24,17,0,16.4
2015,8,24,18,0,16.3
2015,8,24,19,0,16.5
2015,8,24,20,0,16.6
2015,8,24,21,0,16.8
2015,8,24,22,0,16.9
2015,8,24,23,0,17
2015,8,25,0,0,16.9
2015,8,25,1,0,16.6
2015,8,25,2,0,16.2
2015,8,25,3,0,15.8
2015,8,25,4,0,15.3
2015,8,25,5,0,14.8
2015,8,25,6,0,14.7
2015,8,25,7,11,15
2015,8,25,8,342,15.4
2015,8,25,9,506,15.7
2015,8,25,10,620,16.4
2015,8,25,11,680,16.6
2015,8,25,12,322,16.5
2015,8,25,13,437,16.4
2015,8,25,14,345,16.3
2015,8,25,15,246,16
2015,8,25,16,78,15.3
2015,8,25,17,0,14.6
2015,8,25,18,0,14.2
2015,8,25,19,0,13.9
2015,8,25,20,0,13.5
2015,8,25,21,0,13.3
2015,8,25,22,0,13.2
2015,8,25,23,0,13.2
2015,8,26,0,0,13.2
2015,8,26,1,0,13.4
2015,8,26,2,0,13.6
2015,8,26,3,0,13.8
2015,8,26,4,0,13.8
2015,8,26,5,0,13.9
2015,8,26,6,6,14.3
2015,8,26,7,89,14.8
2015,8,26,8,336,15.3
2015,8,26,9,504,15.5
2015,8,26,10,621,16.5
2015,8,26,11,685,17.3
2015,8,26,12,687,17.8
2015,8,26,13,628,18
2015,8,26,14,327,18
2015,8,26,15,135,17.7
2015,8,26,16,51,17
2015,8,26,17,0,16.2
2015,8,26,18,0,15.8
2015,8,26,19,0,15.5
2015,8,26,20,0,15.3
2015,8,26,21,0,15.1
2015,8,26,22,0,15.1
2015,8,26,23,0,15.1
2015,8,27,0,0,15.1
2015,8,27,1,0,15.1
2015,8,27,2,0,15.1
2015,8,27,3,0,15
2015,8,27,4,0,14.9
2015,8,27,5,0,14.9
2015,8,27,6,12,15
2015,8,27,7,125,15.3
2015,8,27,8,274,15.8
2015,8,27,9,186,16.1
2015,8,27,10,166,17.1
2015,8,27,11,396,17.9
2015,8,27,12,364,18.7
2015,8,27,13,541,19.2
2015,8,27,14,441,19.4
2015,8,27,15,239,19.2
2015,8,27,16,156,18.5
2015,8,27,17,0,17.6
2015,8,27,18,0,16.8
2015,8,27,19,0,15.9
2015,8,27,20,0,15
2015,8,27,21,0,14.3
2015,8,27,22,0,13.6
2015,8,27,23,0,13.1
2015,8,28,0,0,12.7
2015,8,28,1,0,12.5
2015,8,28,2,0,12.4
2015,8,28,3,0,12.3
2015,8,28,4,0,12.2
2015,8,28,5,0,12.3
2015,8,28,6,17,12.8
2015,8,28,7,186,13.9
2015,8,28,8,380,14.6
2015,8,28,9,544,14.9
2015,8,28,10,473,15.4
2015,8,28,11,719,16.1
2015,8,28,12,716,16.7
2015,8,28,13,656,17.2
2015,8,28,14,531,17.3
2015,8,28,15,92,17.2
2015,8,28,16,35,16.5
2015,8,28,17,0,15.8
2015,8,28,18,0,15.4
2015,8,28,19,0,15.2
2015,8,28,20,0,15.1
2015,8,28,21,0,14.8
2015,8,28,22,0,14.4
2015,8,28,23,0,14
2015,8,29,0,0,13.6
2015,8,29,1,0,13.3
2015,8,29,2,0,13
2015,8,29,3,0,12.6
2015,8,29,4,0,12.3
2015,8,29,5,0,12
2015,8,29,6,17,12.1
2015,8,29,7,185,12.8
2015,8,29,8,385,13.8
2015,8,29,9,557,14.4
2015,8,29,10,680,15.8
2015,8,29,11,743,16.5
2015,8,29,12,738,17.2
2015,8,29,13,671,17.6
2015,8,29,14,542,17.9
2015,8,29,15,367,17.8
2015,8,29,16,168,17.1
2015,8,29,17,0,16.1
2015,8,29,18,0,15.4
2015,8,29,19,0,14.6
2015,8,29,20,0,13.8
2015,8,29,21,0,13.1
2015,8,29,22,0,12.5
2015,8,29,23,0,12
2015,8,30,0,0,11.7
2015,8,30,1,0,11.6
2015,8,30,2,0,11.4
2015,8,30,3,0,11.2
2015,8,30,4,0,11.1
2015,8,30,5,0,11.1
2015,8,30,6,22,11.5
2015,8,30,7,199,12.7
2015,8,30,8,397,13.8
2015,8,30,9,567,14.3
2015,8,30,10,684,15.3
2015,8,30,11,743,15.8
2015,8,30,12,736,16.1
2015,8,30,13,668,16.2
2015,8,30,14,538,16.1
2015,8,30,15,362,15.8
2015,8,30,16,166,15
2015,8,30,17,0,14.4
2015,8,30,18,0,14.2
2015,8,30,19,0,14.2
2015,8,30,20,0,14.2
2015,8,30,21,0,14.2
2015,8,30,22,0,14.1
2015,8,30,23,0,14
2015,8,31,0,0,13.8
2015,8,31,1,0,13.4
2015,8,31,2,0,13
2015,8,31,3,0,12.6
2015,8,31,4,0,12.2
2015,8,31,5,0,12
2015,8,31,6,23,12.3
2015,8,31,7,201,13.1
2015,8,31,8,401,13.8
2015,8,31,9,572,14.2
2015,8,31,10,695,15.3
2015,8,31,11,757,15.9
2015,8,31,12,753,16.3
2015,8,31,13,682,16.5
2015,8,31,14,552,16.5
2015,8,31,15,374,16.3
2015,8,31,16,172,15.7
2015,8,31,17,0,15
2015,8,31,18,0,14.7
2015,8,31,19,0,14.5
2015,8,31,20,0,14.2
2015,8,31,21,0,13.8
2015,8,31,22,0,13.4
2015,8,31,23,0,13
2015,9,1,0,0,12.5
2015,9,1,1,0,12.1
2015,9,1,2,0,11.7
2015,9,1,3,0,11.4
2015,9,1,4,0,11.1
2015,9,1,5,0,10.8
2015,9,1,6,26,11.3
2015,9,1,7,208,12.3
2015,9,1,8,410,13.3
2015,9,1,9,584,13.8
2015,9,1,10,710,15
2015,9,1,11,773,15.7
2015,9,1,12,771,16.2
2015,9,1,13,701,16.6
2015,9,1,14,569,16.9
2015,9,1,15,387,16.7
2015,9,1,16,182,15.9
2015,9,1,17,0,15
2015,9,1,18,0,14.5
2015,9,1,19,0,14.4
2015,9,1,20,0,14.4
2015,9,1,21,0,14.2
2015,9,1,22,0,13.7
2015,9,1,23,0,13.1
2015,9,2,0,0,12.5
2015,9,2,1,0,11.9
2015,9,2,2,0,11.3
2015,9,2,3,0,10.9
2015,9,2,4,0,10.5
2015,9,2,5,0,10.3
2015,9,2,6,4,10.5
2015,9,2,7,21,11.5
2015,9,2,8,417,13
2015,9,2,9,480,13.8
2015,9,2,10,339,15.9
2015,9,2,11,769,16.9
2015,9,2,12,605,17.7
2015,9,2,13,691,18.3
2015,9,2,14,558,18.5
2015,9,2,15,379,18.4
2015,9,2,16,177,17.6
2015,9,2,17,12,16.7
2015,9,2,18,0,16.3
2015,9,2,19,0,16.2
2015,9,2,20,0,16
2015,9,2,21,0,16
2015,9,2,22,0,15.9
2015,9,2,23,0,15.8
2015,9,3,0,0,15.5
2015,9,3,1,0,14.8
2015,9,3,2,0,13.7
2015,9,3,3,0,13.1
2015,9,3,4,0,13
2015,9,3,5,0,13
2015,9,3,6,29,13.3
2015,9,3,7,208,14.1
2015,9,3,8,408,15.2
2015,9,3,9,413,15.8
2015,9,3,10,572,17
2015,9,3,11,468,17.4
2015,9,3,12,490,17.7
2015,9,3,13,514,17.9
2015,9,3,14,556,17.9
2015,9,3,15,379,17.6
2015,9,3,16,18,16.9
2015,9,3,17,13,16
2015,9,3,18,0,15.3
2015,9,3,19,0,14.7
2015,9,3,20,0,14.5
2015,9,3,21,0,14.7
2015,9,3,22,0,15.1
2015,9,3,23,0,15.6
2015,9,4,0,0,15.8
2015,9,4,1,0,15.7
2015,9,4,2,0,15.3
2015,9,4,3,0,15
2015,9,4,4,0,14.6
2015,9,4,5,0,14.5
2015,9,4,6,4,14.8
2015,9,4,7,204,15.5
2015,9,4,8,48,16.1
2015,9,4,9,566,16.5
2015,9,4,10,684,17.2
2015,9,4,11,744,17.4
2015,9,4,12,742,17.5
2015,9,4,13,409,17.3
2015,9,4,14,542,17.1
2015,9,4,15,368,16.8
2015,9,4,16,169,16.3
2015,9,4,17,11,15.5
2015,9,4,18,0,15.2
2015,9,4,19,0,15.2
2015,9,4,20,0,15.4
2015,9,4,21,0,15.5
2015,9,4,22,0,15.6
2015,9,4,23,0,15.5
2015,9,5,0,0,15.2
2015,9,5,1,0,14.9
2015,9,5,2,0,14.5
2015,9,5,3,0,14.2
2015,9,5,4,0,13.9
2015,9,5,5,0,13.6
2015,9,5,6,33,13.9
2015,9,5,7,214,14.8
2015,9,5,8,414,15.8
2015,9,5,9,586,16.4
2015,9,5,10,708,17.6
2015,9,5,11,765,17.8
2015,9,5,12,758,17.7
2015,9,5,13,518,17.4
2015,9,5,14,545,17.1
2015,9,5,15,367,16.8
2015,9,5,16,169,16.2
2015,9,5,17,12,15.7
2015,9,5,18,0,15.4
2015,9,5,19,0,15.3
2015,9,5,20,0,15.3
2015,9,5,21,0,15.2
2015,9,5,22,0,15.2
2015,9,5,23,0,15.2
2015,9,6,0,0,15.2
2015,9,6,1,0,15.1
2015,9,6,2,0,15
2015,9,6,3,0,15
2015,9,6,4,0,15
2015,9,6,5,0,15
2015,9,6,6,19,15.3
2015,9,6,7,126,15.7
2015,9,6,8,48,16.1
2015,9,6,9,130,16.2
2015,9,6,10,148,16.3
2015,9,6,11,414,16.2
2015,9,6,12,281,16.2
2015,9,6,13,394,16.1
2015,9,6,14,116,16.1
2015,9,6,15,250,16
2015,9,6,16,109,15.9
2015,9,6,17,11,15.8
2015,9,6,18,0,15.8
2015,9,6,19,0,15.8
2015,9,6,20,0,15.7
2015,9,6,21,0,15.4
2015,9,6,22,0,15.1
2015,9,6,23,0,14.9
2015,9,7,0,0,14.6
2015,9,7,1,0,14.3
2015,9,7,2,0,13.9
2015,9,7,3,0,13.6
2015,9,7,4,0,13.3
2015,9,7,5,0,13.1
2015,9,7,6,42,13.4
2015,9,7,7,230,14.4
2015,9,7,8,433,15.9
2015,9,7,9,604,16.8
2015,9,7,10,723,19
2015,9,7,11,778,20.1
2015,9,7,12,767,20.9
2015,9,7,13,688,21.4
2015,9,7,14,550,21.4
2015,9,7,15,278,20.9
2015,9,7,16,179,19.9
2015,9,7,17,16,18.4
2015,9,7,18,0,16.9
2015,9,7,19,0,15.7
2015,9,7,20,0,14.8
2015,9,7,21,0,14
2015,9,7,22,0,13.3
2015,9,7,23,0,12.7
2015,9,8,0,0,12.2
2015,9,8,1,0,11.8
2015,9,8,2,0,11.4
2015,9,8,3,0,11.1
2015,9,8,4,0,10.8
2015,9,8,5,0,10.7
2015,9,8,6,51,11.4
2015,9,8,7,252,12.5
2015,9,8,8,459,13.5
2015,9,8,9,633,14.1
2015,9,8,10,754,15.7
2015,9,8,11,813,16.7
2015,9,8,12,802,17.5
2015,9,8,13,725,18
2015,9,8,14,588,18.2
2015,9,8,15,403,18
2015,9,8,16,197,17.3
2015,9,8,17,19,16.4
2015,9,8,18,0,15.6
2015,9,8,19,0,14.9
2015,9,8,20,0,14.3
2015,9,8,21,0,13.8
2015,9,8,22,0,13.4
2015,9,8,23,0,13.2
2015,9,9,0,0,13
2015,9,9,1,0,12.7
2015,9,9,2,0,12.5
2015,9,9,3,0,12.3
2015,9,9,4,0,12.2
2015,9,9,5,0,12.2
2015,9,9,6,51,12.7
2015,9,9,7,246,13.8
2015,9,9,8,448,14.8
2015,9,9,9,619,15.3
2015,9,9,10,740,16.3
2015,9,9,11,799,16.8
2015,9,9,12,794,17.2
2015,9,9,13,720,17.5
2015,9,9,14,586,17.6
2015,9,9,15,403,17.4
2015,9,9,16,196,16.6
2015,9,9,17,19,15.8
2015,9,9,18,0,15.3
2015,9,9,19,0,15.1
2015,9,9,20,0,15.1
2015,9,9,21,0,15
2015,9,9,22,0,14.8
2015,9,9,23,0,14.5
2015,9,10,0,0,14.2
2015,9,10,1,0,14
2015,9,10,2,0,13.9
2015,9,10,3,0,13.8
2015,9,10,4,0,13.8
2015,9,10,5,0,14.1
2015,9,10,6,24,14.7
2015,9,10,7,132,15.7
2015,9,10,8,442,16.5
2015,9,10,9,615,16.8
2015,9,10,10,738,17.4
2015,9,10,11,797,17.7
2015,9,10,12,437,17.9
2015,9,10,13,441,18.1
2015,9,10,14,348,18.1
2015,9,10,15,401,17.9
2015,9,10,16,196,17.3
2015,9,10,17,20,16.6
2015,9,10,18,0,16.2
2015,9,10,19,0,16.1
2015,9,10,20,0,16
2015,9,10,21,0,16.1
2015,9,10,22,0,16.2
2015,9,10,23,0,16.3
2015,9,11,0,0,16.2
2015,9,11,1,0,16
2015,9,11,2,0,16
2015,9,11,3,0,15.7
2015,9,11,4,0,15.1
2015,9,11,5,0,14.6
2015,9,11,6,58,14.8
2015,9,11,7,83,15.9
2015,9,11,8,457,17.2
2015,9,11,9,627,17.9
2015,9,11,10,749,19.2
2015,9,11,11,807,19.9
2015,9,11,12,798,20.4
2015,9,11,13,733,20.8
2015,9,11,14,597,20.8
2015,9,11,15,414,20.5
2015,9,11,16,204,19.6
2015,9,11,17,22,18.3
2015,9,11,18,0,17.5
2015,9,11,19,0,17
2015,9,11,20,0,16.6
2015,9,11,21,0,16.1
2015,9,11,22,0,15.7
2015,9,11,23,0,15.2
2015,9,12,0,0,14.7
2015,9,12,1,0,14.1
2015,9,12,2,0,13.6
2015,9,12,3,0,13.1
2015,9,12,4,0,12.8
2015,9,12,5,0,12.6
2015,9,12,6,64,13.2
2015,9,12,7,268,14.5
2015,9,12,8,475,16.4
2015,9,12,9,651,17.6
2015,9,12,10,773,20.6
2015,9,12,11,828,21.6
2015,9,12,12,818,22.1
2015,9,12,13,739,22.1
2015,9,12,14,596,21.9
2015,9,12,15,411,21.3
2015,9,12,16,63,20.2
2015,9,12,17,22,19
2015,9,12,18,0,18.4
2015,9,12,19,0,18.1
2015,9,12,20,0,18
2015,9,12,21,0,18
2015,9,12,22,0,18
2015,9,12,23,0,17.9
2015,9,13,0,0,17.4
2015,9,13,1,0,16.7
2015,9,13,2,0,16.3
2015,9,13,3,0,16
2015,9,13,4,0,15.7
2015,9,13,5,0,15.7
2015,9,13,6,63,16.2
2015,9,13,7,259,17.4
2015,9,13,8,460,19
2015,9,13,9,629,19.8
2015,9,13,10,751,21.3
2015,9,13,11,808,21.8
2015,9,13,12,797,22
2015,9,13,13,724,22
2015,9,13,14,587,21.8
2015,9,13,15,406,21.4
2015,9,13,16,204,20.4
2015,9,13,17,24,19.1
2015,9,13,18,0,18.3
2015,9,13,19,0,17.9
2015,9,13,20,0,17.6
2015,9,13,21,0,17.4
2015,9,13,22,0,17.1
2015,9,13,23,0,16.8
2015,9,14,0,0,16.4
2015,9,14,1,0,16
2015,9,14,2,0,15.6
2015,9,14,3,0,15.3
2015,9,14,4,0,15.1
2015,9,14,5,0,15
2015,9,14,6,69,15.7
2015,9,14,7,268,17.1
2015,9,14,8,471,18.5
2015,9,14,9,640,19.2
2015,9,14,10,759,20.9
2015,9,14,11,815,21.7
2015,9,14,12,804,22.2
2015,9,14,13,731,22.3
2015,9,14,14,594,22.1
2015,9,14,15,409,21.6
2015,9,14,16,202,20.6
2015,9,14,17,24,19.4
2015,9,14,18,0,18.6
2015,9,14,19,0,18.3
2015,9,14,20,0,18.1
2015,9,14,21,0,17.9
2015,9,14,22,0,17.5
2015,9,14,23,0,17.1
2015,9,15,0,0,16.7
2015,9,15,1,0,16.4
2015,9,15,2,0,16.1
2015,9,15,3,0,15.9
2015,9,15,4,0,15.6
2015,9,15,5,0,15.6
2015,9,15,6,71,16.4
2015,9,15,7,270,18.1
2015,9,15,8,471,20
2015,9,15,9,297,21
2015,9,15,10,763,23.2
2015,9,15,11,817,24
2015,9,15,12,803,24.6
2015,9,15,13,725,25
2015,9,15,14,372,25
2015,9,15,15,337,24.7
2015,9,15,16,199,23.6
2015,9,15,17,24,22
2015,9,15,18,0,20.6
2015,9,15,19,0,19.5
2015,9,15,20,0,18.5
2015,9,15,21,0,17.6
2015,9,15,22,0,16.8
2015,9,15,23,0,16.1
2015,9,16,0,0,15.6
2015,9,16,1,0,15
2015,9,16,2,0,14.5
2015,9,16,3,0,14.1
2015,9,16,4,0,13.7
2015,9,16,5,0,13.5
2015,9,16,6,79,14.1
2015,9,16,7,287,15.5
2015,9,16,8,493,16.7
2015,9,16,9,666,17.2
2015,9,16,10,787,18.3
2015,9,16,11,844,18.9
2015,9,16,12,833,19.2
2015,9,16,13,751,19.1
2015,9,16,14,613,18.8
2015,9,16,15,427,18.2
2015,9,16,16,214,17.3
2015,9,16,17,28,16.2
2015,9,16,18,0,15.7
2015,9,16,19,0,15.5
2015,9,16,20,0,15.5
2015,9,16,21,0,15.6
2015,9,16,22,0,15.7
2015,9,16,23,0,15.8
2015,9,17,0,0,15.8
2015,9,17,1,0,15.4
2015,9,17,2,0,15
2015,9,17,3,0,14.6
2015,9,17,4,0,14.3
2015,9,17,5,0,14
2015,9,17,6,47,14.4
2015,9,17,7,186,15.4
2015,9,17,8,477,16.3
2015,9,17,9,648,16.7
2015,9,17,10,770,17.5
2015,9,17,11,826,17.9
2015,9,17,12,600,18.2
2015,9,17,13,458,18.1
2015,9,17,14,248,17.7
2015,9,17,15,422,17.2
2015,9,17,16,214,16.5
2015,9,17,17,29,15.9
2015,9,17,18,0,15.4
2015,9,17,19,0,15.3
2015,9,17,20,0,15.2
2015,9,17,21,0,15.2
2015,9,17,22,0,15.3
2015,9,17,23,0,15.3
2015,9,18,0,0,15.1
2015,9,18,1,0,14.9
2015,9,18,2,0,14.7
2015,9,18,3,0,14.7
2015,9,18,4,0,14.7
2015,9,18,5,0,14.8
2015,9,18,6,40,15.3
2015,9,18,7,159,15.9
2015,9,18,8,303,16.4
2015,9,18,9,657,16.6
2015,9,18,10,777,17.3
2015,9,18,11,830,17.6
2015,9,18,12,818,17.7
2015,9,18,13,745,17.6
2015,9,18,14,604,17.4
2015,9,18,15,417,17.1
2015,9,18,16,206,16.7
2015,9,18,17,27,16.3
2015,9,18,18,0,16.2
2015,9,18,19,0,16.3
2015,9,18,20,0,16.2
2015,9,18,21,0,16
2015,9,18,22,0,15.8
2015,9,18,23,0,15.5
2015,9,19,0,0,15.3
2015,9,19,1,0,15.1
2015,9,19,2,0,15
2015,9,19,3,0,14.9
2015,9,19,4,0,14.9
2015,9,19,5,0,15.1
2015,9,19,6,28,15.6
2015,9,19,7,287,16.3
2015,9,19,8,210,17
2015,9,19,9,661,17.4
2015,9,19,10,779,18.2
2015,9,19,11,836,18.4
2015,9,19,12,826,18.5
2015,9,19,13,746,18.4
2015,9,19,14,448,18.1
2015,9,19,15,428,17.8
2015,9,19,16,219,17.2
2015,9,19,17,17,16.5
2015,9,19,18,0,16.1
2015,9,19,19,0,15.9
2015,9,19,20,0,15.9
2015,9,19,21,0,15.8
2015,9,19,22,0,15.6
2015,9,19,23,0,15.5
2015,9,20,0,0,15.4
2015,9,20,1,0,15.3
2015,9,20,2,0,15.1
2015,9,20,3,0,15.1
2015,9,20,4,0,15.1
2015,9,20,5,0,15.2
2015,9,20,6,94,15.8
2015,9,20,7,301,16.4
2015,9,20,8,317,16.8
2015,9,20,9,287,17.1
2015,9,20,10,268,17.8
2015,9,20,11,373,18.1
2015,9,20,12,273,18.2
2015,9,20,13,518,18.3
2015,9,20,14,444,18.3
2015,9,20,15,418,18.1
2015,9,20,16,215,17.8
2015,9,20,17,32,17.2
2015,9,20,18,0,16.8
2015,9,20,19,0,16.6
2015,9,20,20,0,16.4
2015,9,20,21,0,16.2
2015,9,20,22,0,16
2015,9,20,23,0,15.7
2015,9,21,0,0,15.3
2015,9,21,1,0,15.1
2015,9,21,2,0,14.9
2015,9,21,3,0,14.7
2015,9,21,4,0,14.5
2015,9,21,5,0,14.5
2015,9,21,6,95,15.1
2015,9,21,7,298,16.4
2015,9,21,8,502,17.7
2015,9,21,9,671,18.4
2015,9,21,10,794,20.3
2015,9,21,11,848,21.3
2015,9,21,12,838,21.9
2015,9,21,13,759,22.2
2015,9,21,14,620,22.2
2015,9,21,15,435,21.9
2015,9,21,16,224,21
2015,9,21,17,35,19.7
2015,9,21,18,0,18.8
2015,9,21,19,0,18.3
2015,9,21,20,0,18
2015,9,21,21,0,17.7
2015,9,21,22,0,17.2
2015,9,21,23,0,16.6
2015,9,22,0,0,16.1
2015,9,22,1,0,15.8
2015,9,22,2,0,15.6
2015,9,22,3,0,15.5
2015,9,22,4,0,15.5
2015,9,22,5,0,15.4
2015,9,22,6,99,15.9
2015,9,22,7,309,16.5
2015,9,22,8,518,16.7
2015,9,22,9,689,16.8
2015,9,22,10,809,16.7
2015,9,22,11,861,16.5
2015,9,22,12,844,16.4
2015,9,22,13,762,16.5
2015,9,22,14,622,16.5
2015,9,22,15,314,16.1
2015,9,22,16,117,15.6
2015,9,22,17,20,15.1
2015,9,22,18,0,14.7
2015,9,22,19,0,14.4
2015,9,22,20,0,14.1
2015,9,22,21,0,13.8
2015,9,22,22,0,13.5
2015,9,22,23,0,13.2
2015,9,23,0,0,12.9
2015,9,23,1,0,12.9
2015,9,23,2,0,12.8
2015,9,23,3,0,12.8
2015,9,23,4,0,12.8
2015,9,23,5,0,12.8
2015,9,23,6,64,13
2015,9,23,7,299,13.5
2015,9,23,8,380,14.1
2015,9,23,9,670,14.4
2015,9,23,10,495,15
2015,9,23,11,845,15.3
2015,9,23,12,265,15.4
2015,9,23,13,762,15.3
2015,9,23,14,434,15
2015,9,23,15,427,14.6
2015,9,23,16,157,14.3
2015,9,23,17,8,13.9
2015,9,23,18,0,13.6
2015,9,23,19,0,13.4
2015,9,23,20,0,13.2
2015,9,23,21,0,12.9
2015,9,23,22,0,12.6
2015,9,23,23,0,12.4
2015,9,24,0,0,12.2
2015,9,24,1,0,12.2
2015,9,24,2,0,12.2
2015,9,24,3,0,12.2
2015,9,24,4,0,12.2
2015,9,24,5,0,12.3
2015,9,24,6,81,12.7
2015,9,24,7,112,13.5
2015,9,24,8,386,14.4
2015,9,24,9,556,14.8
2015,9,24,10,648,15.3
2015,9,24,11,266,15.3
2015,9,24,12,406,15.2
2015,9,24,13,546,15.1
2015,9,24,14,329,15.1
2015,9,24,15,318,14.9
2015,9,24,16,16,14.5
2015,9,24,17,3,14.2
2015,9,24,18,0,14
2015,9,24,19,0,13.9
2015,9,24,20,0,14
2015,9,24,21,0,14.2
2015,9,24,22,0,14.4
2015,9,24,23,0,14.4
2015,9,25,0,0,14.4
2015,9,25,1,0,14.3
2015,9,25,2,0,14.2
2015,9,25,3,0,14.1
2015,9,25,4,0,14.1
2015,9,25,5,0,14.2
2015,9,25,6,23,14.5
2015,9,25,7,75,15
2015,9,25,8,371,15.4
2015,9,25,9,247,15.6
2015,9,25,10,616,16.1
2015,9,25,11,608,16.4
2015,9,25,12,134,16.6
2015,9,25,13,144,16.7
2015,9,25,14,239,16.7
2015,9,25,15,150,16.6
2015,9,25,16,108,16.3
2015,9,25,17,17,16.1
2015,9,25,18,0,16
2015,9,25,19,0,16
2015,9,25,20,0,15.9
2015,9,25,21,0,15.8
2015,9,25,22,0,15.8
2015,9,25,23,0,15.7
2015,9,26,0,0,15.5
2015,9,26,1,0,15.1
2015,9,26,2,0,14.8
2015,9,26,3,0,14.6
2015,9,26,4,0,14.5
2015,9,26,5,0,14.6
2015,9,26,6,51,15.1
2015,9,26,7,330,15.7
2015,9,26,8,538,16.3
2015,9,26,9,712,16.7
2015,9,26,10,515,17.3
2015,9,26,11,557,17.5
2015,9,26,12,509,17.7
2015,9,26,13,624,17.8
2015,9,26,14,644,17.7
2015,9,26,15,317,17.5
2015,9,26,16,98,17.1
2015,9,26,17,16,16.7
2015,9,26,18,0,16.4
2015,9,26,19,0,16.2
2015,9,26,20,0,16
2015,9,26,21,0,16
2015,9,26,22,0,15.8
2015,9,26,23,0,15.6
2015,9,27,0,0,15.3
2015,9,27,1,0,14.9
2015,9,27,2,0,14.7
2015,9,27,3,0,14.6
2015,9,27,4,0,14.6
2015,9,27,5,0,14.8
2015,9,27,6,122,15.1
2015,9,27,7,124,15.6
2015,9,27,8,374,16.1
2015,9,27,9,714,16.3
2015,9,27,10,235,16.9
2015,9,27,11,521,17.4
2015,9,27,12,871,17.7
2015,9,27,13,615,17.8
2015,9,27,14,404,17.8
2015,9,27,15,459,17.6
2015,9,27,16,246,17
2015,9,27,17,47,16.3
2015,9,27,18,0,15.7
2015,9,27,19,0,15.5
2015,9,27,20,0,15.3
2015,9,27,21,0,15.1
2015,9,27,22,0,14.9
2015,9,27,23,0,14.8
2015,9,28,0,0,14.6
2015,9,28,1,0,14.3
2015,9,28,2,0,14
2015,9,28,3,0,13.7
2015,9,28,4,0,13.4
2015,9,28,5,0,13.4
2015,9,28,6,133,14.2
2015,9,28,7,348,15.5
2015,9,28,8,556,16.7
2015,9,28,9,727,17.2
2015,9,28,10,844,18.4
2015,9,28,11,897,19.1
2015,9,28,12,881,19.5
2015,9,28,13,798,19.6
2015,9,28,14,651,19.5
2015,9,28,15,461,19.1
2015,9,28,16,244,18.3
2015,9,28,17,46,17.3
2015,9,28,18,0,16.5
2015,9,28,19,0,16.3
2015,9,28,20,0,16.1
2015,9,28,21,0,16.1
2015,9,28,22,0,16
2015,9,28,23,0,15.8
2015,9,29,0,0,15.5
2015,9,29,1,0,15
2015,9,29,2,0,14.6
2015,9,29,3,0,14.2
2015,9,29,4,0,13.9
2015,9,29,5,0,13.9
2015,9,29,6,137,14.7
2015,9,29,7,353,16.3
2015,9,29,8,562,18.2
2015,9,29,9,733,19.1
2015,9,29,10,852,21.3
2015,9,29,11,904,22.2
2015,9,29,12,884,22.7
2015,9,29,13,802,22.9
2015,9,29,14,656,22.9
2015,9,29,15,463,22.7
2015,9,29,16,187,21.9
2015,9,29,17,37,20.8
2015,9,29,18,0,19.9
2015,9,29,19,0,19.4
2015,9,29,20,0,19
2015,9,29,21,0,18.7
2015,9,29,22,0,18.3
2015,9,29,23,0,17.9
2015,9,30,0,0,17.3
2015,9,30,1,0,16.7
2015,9,30,2,0,16.3
2015,9,30,3,0,16.1
2015,9,30,4,0,16
2015,9,30,5,0,16.3
2015,9,30,6,131,17.1
2015,9,30,7,338,18.1
2015,9,30,8,538,18.9
2015,9,30,9,701,19.2
2015,9,30,10,814,19.9
2015,9,30,11,862,20
2015,9,30,12,840,19.9
2015,9,30,13,762,19.5
2015,9,30,14,615,19.1
2015,9,30,15,431,18.6
2015,9,30,16,225,18.1
2015,9,30,17,22,17.6
2015,9,30,18,0,17.3
2015,9,30,19,0,17.2
2015,9,30,20,0,17.1
2015,9,30,21,0,17
2015,9,30,22,0,16.9
2015,9,30,23,0,16.8
2015,10,1,0,0,16.8
2015,10,1,1,0,16.8
2015,10,1,2,0,16.8
2015,10,1,3,0,16.9
2015,10,1,4,0,17
2015,10,1,5,0,17.2
2015,10,1,6,135,17.9
2015,10,1,7,345,19
2015,10,1,8,550,20
2015,10,1,9,720,20.5
2015,10,1,10,846,22.1
2015,10,1,11,899,23.2
2015,10,1,12,881,24.2
2015,10,1,13,797,24.7
2015,10,1,14,653,24.9
2015,10,1,15,463,24.7
2015,10,1,16,252,23.5
2015,10,1,17,52,21.7
2015,10,1,18,0,20.3
2015,10,1,19,0,19.7
2015,10,1,20,0,19.1
2015,10,1,21,0,18.5
2015,10,1,22,0,17.9
2015,10,1,23,0,17.3
2015,10,2,0,0,16.7
2015,10,2,1,0,16.4
2015,10,2,2,0,16.2
2015,10,2,3,0,16.1
2015,10,2,4,0,15.9
2015,10,2,5,0,16.2
2015,10,2,6,151,17.5
2015,10,2,7,368,19.2
2015,10,2,8,572,20.5
2015,10,2,9,740,21
2015,10,2,10,854,21.9
2015,10,2,11,905,22.3
2015,10,2,12,890,22.5
2015,10,2,13,811,22.6
2015,10,2,14,666,22.5
2015,10,2,15,475,22.1
2015,10,2,16,258,21.3
2015,10,2,17,55,20
2015,10,2,18,0,18.9
2015,10,2,19,0,18.4
2015,10,2,20,0,18.1
2015,10,2,21,0,17.8
2015,10,2,22,0,17.5
2015,10,2,23,0,17.2
2015,10,3,0,0,16.8
2015,10,3,1,0,16.3
2015,10,3,2,0,15.6
2015,10,3,3,0,15
2015,10,3,4,0,14.4
2015,10,3,5,0,14.3
2015,10,3,6,157,15.1
2015,10,3,7,382,17
2015,10,3,8,596,19.8
2015,10,3,9,769,21.3
2015,10,3,10,888,24.7
2015,10,3,11,939,26.7
2015,10,3,12,920,28.1
2015,10,3,13,829,28.8
2015,10,3,14,679,28.8
2015,10,3,15,484,28.1
2015,10,3,16,263,26.4
2015,10,3,17,58,24
2015,10,3,18,0,22.4
2015,10,3,19,0,21.8
2015,10,3,20,0,21.3
2015,10,3,21,0,20.8
2015,10,3,22,0,20.5
2015,10,3,23,0,20.2
2015,10,4,0,0,19.8
2015,10,4,1,0,19.2
2015,10,4,2,0,18.5
2015,10,4,3,0,18
2015,10,4,4,0,17.7
2015,10,4,5,0,17.8
2015,10,4,6,159,19
2015,10,4,7,240,21
2015,10,4,8,354,23.4
2015,10,4,9,488,24.6
2015,10,4,10,581,27.8
2015,10,4,11,622,28.9
2015,10,4,12,606,29.3
2015,10,4,13,534,29.4
2015,10,4,14,415,29.3
2015,10,4,15,272,29.2
2015,10,4,16,131,28.6
2015,10,4,17,29,27.3
2015,10,4,18,0,25.6
2015,10,4,19,0,24.2
2015,10,4,20,0,23.1
2015,10,4,21,0,22.1
2015,10,4,22,0,21.2
2015,10,4,23,0,20.2
2015,10,5,0,0,19.3
2015,10,5,1,0,18.5
2015,10,5,2,0,17.9
2015,10,5,3,0,17.3
2015,10,5,4,0,16.8
2015,10,5,5,0,16.8
2015,10,5,6,164,17.9
2015,10,5,7,385,19.9
2015,10,5,8,593,22.5
2015,10,5,9,762,23.9
2015,10,5,10,877,28.6
2015,10,5,11,924,31
2015,10,5,12,904,32.3
2015,10,5,13,814,32.6
2015,10,5,14,667,32.2
2015,10,5,15,475,30.8
2015,10,5,16,258,28.7
2015,10,5,17,57,26.6
2015,10,5,18,0,25.4
2015,10,5,19,0,24.8
2015,10,5,20,0,24.4
2015,10,5,21,0,23.9
2015,10,5,22,0,23.2
2015,10,5,23,0,22.6
2015,10,6,0,0,22.1
2015,10,6,1,0,21.5
2015,10,6,2,0,20.8
2015,10,6,3,0,20.1
2015,10,6,4,0,19.3
2015,10,6,5,0,18.9
2015,10,6,6,167,19.5
2015,10,6,7,389,21.2
2015,10,6,8,598,23.6
2015,10,6,9,770,24.9
2015,10,6,10,887,28.8
2015,10,6,11,937,30.5
2015,10,6,12,915,31.1
2015,10,6,13,829,30.9
2015,10,6,14,682,30.3
2015,10,6,15,486,29.4
2015,10,6,16,265,28
2015,10,6,17,60,26
2015,10,6,18,0,24.6
2015,10,6,19,0,23.8
2015,10,6,20,0,23.5
2015,10,6,21,0,23.1
2015,10,6,22,0,22.7
2015,10,6,23,0,22.3
2015,10,7,0,0,21.8
2015,10,7,1,0,21.3
2015,10,7,2,0,20.8
2015,10,7,3,0,19.9
2015,10,7,4,0,19.1
2015,10,7,5,0,18.8
2015,10,7,6,153,19.1
2015,10,7,7,359,19.7
2015,10,7,8,192,20.2
2015,10,7,9,280,20.4
2015,10,7,10,816,20.5
2015,10,7,11,854,20.2
2015,10,7,12,829,19.6
2015,10,7,13,154,18.9
2015,10,7,14,172,18.6
2015,10,7,15,198,18.3
2015,10,7,16,118,17.9
2015,10,7,17,23,17.6
2015,10,7,18,0,17.4
2015,10,7,19,0,17.4
2015,10,7,20,0,17.5
2015,10,7,21,0,17.5
2015,10,7,22,0,17.5
2015,10,7,23,0,17.4
2015,10,8,0,0,17.3
2015,10,8,1,0,17.3
2015,10,8,2,0,17.3
2015,10,8,3,0,17.3
2015,10,8,4,0,17.5
2015,10,8,5,0,18
2015,10,8,6,20,19.1
2015,10,8,7,51,19.9
2015,10,8,8,173,20.3
2015,10,8,9,237,20.4
2015,10,8,10,337,20.8
2015,10,8,11,346,21
2015,10,8,12,336,20.8
2015,10,8,13,544,20.6
2015,10,8,14,428,20.2
2015,10,8,15,198,19.9
2015,10,8,16,95,19.5
2015,10,8,17,53,19
2015,10,8,18,0,18.6
2015,10,8,19,0,18.3
2015,10,8,20,0,18.1
2015,10,8,21,0,17.9
2015,10,8,22,0,17.7
2015,10,8,23,0,17.4
2015,10,9,0,0,17.2
2015,10,9,1,0,17.1
2015,10,9,2,0,16.9
2015,10,9,3,0,16.8
2015,10,9,4,0,16.6
2015,10,9,5,10,16.9
2015,10,9,6,171,17.9
2015,10,9,7,385,19.2
2015,10,9,8,587,20.2
2015,10,9,9,752,20.7
2015,10,9,10,863,21.8
2015,10,9,11,911,22.5
2015,10,9,12,893,22.9
2015,10,9,13,815,23
2015,10,9,14,669,22.7
2015,10,9,15,477,22
2015,10,9,16,262,21
2015,10,9,17,63,19.9
2015,10,9,18,0,19.1
2015,10,9,19,0,18.7
2015,10,9,20,0,18.6
2015,10,9,21,0,18.4
2015,10,9,22,0,18.3
2015,10,9,23,0,18.1
2015,10,10,0,0,18.1
2015,10,10,1,0,18.2
2015,10,10,2,0,18.2
2015,10,10,3,0,18.1
2015,10,10,4,0,17.8
2015,10,10,5,12,17.8
2015,10,10,6,175,18.6
2015,10,10,7,388,20
2015,10,10,8,586,21.4
2015,10,10,9,749,22
2015,10,10,10,871,23.3
2015,10,10,11,919,23.8
2015,10,10,12,897,23.9
2015,10,10,13,809,23.8
2015,10,10,14,666,23.4
2015,10,10,15,480,23
2015,10,10,16,270,22.2
2015,10,10,17,68,21
2015,10,10,18,0,19.9
2015,10,10,19,0,19.2
2015,10,10,20,0,18.8
2015,10,10,21,0,18.4
2015,10,10,22,0,18
2015,10,10,23,0,17.7
2015,10,11,0,0,17.4
2015,10,11,1,0,17.1
2015,10,11,2,0,16.8
2015,10,11,3,0,16.6
2015,10,11,4,0,16.4
2015,10,11,5,14,16.7
2015,10,11,6,187,17.9
2015,10,11,7,407,19.6
2015,10,11,8,613,21.5
2015,10,11,9,780,22.5
2015,10,11,10,472,24.2
2015,10,11,11,506,24.9
2015,10,11,12,490,25.1
2015,10,11,13,425,24.8
2015,10,11,14,324,24.3
2015,10,11,15,206,23.5
2015,10,11,16,99,22.6
2015,10,11,17,26,21.7
2015,10,11,18,0,20.9
2015,10,11,19,0,20.4
2015,10,11,20,0,19.9
2015,10,11,21,0,19.5
2015,10,11,22,0,19
2015,10,11,23,0,18.6
2015,10,12,0,0,18
2015,10,12,1,0,17.6
2015,10,12,2,0,17.2
2015,10,12,3,0,16.9
2015,10,12,4,0,16.6
2015,10,12,5,2,16.9
2015,10,12,6,13,17.8
2015,10,12,7,402,19.7
2015,10,12,8,605,22.1
2015,10,12,9,767,23.3
2015,10,12,10,881,26.3
2015,10,12,11,929,27.6
2015,10,12,12,904,28.2
2015,10,12,13,814,28.1
2015,10,12,14,666,27.4
2015,10,12,15,477,26.3
2015,10,12,16,261,24.9
2015,10,12,17,66,23.2
2015,10,12,18,0,21.6
2015,10,12,19,0,20.6
2015,10,12,20,0,20.1
2015,10,12,21,0,19.7
2015,10,12,22,0,19.1
2015,10,12,23,0,18.5
2015,10,13,0,0,18
2015,10,13,1,0,17.7
2015,10,13,2,0,17.7
2015,10,13,3,0,17.7
2015,10,13,4,0,17.7
2015,10,13,5,2,18
2015,10,13,6,13,18.5
2015,10,13,7,31,19.1
2015,10,13,8,51,19.6
2015,10,13,9,64,19.9
2015,10,13,10,71,20.3
2015,10,13,11,74,20.4
2015,10,13,12,893,20.4
2015,10,13,13,809,20.3
2015,10,13,14,150,20.2
2015,10,13,15,117,20.1
2015,10,13,16,76,19.8
2015,10,13,17,18,19.4
2015,10,13,18,0,19
2015,10,13,19,0,18.9
2015,10,13,20,0,18.8
2015,10,13,21,0,18.8
2015,10,13,22,0,18.7
2015,10,13,23,0,18.6
2015,10,14,0,0,18.4
2015,10,14,1,0,18.3
2015,10,14,2,0,18.2
2015,10,14,3,0,18.2
2015,10,14,4,0,18.1
2015,10,14,5,21,18.3
2015,10,14,6,201,19.2
2015,10,14,7,304,20.2
2015,10,14,8,475,21.2
2015,10,14,9,66,21.7
2015,10,14,10,898,22.6
2015,10,14,11,944,22.9
2015,10,14,12,923,22.9
2015,10,14,13,842,22.7
2015,10,14,14,694,22.4
2015,10,14,15,501,22
2015,10,14,16,285,21.3
2015,10,14,17,78,20.5
2015,10,14,18,0,19.7
2015,10,14,19,0,19.3
2015,10,14,20,0,19
2015,10,14,21,0,18.8
2015,10,14,22,0,18.6
2015,10,14,23,0,18.3
2015,10,15,0,0,18
2015,10,15,1,0,17.8
2015,10,15,2,0,17.5
2015,10,15,3,0,17.3
2015,10,15,4,0,17.2
2015,10,15,5,23,17.6
2015,10,15,6,206,18.8
2015,10,15,7,428,20.1
2015,10,15,8,635,21.4
2015,10,15,9,803,22.1
2015,10,15,10,919,23.7
2015,10,15,11,966,24.3
2015,10,15,12,944,24.6
2015,10,15,13,854,24.6
2015,10,15,14,703,24.3
2015,10,15,15,509,23.6
2015,10,15,16,288,22.7
2015,10,15,17,79,21.6
2015,10,15,18,0,20.6
2015,10,15,19,0,20
2015,10,15,20,0,19.7
2015,10,15,21,0,19.6
2015,10,15,22,0,19.5
2015,10,15,23,0,19.3
2015,10,16,0,0,19
2015,10,16,1,0,18.7
2015,10,16,2,0,18.4
2015,10,16,3,0,18.2
2015,10,16,4,0,18
2015,10,16,5,25,18.3
2015,10,16,6,211,19.6
2015,10,16,7,436,21.4
2015,10,16,8,643,23.4
2015,10,16,9,814,24.4
2015,10,16,10,927,27
2015,10,16,11,975,27.9
2015,10,16,12,950,28.1
2015,10,16,13,862,27.7
2015,10,16,14,709,27.2
2015,10,16,15,513,26.4
2015,10,16,16,292,25.1
2015,10,16,17,82,23.5
2015,10,16,18,0,22.2
2015,10,16,19,0,21.6
2015,10,16,20,0,21.3
2015,10,16,21,0,21.1
2015,10,16,22,0,20.9
2015,10,16,23,0,20.7
2015,10,17,0,0,20.6
2015,10,17,1,0,20.5
2015,10,17,2,0,20.3
2015,10,17,3,0,19.9
2015,10,17,4,0,19.5
2015,10,17,5,24,19.6
2015,10,17,6,199,20.3
2015,10,17,7,410,21.3
2015,10,17,8,607,22.1
2015,10,17,9,768,22.6
2015,10,17,10,877,23.7
2015,10,17,11,919,24.2
2015,10,17,12,893,24.4
2015,10,17,13,803,24.2
2015,10,17,14,655,23.3
2015,10,17,15,305,22.1
2015,10,17,16,174,21.1
2015,10,17,17,48,20.4
2015,10,17,18,0,20.1
2015,10,17,19,0,20
2015,10,17,20,0,20
2015,10,17,21,0,20
2015,10,17,22,0,20.1
2015,10,17,23,0,20.2
2015,10,18,0,0,20.2
2015,10,18,1,0,19.9
2015,10,18,2,0,19.6
2015,10,18,3,0,19.6
2015,10,18,4,0,19.5
2015,10,18,5,18,19.4
2015,10,18,6,29,19.3
2015,10,18,7,125,19.4
2015,10,18,8,183,19.7
2015,10,18,9,131,20
2015,10,18,10,877,20.7
2015,10,18,11,562,21.1
2015,10,18,12,905,21.2
2015,10,18,13,823,21.1
2015,10,18,14,679,21
2015,10,18,15,492,20.8
2015,10,18,16,280,20.4
2015,10,18,17,80,19.9
2015,10,18,18,0,19.4
2015,10,18,19,0,19.1
2015,10,18,20,0,19
2015,10,18,21,0,19
2015,10,18,22,0,18.9
2015,10,18,23,0,18.9
2015,10,19,0,0,18.8
2015,10,19,1,0,18.7
2015,10,19,2,0,18.7
2015,10,19,3,0,18.6
2015,10,19,4,0,18.5
2015,10,19,5,31,18.9
2015,10,19,6,217,20
2015,10,19,7,436,21.1
2015,10,19,8,638,22.2
2015,10,19,9,802,22.6
2015,10,19,10,915,23.8
2015,10,19,11,961,24.4
2015,10,19,12,942,24.7
2015,10,19,13,852,24.7
2015,10,19,14,704,24.5
2015,10,19,15,511,23.9
2015,10,19,16,200,23.1
2015,10,19,17,62,21.9
2015,10,19,18,0,21
2015,10,19,19,0,20.7
2015,10,19,20,0,20.6
2015,10,19,21,0,20.5
2015,10,19,22,0,20.6
2015,10,19,23,0,20.5
2015,10,20,0,0,20.4
2015,10,20,1,0,20.1
2015,10,20,2,0,19.9
2015,10,20,3,0,19.6
2015,10,20,4,0,19.3
2015,10,20,5,31,19.5
2015,10,20,6,212,20.5
2015,10,20,7,428,22.1
2015,10,20,8,628,23.8
2015,10,20,9,791,24.7
2015,10,20,10,898,26.9
2015,10,20,11,939,27.8
2015,10,20,12,913,28.1
2015,10,20,13,815,27.7
2015,10,20,14,560,26.6
2015,10,20,15,316,25.2
2015,10,20,16,45,23.8
2015,10,20,17,15,22.5
2015,10,20,18,0,21.7
2015,10,20,19,0,21.4
2015,10,20,20,0,21.2
2015,10,20,21,0,21
2015,10,20,22,0,20.9
2015,10,20,23,0,20.7
2015,10,21,0,0,20.6
2015,10,21,1,0,20.4
2015,10,21,2,0,20.2
2015,10,21,3,0,19.9
2015,10,21,4,0,19.7
2015,10,21,5,36,20
2015,10,21,6,223,21
2015,10,21,7,439,22.7
2015,10,21,8,638,24.9
2015,10,21,9,136,26.1
2015,10,21,10,99,28.4
2015,10,21,11,122,29.2
2015,10,21,12,240,29.1
2015,10,21,13,169,28.5
2015,10,21,14,289,28.3
2015,10,21,15,159,28.1
2015,10,21,16,203,26.8
2015,10,21,17,59,24.9
2015,10,21,18,0,23.4
2015,10,21,19,0,22.6
2015,10,21,20,0,22
2015,10,21,21,0,21.6
2015,10,21,22,0,21.3
2015,10,21,23,0,21.1
2015,10,22,0,0,20.7
2015,10,22,1,0,20.3
2015,10,22,2,0,20
2015,10,22,3,0,19.7
2015,10,22,4,0,19.5
2015,10,22,5,10,19.3
2015,10,22,6,15,19.3
2015,10,22,7,43,19.5
2015,10,22,8,120,19.7
2015,10,22,9,213,19.8
2015,10,22,10,335,19.8
2015,10,22,11,341,19.6
2015,10,22,12,250,19.5
2015,10,22,13,184,19.4
2015,10,22,14,64,19.3
2015,10,22,15,148,18.8
2015,10,22,16,164,18.2
2015,10,22,17,45,17.8
2015,10,22,18,0,17.6
2015,10,22,19,0,17.5
2015,10,22,20,0,17.5
2015,10,22,21,0,17.5
2015,10,22,22,0,17.3
2015,10,22,23,0,17.2
2015,10,23,0,0,17.2
2015,10,23,1,0,17.2
2015,10,23,2,0,17.1
2015,10,23,3,0,17
2015,10,23,4,0,17
2015,10,23,5,4,17.1
2015,10,23,6,16,17.5
2015,10,23,7,59,18
2015,10,23,8,351,18.4
2015,10,23,9,544,18.6
2015,10,23,10,939,19
2015,10,23,11,280,19.2
2015,10,23,12,332,19.4
2015,10,23,13,318,19.5
2015,10,23,14,285,19.4
2015,10,23,15,130,19.1
2015,10,23,16,115,18.7
2015,10,23,17,31,18
2015,10,23,18,0,17.4
2015,10,23,19,0,17
2015,10,23,20,0,16.9
2015,10,23,21,0,16.8
2015,10,23,22,0,16.8
2015,10,23,23,0,16.9
2015,10,24,0,0,16.9
2015,10,24,1,0,17
2015,10,24,2,0,17
2015,10,24,3,0,16.7
2015,10,24,4,0,16.4
2015,10,24,5,48,16.5
2015,10,24,6,159,17.3
2015,10,24,7,311,18.6
2015,10,24,8,673,19.7
2015,10,24,9,551,20.3
2015,10,24,10,752,21.5
2015,10,24,11,995,22.1
2015,10,24,12,972,22.4
2015,10,24,13,877,22.5
2015,10,24,14,726,22.2
2015,10,24,15,414,21.8
2015,10,24,16,313,21.1
2015,10,24,17,101,20.2
2015,10,24,18,0,19.3
2015,10,24,19,0,19
2015,10,24,20,0,18.9
2015,10,24,21,0,18.8
2015,10,24,22,0,18.7
2015,10,24,23,0,18.6
2015,10,25,0,0,18.4
2015,10,25,1,0,18.1
2015,10,25,2,0,17.8
2015,10,25,3,0,17.5
2015,10,25,4,0,17.3
2015,10,25,5,48,17.7
2015,10,25,6,123,18.8
2015,10,25,7,265,20.2
2015,10,25,8,663,21.6
2015,10,25,9,825,22.3
2015,10,25,10,937,23.7
2015,10,25,11,979,24.4
2015,10,25,12,954,24.9
2015,10,25,13,863,25.1
2015,10,25,14,358,25
2015,10,25,15,378,24.5
2015,10,25,16,298,23.6
2015,10,25,17,94,22.5
2015,10,25,18,0,21.4
2015,10,25,19,0,20.9
2015,10,25,20,0,20.6
2015,10,25,21,0,20.3
2015,10,25,22,0,20.1
2015,10,25,23,0,19.9
2015,10,26,0,0,19.7
2015,10,26,1,0,19.4
2015,10,26,2,0,19.2
2015,10,26,3,0,18.9
2015,10,26,4,0,18.7
2015,10,26,5,48,19.2
2015,10,26,6,240,20.4
2015,10,26,7,456,22.1
2015,10,26,8,197,24
2015,10,26,9,160,24.9
2015,10,26,10,517,26.9
2015,10,26,11,745,26.7
2015,10,26,12,77,26
2015,10,26,13,112,24.9
2015,10,26,14,205,24
2015,10,26,15,234,23.6
2015,10,26,16,284,23.3
2015,10,26,17,94,22.8
2015,10,26,18,0,22.2
2015,10,26,19,0,21.5
2015,10,26,20,0,20.1
2015,10,26,21,0,18.8
2015,10,26,22,0,18
2015,10,26,23,0,17.4
2015,10,27,0,0,17.1
2015,10,27,1,0,17
2015,10,27,2,0,17.1
2015,10,27,3,0,17.1
2015,10,27,4,0,17.1
2015,10,27,5,4,17.2
2015,10,27,6,17,17.4
2015,10,27,7,36,17.4
2015,10,27,8,102,17.4
2015,10,27,9,69,17.5
2015,10,27,10,496,18.1
2015,10,27,11,573,18.4
2015,10,27,12,421,18.7
2015,10,27,13,631,18.8
2015,10,27,14,290,18.7
2015,10,27,15,205,18.3
2015,10,27,16,248,17.9
2015,10,27,17,78,17.4
2015,10,27,18,0,17.1
2015,10,27,19,0,17
2015,10,27,20,0,17
2015,10,27,21,0,17
2015,10,27,22,0,17
2015,10,27,23,0,16.8
2015,10,28,0,0,16.6
2015,10,28,1,0,16.3
2015,10,28,2,0,16.1
2015,10,28,3,0,15.8
2015,10,28,4,0,15.7
2015,10,28,5,9,16.1
2015,10,28,6,42,17.1
2015,10,28,7,126,17.9
2015,10,28,8,292,18.5
2015,10,28,9,88,18.8
2015,10,28,10,363,19.6
2015,10,28,11,1028,20
2015,10,28,12,1004,20.2
2015,10,28,13,912,20.3
2015,10,28,14,762,20.2
2015,10,28,15,564,19.8
2015,10,28,16,340,19.3
2015,10,28,17,119,18.5
2015,10,28,18,0,17.7
2015,10,28,19,0,17.2
2015,10,28,20,0,16.9
2015,10,28,21,0,16.6
2015,10,28,22,0,16.3
2015,10,28,23,0,16.1
2015,10,29,0,0,16
2015,10,29,1,0,16
2015,10,29,2,0,16
2015,10,29,3,0,16.1
2015,10,29,4,0,16.3
2015,10,29,5,30,16.8
2015,10,29,6,150,17.9
2015,10,29,7,504,19.1
2015,10,29,8,712,20
2015,10,29,9,878,20.4
2015,10,29,10,990,21.3
2015,10,29,11,1032,21.6
2015,10,29,12,1007,21.8
2015,10,29,13,918,21.6
2015,10,29,14,767,21.3
2015,10,29,15,570,20.8
2015,10,29,16,344,20.1
2015,10,29,17,123,19.3
2015,10,29,18,0,18.4
2015,10,29,19,0,17.9
2015,10,29,20,0,17.6
2015,10,29,21,0,17.4
2015,10,29,22,0,17.1
2015,10,29,23,0,16.9
2015,10,30,0,0,16.7
2015,10,30,1,0,16.6
2015,10,30,2,0,16.4
2015,10,30,3,0,16.5
2015,10,30,4,0,16.6
2015,10,30,5,66,17.1
2015,10,30,6,272,18.2
2015,10,30,7,494,19.5
2015,10,30,8,697,20.5
2015,10,30,9,859,21
2015,10,30,10,771,22
2015,10,30,11,1007,22.3
2015,10,30,12,981,22.5
2015,10,30,13,705,22.3
2015,10,30,14,502,21.9
2015,10,30,15,312,21.3
2015,10,30,16,226,20.5
2015,10,30,17,70,19.7
2015,10,30,18,0,19.2
2015,10,30,19,0,19.1
2015,10,30,20,0,19.1
2015,10,30,21,0,19
2015,10,30,22,0,19
2015,10,30,23,0,18.9
2015,10,31,0,0,18.8
2015,10,31,1,0,18.7
2015,10,31,2,0,18.6
2015,10,31,3,0,18.6
2015,10,31,4,0,18.7
2015,10,31,5,45,19.2
2015,10,31,6,255,19.9
2015,10,31,7,470,20.6
2015,10,31,8,668,21.1
2015,10,31,9,485,21.3
2015,10,31,10,721,22.1
2015,10,31,11,823,22.6
2015,10,31,12,721,22.8
2015,10,31,13,537,22.6
2015,10,31,14,175,22.2
2015,10,31,15,73,21.6
2015,10,31,16,102,21
2015,10,31,17,31,20.3
2015,10,31,18,0,19.8
2015,10,31,19,0,19.6
2015,10,31,20,0,19.5
2015,10,31,21,0,19.4
2015,10,31,22,0,19.3
2015,10,31,23,0,19.2
2015,11,1,0,0,19
2015,11,1,1,0,18.8
2015,11,1,2,0,18.6
2015,11,1,3,0,18.4
2015,11,1,4,0,18.2
2015,11,1,5,64,18.6
2015,11,1,6,160,19.7
2015,11,1,7,480,21.1
2015,11,1,8,678,22.5
2015,11,1,9,836,23.2
2015,11,1,10,770,24.9
2015,11,1,11,988,25.7
2015,11,1,12,965,26.2
2015,11,1,13,878,26.2
2015,11,1,14,729,25.9
2015,11,1,15,140,25.2
2015,11,1,16,69,24.2
2015,11,1,17,24,23.3
2015,11,1,18,0,22.5
2015,11,1,19,0,21.9
2015,11,1,20,0,21.5
2015,11,1,21,0,21.3
2015,11,1,22,0,21
2015,11,1,23,0,20.9
2015,11,2,0,0,20.7
2015,11,2,1,0,20.5
2015,11,2,2,0,20.5
2015,11,2,3,0,20.5
2015,11,2,4,0,20.4
2015,11,2,5,44,20.5
2015,11,2,6,163,20.9
2015,11,2,7,334,22
2015,11,2,8,678,23.6
2015,11,2,9,842,24.4
2015,11,2,10,947,25.8
2015,11,2,11,986,26.2
2015,11,2,12,959,26
2015,11,2,13,873,25.7
2015,11,2,14,728,25.1
2015,11,2,15,537,24.1
2015,11,2,16,226,23.1
2015,11,2,17,78,22.2
2015,11,2,18,0,21.6
2015,11,2,19,0,21.2
2015,11,2,20,0,21
2015,11,2,21,0,20.7
2015,11,2,22,0,20.5
2015,11,2,23,0,20.2
2015,11,3,0,0,20
2015,11,3,1,0,19.7
2015,11,3,2,0,19.3
2015,11,3,3,0,19
2015,11,3,4,0,18.8
2015,11,3,5,5,18.9
2015,11,3,6,19,19.2
2015,11,3,7,38,19.5
2015,11,3,8,104,19.9
2015,11,3,9,88,20.1
2015,11,3,10,85,20.6
2015,11,3,11,385,20.8
2015,11,3,12,374,20.8
2015,11,3,13,278,20.8
2015,11,3,14,344,20.7
2015,11,3,15,186,20.2
2015,11,3,16,138,19.7
2015,11,3,17,47,19.2
2015,11,3,18,0,18.7
2015,11,3,19,0,18.5
2015,11,3,20,0,18.5
2015,11,3,21,0,18.4
2015,11,3,22,0,18.4
2015,11,3,23,0,18.3
2015,11,4,0,0,18.3
2015,11,4,1,0,18.3
2015,11,4,2,0,18.4
2015,11,4,3,0,18.4
2015,11,4,4,0,18.5
2015,11,4,5,4,18.8
2015,11,4,6,10,19.2
2015,11,4,7,22,19.5
2015,11,4,8,153,19.8
2015,11,4,9,180,20
2015,11,4,10,204,20.6
2015,11,4,11,185,21
2015,11,4,12,188,21.2
2015,11,4,13,155,20.9
2015,11,4,14,253,20.4
2015,11,4,15,170,19.8
2015,11,4,16,64,19.4
2015,11,4,17,37,19
2015,11,4,18,0,18.7
2015,11,4,19,0,18.6
2015,11,4,20,0,18.5
2015,11,4,21,0,18.4
2015,11,4,22,0,18.3
2015,11,4,23,0,18.2
2015,11,5,0,0,18.1
2015,11,5,1,0,18.2
2015,11,5,2,0,18.2
2015,11,5,3,0,18.1
2015,11,5,4,0,18.2
2015,11,5,5,5,18.3
2015,11,5,6,10,18.5
2015,11,5,7,25,18.8
2015,11,5,8,35,19
2015,11,5,9,152,19.1
2015,11,5,10,205,20.3
2015,11,5,11,359,21.2
2015,11,5,12,507,21.7
2015,11,5,13,226,21.8
2015,11,5,14,260,21.8
2015,11,5,15,214,21.5
2015,11,5,16,254,21.1
2015,11,5,17,31,20.5
2015,11,5,18,0,20.1
2015,11,5,19,0,20
2015,11,5,20,0,19.9
2015,11,5,21,0,19.9
2015,11,5,22,0,19.8
2015,11,5,23,0,19.6
2015,11,6,0,0,19.3
2015,11,6,1,0,19.1
2015,11,6,2,0,18.9
2015,11,6,3,0,18.7
2015,11,6,4,0,18.6
2015,11,6,5,68,19
2015,11,6,6,266,19.8
2015,11,6,7,486,21.2
2015,11,6,8,542,22.9
2015,11,6,9,852,23.8
2015,11,6,10,649,25.5
2015,11,6,11,732,25.9
2015,11,6,12,168,26
2015,11,6,13,60,25.7
2015,11,6,14,154,25.4
2015,11,6,15,163,25.1
2015,11,6,16,341,24.6
2015,11,6,17,6,23.9
2015,11,6,18,0,23.1
2015,11,6,19,0,22.2
2015,11,6,20,0,21.4
2015,11,6,21,0,20.8
2015,11,6,22,0,20.4
2015,11,6,23,0,20
2015,11,7,0,0,19.5
2015,11,7,1,0,19
2015,11,7,2,0,18.7
2015,11,7,3,0,18.5
2015,11,7,4,0,18.4
2015,11,7,5,82,19
2015,11,7,6,283,20.2
2015,11,7,7,500,21.2
2015,11,7,8,699,22
2015,11,7,9,863,22.2
2015,11,7,10,967,22.9
2015,11,7,11,1007,23.1
2015,11,7,12,215,22.9
2015,11,7,13,97,22.2
2015,11,7,14,188,21.2
2015,11,7,15,535,20.1
2015,11,7,16,85,19
2015,11,7,17,118,18.1
2015,11,7,18,0,17.5
2015,11,7,19,0,17.4
2015,11,7,20,0,17.4
2015,11,7,21,0,17.4
2015,11,7,22,0,17.3
2015,11,7,23,0,17.3
2015,11,8,0,0,17.2
2015,11,8,1,0,17.1
2015,11,8,2,0,16.9
2015,11,8,3,0,16.8
2015,11,8,4,0,16.8
2015,11,8,5,16,17.1
2015,11,8,6,62,17.7
2015,11,8,7,66,18.2
2015,11,8,8,456,18.8
2015,11,8,9,319,19.1
2015,11,8,10,413,19.6
2015,11,8,11,629,19.8
2015,11,8,12,416,20
2015,11,8,13,587,20
2015,11,8,14,754,19.9
2015,11,8,15,296,19.6
2015,11,8,16,183,19.3
2015,11,8,17,140,18.8
2015,11,8,18,0,18.2
2015,11,8,19,0,17.8
2015,11,8,20,0,17.6
2015,11,8,21,0,17.5
2015,11,8,22,0,17.4
2015,11,8,23,0,17.2
2015,11,9,0,0,17
2015,11,9,1,0,16.8
2015,11,9,2,0,16.6
2015,11,9,3,0,16.4
2015,11,9,4,0,16.3
2015,11,9,5,69,16.9
2015,11,9,6,300,18
2015,11,9,7,521,18.9
2015,11,9,8,578,19.7
2015,11,9,9,888,20.1
2015,11,9,10,995,21.1
2015,11,9,11,1039,21.7
2015,11,9,12,1012,22
2015,11,9,13,923,22
2015,11,9,14,774,21.7
2015,11,9,15,583,21.3
2015,11,9,16,366,20.8
2015,11,9,17,98,20.1
2015,11,9,18,0,19.4
2015,11,9,19,0,18.9
2015,11,9,20,0,18.5
2015,11,9,21,0,18.2
2015,11,9,22,0,17.9
2015,11,9,23,0,17.5
2015,11,10,0,0,17.2
2015,11,10,1,0,16.9
2015,11,10,2,0,16.6
2015,11,10,3,0,16.3
2015,11,10,4,0,16.2
2015,11,10,5,94,16.8
2015,11,10,6,305,18.2
2015,11,10,7,527,19.9
2015,11,10,8,728,21.6
2015,11,10,9,888,22.4
2015,11,10,10,997,24
2015,11,10,11,1041,24.5
2015,11,10,12,1016,24.8
2015,11,10,13,922,24.8
2015,11,10,14,645,24.6
2015,11,10,15,582,24
2015,11,10,16,361,23
2015,11,10,17,114,21.6
2015,11,10,18,0,20.5
2015,11,10,19,0,20
2015,11,10,20,0,19.8
2015,11,10,21,0,19.7
2015,11,10,22,0,19.5
2015,11,10,23,0,19.3
2015,11,11,0,0,19
2015,11,11,1,0,18.9
2015,11,11,2,0,18.9
2015,11,11,3,0,18.8
2015,11,11,4,0,18.9
2015,11,11,5,6,19.5
2015,11,11,6,21,20.3
2015,11,11,7,40,21.2
2015,11,11,8,215,21.9
2015,11,11,9,57,22.2
2015,11,11,10,270,22.7
2015,11,11,11,224,22.6
2015,11,11,12,333,22.3
2015,11,11,13,509,21.8
2015,11,11,14,319,21.4
2015,11,11,15,106,21.1
2015,11,11,16,112,20.7
2015,11,11,17,42,20.1
2015,11,11,18,0,19.6
2015,11,11,19,0,19.5
2015,11,11,20,0,19.5
2015,11,11,21,0,19.6
2015,11,11,22,0,19.8
2015,11,11,23,0,19.8
2015,11,12,0,0,19.8
2015,11,12,1,0,19.6
2015,11,12,2,0,19.5
2015,11,12,3,0,19.3
2015,11,12,4,0,19.3
2015,11,12,5,33,19.6
2015,11,12,6,124,20.2
2015,11,12,7,409,20.9
2015,11,12,8,510,21.8
2015,11,12,9,713,22.2
2015,11,12,10,974,23.1
2015,11,12,11,560,23.5
2015,11,12,12,198,23.8
2015,11,12,13,248,23.8
2015,11,12,14,200,23.3
2015,11,12,15,215,22.5
2015,11,12,16,131,21.6
2015,11,12,17,49,20.8
2015,11,12,18,0,20.2
2015,11,12,19,0,19.9
2015,11,12,20,0,19.8
2015,11,12,21,0,19.8
2015,11,12,22,0,19.8
2015,11,12,23,0,19.7
2015,11,13,0,0,19.6
2015,11,13,1,0,19.4
2015,11,13,2,0,19.4
2015,11,13,3,0,19.3
2015,11,13,4,0,19.2
2015,11,13,5,14,19.6
2015,11,13,6,304,20.6
2015,11,13,7,526,21.8
2015,11,13,8,725,23.5
2015,11,13,9,886,24.4
2015,11,13,10,986,25.5
2015,11,13,11,1023,25.3
2015,11,13,12,521,24.6
2015,11,13,13,77,23.4
2015,11,13,14,71,22.1
2015,11,13,15,99,20.9
2015,11,13,16,78,20.1
2015,11,13,17,30,19.6
2015,11,13,18,0,19.3
2015,11,13,19,0,19.1
2015,11,13,20,0,19
2015,11,13,21,0,18.7
2015,11,13,22,0,18.4
2015,11,13,23,0,18.2
2015,11,14,0,0,18
2015,11,14,1,0,17.8
2015,11,14,2,0,17.8
2015,11,14,3,0,17.7
2015,11,14,4,0,17.8
2015,11,14,5,7,18.1
2015,11,14,6,21,18.5
2015,11,14,7,41,18.8
2015,11,14,8,60,19.2
2015,11,14,9,121,19.4
2015,11,14,10,270,19.5
2015,11,14,11,406,19.2
2015,11,14,12,196,18.9
2015,11,14,13,270,18.7
2015,11,14,14,463,18.4
2015,11,14,15,122,18.2
2015,11,14,16,170,18
2015,11,14,17,64,17.8
2015,11,14,18,0,17.6
2015,11,14,19,0,17.4
2015,11,14,20,0,17.4
2015,11,14,21,0,17.5
2015,11,14,22,0,17.5
2015,11,14,23,0,17.4
2015,11,15,0,0,17.4
2015,11,15,1,0,17.4
2015,11,15,2,0,17.4
2015,11,15,3,0,17.4
2015,11,15,4,0,17.3
2015,11,15,5,16,17.5
2015,11,15,6,55,17.8
2015,11,15,7,188,18.2
2015,11,15,8,60,18.6
2015,11,15,9,72,18.7
2015,11,15,10,408,19
2015,11,15,11,740,19
2015,11,15,12,381,19.1
2015,11,15,13,225,19.2
2015,11,15,14,360,19.2
2015,11,15,15,208,19.2
2015,11,15,16,113,19.1
2015,11,15,17,68,18.7
2015,11,15,18,0,18.1
2015,11,15,19,0,17.7
2015,11,15,20,0,17.5
2015,11,15,21,0,17.4
2015,11,15,22,0,17.2
2015,11,15,23,0,17.1
2015,11,16,0,0,16.9
2015,11,16,1,0,16.7
2015,11,16,2,0,16.5
2015,11,16,3,0,16.3
2015,11,16,4,0,16.4
2015,11,16,5,109,17.1
2015,11,16,6,327,18
2015,11,16,7,553,18.7
2015,11,16,8,759,19.3
2015,11,16,9,922,19.6
2015,11,16,10,1029,20.2
2015,11,16,11,1074,20.6
2015,11,16,12,1050,20.7
2015,11,16,13,960,20.8
2015,11,16,14,813,20.6
2015,11,16,15,620,20.4
2015,11,16,16,398,20
2015,11,16,17,175,19.3
2015,11,16,18,0,18.4
2015,11,16,19,0,17.8
2015,11,16,20,0,17.5
2015,11,16,21,0,17.3
2015,11,16,22,0,17.1
2015,11,16,23,0,16.8
2015,11,17,0,0,16.5
2015,11,17,1,0,16.2
2015,11,17,2,0,15.9
2015,11,17,3,0,15.6
2015,11,17,4,0,15.5
2015,11,17,5,109,16.2
2015,11,17,6,323,17.7
2015,11,17,7,547,19.4
2015,11,17,8,750,20.9
2015,11,17,9,913,21.5
2015,11,17,10,1023,22.9
2015,11,17,11,1067,23.4
2015,11,17,12,1044,23.7
2015,11,17,13,952,23.8
2015,11,17,14,803,23.7
2015,11,17,15,609,23.5
2015,11,17,16,389,23
2015,11,17,17,169,22.1
2015,11,17,18,11,21.1
2015,11,17,19,0,20.6
2015,11,17,20,0,20.3
2015,11,17,21,0,20
2015,11,17,22,0,19.5
2015,11,17,23,0,19.1
2015,11,18,0,0,18.8
2015,11,18,1,0,18.4
2015,11,18,2,0,18
2015,11,18,3,0,17.7
2015,11,18,4,0,17.5
2015,11,18,5,107,18
2015,11,18,6,317,19.4
2015,11,18,7,537,21.5
2015,11,18,8,737,23.9
2015,11,18,9,897,25.1
2015,11,18,10,1012,27.8
2015,11,18,11,1056,29
2015,11,18,12,1033,29.7
2015,11,18,13,946,29.9
2015,11,18,14,802,30.1
2015,11,18,15,612,30.1
2015,11,18,16,395,29.4
2015,11,18,17,174,27.3
2015,11,18,18,12,24.7
2015,11,18,19,0,22.7
2015,11,18,20,0,21.5
2015,11,18,21,0,20.7
2015,11,18,22,0,20.1
2015,11,18,23,0,19.6
2015,11,19,0,0,19.2
2015,11,19,1,0,19.2
2015,11,19,2,0,19.2
2015,11,19,3,0,19.2
2015,11,19,4,0,19.4
2015,11,19,5,85,19.9
2015,11,19,6,278,21
2015,11,19,7,352,22.5
2015,11,19,8,561,24.3
2015,11,19,9,864,25.2
2015,11,19,10,955,27.8
2015,11,19,11,1003,29.8
2015,11,19,12,993,31.5
2015,11,19,13,926,32.5
2015,11,19,14,778,33.2
2015,11,19,15,594,33.7
2015,11,19,16,382,33.3
2015,11,19,17,168,31.6
2015,11,19,18,12,28.8
2015,11,19,19,0,26.5
2015,11,19,20,0,25.1
2015,11,19,21,0,24.2
2015,11,19,22,0,23.6
2015,11,19,23,0,23.1
2015,11,20,0,0,22.6
2015,11,20,1,0,22.1
2015,11,20,2,0,21.6
2015,11,20,3,0,21.2
2015,11,20,4,0,21.1
2015,11,20,5,105,21.5
2015,11,20,6,314,22.6
2015,11,20,7,536,24.4
2015,11,20,8,741,26.8
2015,11,20,9,903,28
2015,11,20,10,1017,31.4
2015,11,20,11,1058,32.8
2015,11,20,12,1030,33.4
2015,11,20,13,939,33.5
2015,11,20,14,789,33.4
2015,11,20,15,600,33.1
2015,11,20,16,385,32.5
2015,11,20,17,169,31.4
2015,11,20,18,11,30
2015,11,20,19,0,27.7
2015,11,20,20,0,25.1
2015,11,20,21,0,23.2
2015,11,20,22,0,21.6
2015,11,20,23,0,20.3
2015,11,21,0,0,19.4
2015,11,21,1,0,19.3
2015,11,21,2,0,19.4
2015,11,21,3,0,19.5
2015,11,21,4,0,19.7
2015,11,21,5,11,20.3
2015,11,21,6,33,20.9
2015,11,21,7,156,21.4
2015,11,21,8,84,21.8
2015,11,21,9,233,21.9
2015,11,21,10,185,21.7
2015,11,21,11,185,21.2
2015,11,21,12,220,20.9
2015,11,21,13,233,20.7
2015,11,21,14,384,20.7
2015,11,21,15,610,20.6
2015,11,21,16,398,20.3
2015,11,21,17,179,19.9
2015,11,21,18,5,19.3
2015,11,21,19,0,18.9
2015,11,21,20,0,18.8
2015,11,21,21,0,18.6
2015,11,21,22,0,18.5
2015,11,21,23,0,18.4
2015,11,22,0,0,18.3
2015,11,22,1,0,18.2
2015,11,22,2,0,18.1
2015,11,22,3,0,18.1
2015,11,22,4,0,18.4
2015,11,22,5,107,19.1
2015,11,22,6,316,19.9
2015,11,22,7,84,20.6
2015,11,22,8,102,21.1
2015,11,22,9,74,21.4
2015,11,22,10,158,22.1
2015,11,22,11,152,22.2
2015,11,22,12,186,22
2015,11,22,13,142,21.8
2015,11,22,14,230,21.7
2015,11,22,15,603,21.5
2015,11,22,16,388,21
2015,11,22,17,174,20.5
2015,11,22,18,15,19.9
2015,11,22,19,0,19.6
2015,11,22,20,0,19.4
2015,11,22,21,0,19.3
2015,11,22,22,0,19.2
2015,11,22,23,0,19.1
2015,11,23,0,0,18.9
2015,11,23,1,0,18.7
2015,11,23,2,0,18.4
2015,11,23,3,0,18.1
2015,11,23,4,0,18.1
2015,11,23,5,52,18.6
2015,11,23,6,300,19.8
2015,11,23,7,516,21.1
2015,11,23,8,717,22.4
2015,11,23,9,883,23.1
2015,11,23,10,1013,24.2
2015,11,23,11,1062,24.4
2015,11,23,12,1040,24.2
2015,11,23,13,956,23.6
2015,11,23,14,808,22.9
2015,11,23,15,614,22.1
2015,11,23,16,401,21.4
2015,11,23,17,180,20.7
2015,11,23,18,17,20
2015,11,23,19,0,19.6
2015,11,23,20,0,19.5
2015,11,23,21,0,19.4
2015,11,23,22,0,19.3
2015,11,23,23,0,19.2
2015,11,24,0,0,19
2015,11,24,1,0,18.8
2015,11,24,2,0,18.7
2015,11,24,3,0,18.7
2015,11,24,4,0,18.8
2015,11,24,5,109,19.3
2015,11,24,6,320,20.3
2015,11,24,7,543,21.2
2015,11,24,8,750,22.1
2015,11,24,9,916,22.6
2015,11,24,10,1024,23.7
2015,11,24,11,1067,24.3
2015,11,24,12,1047,24.5
2015,11,24,13,960,24.5
2015,11,24,14,814,24.3
2015,11,24,15,622,23.7
2015,11,24,16,405,22.9
2015,11,24,17,187,21.8
2015,11,24,18,19,20.8
2015,11,24,19,0,20.3
2015,11,24,20,0,20.1
2015,11,24,21,0,20
2015,11,24,22,0,19.8
2015,11,24,23,0,19.5
2015,11,25,0,0,19.1
2015,11,25,1,0,18.8
2015,11,25,2,0,18.4
2015,11,25,3,0,18
2015,11,25,4,0,17.8
2015,11,25,5,120,18.4
2015,11,25,6,339,20
2015,11,25,7,567,22.2
2015,11,25,8,776,24.5
2015,11,25,9,943,25.5
2015,11,25,10,1055,27.3
2015,11,25,11,1101,27.9
2015,11,25,12,1076,28.3
2015,11,25,13,985,28.5
2015,11,25,14,836,28.4
2015,11,25,15,642,28
2015,11,25,16,424,27.2
2015,11,25,17,198,25.8
2015,11,25,18,22,24.5
2015,11,25,19,0,23.8
2015,11,25,20,0,23.5
2015,11,25,21,0,23.4
2015,11,25,22,0,23.3
2015,11,25,23,0,23.1
2015,11,26,0,0,23
2015,11,26,1,0,22.9
2015,11,26,2,0,22.9
2015,11,26,3,0,22.8
2015,11,26,4,0,22.9
2015,11,26,5,116,23.9
2015,11,26,6,326,25.4
2015,11,26,7,544,27
2015,11,26,8,738,28.5
2015,11,26,9,895,29.2
2015,11,26,10,998,30.7
2015,11,26,11,1039,31.2
2015,11,26,12,1010,31.2
2015,11,26,13,925,30.6
2015,11,26,14,509,29.7
2015,11,26,15,48,28.4
2015,11,26,16,106,26.7
2015,11,26,17,44,25
2015,11,26,18,8,23.4
2015,11,26,19,0,21.6
2015,11,26,20,0,19.8
2015,11,26,21,0,18.3
2015,11,26,22,0,17.3
2015,11,26,23,0,16.6
2015,11,27,0,0,16.1
2015,11,27,1,0,16
2015,11,27,2,0,16.1
2015,11,27,3,0,16.3
2015,11,27,4,0,16.8
2015,11,27,5,36,17.7
2015,11,27,6,120,18.7
2015,11,27,7,373,19.5
2015,11,27,8,157,20.1
2015,11,27,9,258,20.4
2015,11,27,10,373,21.1
2015,11,27,11,782,21.4
2015,11,27,12,1046,21.5
2015,11,27,13,955,21.6
2015,11,27,14,811,21.5
2015,11,27,15,625,21.1
2015,11,27,16,409,20.5
2015,11,27,17,191,19.9
2015,11,27,18,4,19.4
2015,11,27,19,0,19.2
2015,11,27,20,0,19.2
2015,11,27,21,0,19.2
2015,11,27,22,0,19.2
2015,11,27,23,0,19.2
2015,11,28,0,0,19.2
2015,11,28,1,0,19.2
2015,11,28,2,0,19.2
2015,11,28,3,0,19.3
2015,11,28,4,0,19.6
2015,11,28,5,9,20.2
2015,11,28,6,21,21
2015,11,28,7,125,21.7
2015,11,28,8,466,22.2
2015,11,28,9,726,22.4
2015,11,28,10,985,22.8
2015,11,28,11,1031,22.8
2015,11,28,12,281,22.8
2015,11,28,13,410,22.8
2015,11,28,14,247,22.6
2015,11,28,15,269,22.4
2015,11,28,16,102,22.1
2015,11,28,17,42,21.6
2015,11,28,18,6,21
2015,11,28,19,0,20.6
2015,11,28,20,0,20.4
2015,11,28,21,0,20.3
2015,11,28,22,0,20.2
2015,11,28,23,0,20.2
2015,11,29,0,0,20.2
2015,11,29,1,0,20.2
2015,11,29,2,0,20.2
2015,11,29,3,0,20.3
2015,11,29,4,0,20.3
2015,11,29,5,15,20.6
2015,11,29,6,47,21
2015,11,29,7,308,21.6
2015,11,29,8,184,22.5
2015,11,29,9,859,22.9
2015,11,29,10,966,24.3
2015,11,29,11,1010,25
2015,11,29,12,991,25.4
2015,11,29,13,927,25.4
2015,11,29,14,784,25
2015,11,29,15,601,24.4
2015,11,29,16,390,23.5
2015,11,29,17,181,22.6
2015,11,29,18,21,21.9
2015,11,29,19,0,21.4
2015,11,29,20,0,21.3
2015,11,29,21,0,21.1
2015,11,29,22,0,20.8
2015,11,29,23,0,20.6
2015,11,30,0,0,20.4
2015,11,30,1,0,20.2
2015,11,30,2,0,19.5
2015,11,30,3,0,18.8
2015,11,30,4,0,18.5
2015,11,30,5,115,18.9
2015,11,30,6,327,19.6
2015,11,30,7,551,20.5
2015,11,30,8,757,21.7
2015,11,30,9,924,22.3
2015,11,30,10,1040,24.6
2015,11,30,11,1085,25.7
2015,11,30,12,1067,26.5
2015,11,30,13,984,26.8
2015,11,30,14,840,26.6
2015,11,30,15,650,26.1
2015,11,30,16,432,25
2015,11,30,17,208,23.5
2015,11,30,18,29,22.2
2015,11,30,19,0,21.4
2015,11,30,20,0,21.1
2015,11,30,21,0,20.9
2015,11,30,22,0,20.7
2015,11,30,23,0,20.5
2015,12,1,0,0,20.3
2015,12,1,1,0,20.1
2015,12,1,2,0,19.9
2015,12,1,3,0,19.7
2015,12,1,4,0,19.9
2015,12,1,5,112,20.7
2015,12,1,6,318,22.3
2015,12,1,7,537,24.3
2015,12,1,8,739,26.8
2015,12,1,9,901,28.2
2015,12,1,10,1015,30.7
2015,12,1,11,1063,31.5
2015,12,1,12,1044,31.6
2015,12,1,13,959,31.4
2015,12,1,14,672,30.8
2015,12,1,15,476,29.7
2015,12,1,16,209,28
2015,12,1,17,153,26.4
2015,12,1,18,12,25.2
2015,12,1,19,0,24.7
2015,12,1,20,0,25.1
2015,12,1,21,0,25.9
2015,12,1,22,0,26.4
2015,12,1,23,0,26.4
2015,12,2,0,0,26.1
2015,12,2,1,0,25.3
2015,12,2,2,0,24.3
2015,12,2,3,0,23.4
2015,12,2,4,0,22.8
2015,12,2,5,17,22.3
2015,12,2,6,118,21.8
2015,12,2,7,91,21.6
2015,12,2,8,324,21.9
2015,12,2,9,734,22.1
2015,12,2,10,674,22.4
2015,12,2,11,1049,21.9
2015,12,2,12,502,20.8
2015,12,2,13,505,19.8
2015,12,2,14,359,19.2
2015,12,2,15,169,18.9
2015,12,2,16,139,18.7
2015,12,2,17,59,18.3
2015,12,2,18,32,18
2015,12,2,19,0,17.9
2015,12,2,20,0,17.9
2015,12,2,21,0,17.8
2015,12,2,22,0,17.8
2015,12,2,23,0,17.7
2015,12,3,0,0,17.6
2015,12,3,1,0,17.5
2015,12,3,2,0,17.5
2015,12,3,3,0,17.5
2015,12,3,4,0,17.8
2015,12,3,5,8,18.6
2015,12,3,6,23,19.5
2015,12,3,7,44,20.1
2015,12,3,8,72,20.6
2015,12,3,9,245,20.8
2015,12,3,10,775,21.3
2015,12,3,11,738,21.4
2015,12,3,12,1040,21.3
2015,12,3,13,974,21.2
2015,12,3,14,836,21
2015,12,3,15,651,20.6
2015,12,3,16,439,20.2
2015,12,3,17,219,19.6
2015,12,3,18,36,18.9
2015,12,3,19,0,18.4
2015,12,3,20,0,18.1
2015,12,3,21,0,17.9
2015,12,3,22,0,17.8
2015,12,3,23,0,17.8
2015,12,4,0,0,17.8
2015,12,4,1,0,17.7
2015,12,4,2,0,17.6
2015,12,4,3,0,17.5
2015,12,4,4,0,17.6
2015,12,4,5,122,18.3
2015,12,4,6,88,19.3
2015,12,4,7,356,20.3
2015,12,4,8,62,21.2
2015,12,4,9,925,21.5
2015,12,4,10,1039,22.4
2015,12,4,11,1088,22.7
2015,12,4,12,1072,22.8
2015,12,4,13,995,22.7
2015,12,4,14,855,22.5
2015,12,4,15,668,22.1
2015,12,4,16,455,21.6
2015,12,4,17,231,20.9
2015,12,4,18,41,20.1
2015,12,4,19,0,19.4
2015,12,4,20,0,19
2015,12,4,21,0,18.7
2015,12,4,22,0,18.3
2015,12,4,23,0,18
2015,12,5,0,0,17.7
2015,12,5,1,0,17.5
2015,12,5,2,0,17.4
2015,12,5,3,0,17.3
2015,12,5,4,0,17.4
2015,12,5,5,126,18.2
2015,12,5,6,341,19.6
2015,12,5,7,568,20.9
2015,12,5,8,773,22.1
2015,12,5,9,939,22.7
2015,12,5,10,1054,24.2
2015,12,5,11,1104,24.7
2015,12,5,12,1088,25
2015,12,5,13,1004,24.9
2015,12,5,14,828,24.5
2015,12,5,15,646,23.9
2015,12,5,16,432,23.1
2015,12,5,17,207,22.2
2015,12,5,18,38,21.1
2015,12,5,19,0,20.3
2015,12,5,20,0,19.9
2015,12,5,21,0,19.5
2015,12,5,22,0,19.3
2015,12,5,23,0,19
2015,12,6,0,0,18.8
2015,12,6,1,0,18.7
2015,12,6,2,0,18.7
2015,12,6,3,0,18.7
2015,12,6,4,0,18.9
2015,12,6,5,114,19.6
2015,12,6,6,320,20.8
2015,12,6,7,539,22.1
2015,12,6,8,739,23.3
2015,12,6,9,887,23.9
2015,12,6,10,975,25.2
2015,12,6,11,1003,25.6
2015,12,6,12,974,25.6
2015,12,6,13,889,25.5
2015,12,6,14,761,25.2
2015,12,6,15,273,24.6
2015,12,6,16,92,23.6
2015,12,6,17,30,22.4
2015,12,6,18,9,21.2
2015,12,6,19,0,20.5
2015,12,6,20,0,20.3
2015,12,6,21,0,20.1
2015,12,6,22,0,20
2015,12,6,23,0,19.8
2015,12,7,0,0,19.8
2015,12,7,1,0,19.8
2015,12,7,2,0,19.8
2015,12,7,3,0,19.6
2015,12,7,4,0,19.5
2015,12,7,5,106,20.2
2015,12,7,6,270,21.3
2015,12,7,7,431,22.3
2015,12,7,8,572,23.1
2015,12,7,9,695,23.4
2015,12,7,10,785,24.1
2015,12,7,11,788,24.4
2015,12,7,12,769,24.5
2015,12,7,13,655,24.4
2015,12,7,14,410,24.1
2015,12,7,15,242,23.6
2015,12,7,16,109,23
2015,12,7,17,30,22.3
2015,12,7,18,7,21.7
2015,12,7,19,0,21.4
2015,12,7,20,0,21.2
2015,12,7,21,0,21.1
2015,12,7,22,0,20.9
2015,12,7,23,0,20.7
2015,12,8,0,0,20.6
2015,12,8,1,0,20.5
2015,12,8,2,0,20.4
2015,12,8,3,0,20.3
2015,12,8,4,0,20.5
2015,12,8,5,45,21
2015,12,8,6,139,21.8
2015,12,8,7,217,22.6
2015,12,8,8,271,23.1
2015,12,8,9,337,23.4
2015,12,8,10,342,24.3
2015,12,8,11,276,24.9
2015,12,8,12,241,25.1
2015,12,8,13,253,25.1
2015,12,8,14,236,24.9
2015,12,8,15,126,24.4
2015,12,8,16,54,23.6
2015,12,8,17,21,22.7
2015,12,8,18,7,22.2
2015,12,8,19,0,21.8
2015,12,8,20,0,21.6
2015,12,8,21,0,21.5
2015,12,8,22,0,21.4
2015,12,8,23,0,21.3
2015,12,9,0,0,21
2015,12,9,1,0,20.9
2015,12,9,2,0,20.8
2015,12,9,3,0,20.9
2015,12,9,4,0,21.1
2015,12,9,5,41,21.5
2015,12,9,6,124,22.1
2015,12,9,7,234,23.2
2015,12,9,8,251,24.5
2015,12,9,9,266,25.2
2015,12,9,10,155,27.2
2015,12,9,11,158,28.1
2015,12,9,12,164,28.3
2015,12,9,13,135,28.1
2015,12,9,14,92,27.8
2015,12,9,15,58,27.3
2015,12,9,16,32,26.7
2015,12,9,17,15,25.9
2015,12,9,18,6,25.1
2015,12,9,19,0,24.3
2015,12,9,20,0,23.7
2015,12,9,21,0,23.1
2015,12,9,22,0,22.6
2015,12,9,23,0,22.1
2015,12,10,0,0,21.8
2015,12,10,1,0,21.7
2015,12,10,2,0,21.4
2015,12,10,3,0,21.2
2015,12,10,4,0,21.1
2015,12,10,5,58,21.5
2015,12,10,6,183,22.2
2015,12,10,7,119,23
2015,12,10,8,81,23.9
2015,12,10,9,90,24.3
2015,12,10,10,91,25.5
2015,12,10,11,101,25.9
2015,12,10,12,98,26
2015,12,10,13,88,25.9
2015,12,10,14,116,25.6
2015,12,10,15,199,25.1
2015,12,10,16,264,24.3
2015,12,10,17,219,23.2
2015,12,10,18,38,22.2
2015,12,10,19,0,21.6
2015,12,10,20,0,21.4
2015,12,10,21,0,21.2
2015,12,10,22,0,21.1
2015,12,10,23,0,20.9
2015,12,11,0,0,20.8
2015,12,11,1,0,20.7
2015,12,11,2,0,20.4
2015,12,11,3,0,20
2015,12,11,4,0,19.8
2015,12,11,5,114,20.3
2015,12,11,6,325,21.8
2015,12,11,7,534,24.2
2015,12,11,8,714,26.8
2015,12,11,9,873,28.1
2015,12,11,10,975,30
2015,12,11,11,1013,30.7
2015,12,11,12,986,30.9
2015,12,11,13,913,30.9
2015,12,11,14,772,30.5
2015,12,11,15,562,29.9
2015,12,11,16,273,29.1
2015,12,11,17,70,28
2015,12,11,18,16,26.6
2015,12,11,19,0,25.1
2015,12,11,20,0,23.7
2015,12,11,21,0,22.4
2015,12,11,22,0,21.1
2015,12,11,23,0,19.7
2015,12,12,0,0,18.6
2015,12,12,1,0,18
2015,12,12,2,0,17.9
2015,12,12,3,0,17.8
2015,12,12,4,0,17.9
2015,12,12,5,25,18.4
2015,12,12,6,49,19
2015,12,12,7,74,19.7
2015,12,12,8,110,20.5
2015,12,12,9,142,20.8
2015,12,12,10,158,21.3
2015,12,12,11,171,21.4
2015,12,12,12,209,21.3
2015,12,12,13,281,20.9
2015,12,12,14,374,20.5
2015,12,12,15,343,20.1
2015,12,12,16,234,19.7
2015,12,12,17,111,19.2
2015,12,12,18,18,18.7
2015,12,12,19,0,18.5
2015,12,12,20,0,18.4
2015,12,12,21,0,18.4
2015,12,12,22,0,18.4
2015,12,12,23,0,18.4
2015,12,13,0,0,18.4
2015,12,13,1,0,18.4
2015,12,13,2,0,18.5
2015,12,13,3,0,18.6
2015,12,13,4,0,18.9
2015,12,13,5,31,19.5
2015,12,13,6,92,20.2
2015,12,13,7,150,21
2015,12,13,8,202,21.6
2015,12,13,9,238,21.9
2015,12,13,10,251,22.8
2015,12,13,11,269,23.3
2015,12,13,12,338,23.7
2015,12,13,13,515,23.8
2015,12,13,14,561,23.7
2015,12,13,15,513,23.1
2015,12,13,16,384,22.4
2015,12,13,17,217,21.8
2015,12,13,18,43,21.3
2015,12,13,19,0,21.1
2015,12,13,20,0,21
2015,12,13,21,0,20.8
2015,12,13,22,0,20.6
2015,12,13,23,0,20.3
2015,12,14,0,0,20.2
2015,12,14,1,0,20
2015,12,14,2,0,19.8
2015,12,14,3,0,19.5
2015,12,14,4,0,19.6
2015,12,14,5,109,20.3
2015,12,14,6,316,21.5
2015,12,14,7,538,23
2015,12,14,8,745,24.7
2015,12,14,9,914,25.6
2015,12,14,10,1037,27.5
2015,12,14,11,1009,27.9
2015,12,14,12,993,27.7
2015,12,14,13,930,27.2
2015,12,14,14,811,26.4
2015,12,14,15,653,25.5
2015,12,14,16,465,24.4
2015,12,14,17,243,23.3
2015,12,14,18,53,22.2
2015,12,14,19,0,21.5
2015,12,14,20,0,21.3
2015,12,14,21,0,21.2
2015,12,14,22,0,21.1
2015,12,14,23,0,21.1
2015,12,15,0,0,21.1
2015,12,15,1,0,20.8
2015,12,15,2,0,20.5
2015,12,15,3,0,20.3
2015,12,15,4,0,20.5
2015,12,15,5,71,21.3
2015,12,15,6,143,22.2
2015,12,15,7,206,23
2015,12,15,8,292,23.8
2015,12,15,9,379,24.1
2015,12,15,10,420,24.6
2015,12,15,11,488,25
2015,12,15,12,541,25.4
2015,12,15,13,532,25.7
2015,12,15,14,423,25.6
2015,12,15,15,293,25
2015,12,15,16,154,24.2
2015,12,15,17,43,23.1
2015,12,15,18,10,22.2
2015,12,15,19,0,21.7
2015,12,15,20,0,21.6
2015,12,15,21,0,21.5
2015,12,15,22,0,21.4
2015,12,15,23,0,21.3
2015,12,16,0,0,21.1
2015,12,16,1,0,21
2015,12,16,2,0,21
2015,12,16,3,0,20.9
2015,12,16,4,0,21.1
2015,12,16,5,6,21.5
2015,12,16,6,14,22.3
2015,12,16,7,31,23.1
2015,12,16,8,58,23.8
2015,12,16,9,84,24.2
2015,12,16,10,91,24.6
2015,12,16,11,102,24.7
2015,12,16,12,100,24.6
2015,12,16,13,86,24.2
2015,12,16,14,84,23.7
2015,12,16,15,73,23.1
2015,12,16,16,51,22.4
2015,12,16,17,24,21.6
2015,12,16,18,9,20.8
2015,12,16,19,0,20.3
2015,12,16,20,0,20.1
2015,12,16,21,0,20.1
2015,12,16,22,0,20.1
2015,12,16,23,0,20.1
2015,12,17,0,0,19.9
2015,12,17,1,0,19.7
2015,12,17,2,0,19.5
2015,12,17,3,0,19.5
2015,12,17,4,0,19.7
2015,12,17,5,24,20.2
2015,12,17,6,54,20.9
2015,12,17,7,92,21.8
2015,12,17,8,152,23.1
2015,12,17,9,224,23.8
2015,12,17,10,235,24.9
2015,12,17,11,265,25.4
2015,12,17,12,269,25.7
2015,12,17,13,276,25.7
2015,12,17,14,253,25.4
2015,12,17,15,150,25
2015,12,17,16,77,24.3
2015,12,17,17,44,23.6
2015,12,17,18,14,22.7
2015,12,17,19,0,22.1
2015,12,17,20,0,21.8
2015,12,17,21,0,21.5
2015,12,17,22,0,21.2
2015,12,17,23,0,20.8
2015,12,18,0,0,20.5
2015,12,18,1,0,20.1
2015,12,18,2,0,19.8
2015,12,18,3,0,19.5
2015,12,18,4,0,19.6
2015,12,18,5,111,20.5
2015,12,18,6,318,22
2015,12,18,7,538,23.6
2015,12,18,8,740,25
2015,12,18,9,903,25.7
2015,12,18,10,1019,27.4
2015,12,18,11,1066,28
2015,12,18,12,1048,28.1
2015,12,18,13,936,28
2015,12,18,14,830,27.6
2015,12,18,15,683,27.1
2015,12,18,16,466,26.4
2015,12,18,17,250,25.4
2015,12,18,18,60,24.2
2015,12,18,19,0,23.2
2015,12,18,20,0,22.6
2015,12,18,21,0,22.1
2015,12,18,22,0,21.7
2015,12,18,23,0,21.4
2015,12,19,0,0,21
2015,12,19,1,0,20.8
2015,12,19,2,0,20.6
2015,12,19,3,0,20.4
2015,12,19,4,0,20.7
2015,12,19,5,106,21.7
2015,12,19,6,311,23.3
2015,12,19,7,517,25.3
2015,12,19,8,698,27.1
2015,12,19,9,838,28
2015,12,19,10,891,29.6
2015,12,19,11,888,29.8
2015,12,19,12,848,29.6
2015,12,19,13,784,29.1
2015,12,19,14,717,28.5
2015,12,19,15,636,27.8
2015,12,19,16,484,26.9
2015,12,19,17,263,25.7
2015,12,19,18,66,24.3
2015,12,19,19,0,23.1
2015,12,19,20,0,22.5
2015,12,19,21,0,21.9
2015,12,19,22,0,21.5
2015,12,19,23,0,21.2
2015,12,20,0,0,20.8
2015,12,20,1,0,20.6
2015,12,20,2,0,20.4
2015,12,20,3,0,20.2
2015,12,20,4,0,20.4
2015,12,20,5,105,21.2
2015,12,20,6,287,22.6
2015,12,20,7,457,24
2015,12,20,8,603,25.8
2015,12,20,9,733,26.8
2015,12,20,10,800,29.6
2015,12,20,11,879,30.8
2015,12,20,12,943,31.3
2015,12,20,13,918,31.5
2015,12,20,14,814,31.4
2015,12,20,15,661,31
2015,12,20,16,465,30.2
2015,12,20,17,248,28.8
2015,12,20,18,59,27.1
2015,12,20,19,0,26
2015,12,20,20,0,25.5
2015,12,20,21,0,25.2
2015,12,20,22,0,24.9
2015,12,20,23,0,24.7
2015,12,21,0,0,24.4
2015,12,21,1,0,23.9
2015,12,21,2,0,23.4
2015,12,21,3,0,23
2015,12,21,4,0,23
2015,12,21,5,27,23.5
2015,12,21,6,29,24.2
2015,12,21,7,40,24.5
2015,12,21,8,90,24.3
2015,12,21,9,182,24.2
2015,12,21,10,336,24.1
2015,12,21,11,296,23.8
2015,12,21,12,203,23.4
2015,12,21,13,143,22.8
2015,12,21,14,102,22
2015,12,21,15,66,21.3
2015,12,21,16,41,20.7
2015,12,21,17,22,20.4
2015,12,21,18,9,20.1
2015,12,21,19,0,20.1
2015,12,21,20,0,20.1
2015,12,21,21,0,20.1
2015,12,21,22,0,19.9
2015,12,21,23,0,19.7
2015,12,22,0,0,19.6
2015,12,22,1,0,19.5
2015,12,22,2,0,19.4
2015,12,22,3,0,19.2
2015,12,22,4,0,19
2015,12,22,5,9,19
2015,12,22,6,22,19
2015,12,22,7,53,19
2015,12,22,8,108,19.3
2015,12,22,9,167,19.5
2015,12,22,10,221,20.1
2015,12,22,11,176,20.4
2015,12,22,12,145,20.5
2015,12,22,13,136,20.5
2015,12,22,14,97,20.4
2015,12,22,15,60,20.1
2015,12,22,16,33,19.8
2015,12,22,17,18,19.4
2015,12,22,18,7,19.1
2015,12,22,19,0,19
2015,12,22,20,0,19.1
2015,12,22,21,0,19.3
2015,12,22,22,0,19.3
2015,12,22,23,0,19.4
2015,12,23,0,0,19.4
2015,12,23,1,0,19.3
2015,12,23,2,0,19.3
2015,12,23,3,0,19.3
2015,12,23,4,0,19.5
2015,12,23,5,16,20
2015,12,23,6,48,20.4
2015,12,23,7,73,20.8
2015,12,23,8,83,21.2
2015,12,23,9,88,21.4
2015,12,23,10,132,22.1
2015,12,23,11,161,22.3
2015,12,23,12,227,22.4
2015,12,23,13,256,22.4
2015,12,23,14,219,22.3
2015,12,23,15,164,21.9
2015,12,23,16,126,21.5
2015,12,23,17,100,20.9
2015,12,23,18,35,20.2
2015,12,23,19,0,19.8
2015,12,23,20,0,19.6
2015,12,23,21,0,19.5
2015,12,23,22,0,19.4
2015,12,23,23,0,19.3
2015,12,24,0,0,19.3
2015,12,24,1,0,19.3
2015,12,24,2,0,19.2
2015,12,24,3,0,19.2
2015,12,24,4,0,19.4
2015,12,24,5,13,20.2
2015,12,24,6,37,21.1
2015,12,24,7,67,21.7
2015,12,24,8,110,22.2
2015,12,24,9,151,22.5
2015,12,24,10,175,22.9
2015,12,24,11,257,23
2015,12,24,12,351,23
2015,12,24,13,238,22.9
2015,12,24,14,133,22.6
2015,12,24,15,105,22.2
2015,12,24,16,96,21.9
2015,12,24,17,46,21.4
2015,12,24,18,9,20.7
2015,12,24,19,0,20.2
2015,12,24,20,0,20
2015,12,24,21,0,19.8
2015,12,24,22,0,19.7
2015,12,24,23,0,19.7
2015,12,25,0,0,19.5
2015,12,25,1,0,19.4
2015,12,25,2,0,19.4
2015,12,25,3,0,19.3
2015,12,25,4,0,19.5
2015,12,25,5,20,20.3
2015,12,25,6,63,21.2
2015,12,25,7,126,21.9
2015,12,25,8,256,22.6
2015,12,25,9,468,22.9
2015,12,25,10,744,23.5
2015,12,25,11,890,23.8
2015,12,25,12,874,23.8
2015,12,25,13,802,23.8
2015,12,25,14,709,23.5
2015,12,25,15,530,23.2
2015,12,25,16,259,22.7
2015,12,25,17,86,22.1
2015,12,25,18,12,21.4
2015,12,25,19,0,20.9
2015,12,25,20,0,20.5
2015,12,25,21,0,20.3
2015,12,25,22,0,20.2
2015,12,25,23,0,20.1
2015,12,26,0,0,20.1
2015,12,26,1,0,20
2015,12,26,2,0,19.9
2015,12,26,3,0,19.8
2015,12,26,4,0,20
2015,12,26,5,55,20.7
2015,12,26,6,229,21.7
2015,12,26,7,512,22.8
2015,12,26,8,716,23.9
2015,12,26,9,885,24.4
2015,12,26,10,1002,25.8
2015,12,26,11,1056,26.6
2015,12,26,12,155,27.1
2015,12,26,13,85,27.2
2015,12,26,14,65,26.8
2015,12,26,15,47,26.2
2015,12,26,16,24,25.5
2015,12,26,17,12,24.8
2015,12,26,18,5,23.9
2015,12,26,19,0,23.1
2015,12,26,20,0,22.7
2015,12,26,21,0,22.4
2015,12,26,22,0,21.9
2015,12,26,23,0,20.9
2015,12,27,0,0,19.8
2015,12,27,1,0,19.1
2015,12,27,2,0,18.9
2015,12,27,3,0,18.8
2015,12,27,4,0,18.8
2015,12,27,5,22,19.1
2015,12,27,6,73,19.6
2015,12,27,7,128,19.9
2015,12,27,8,153,20.1
2015,12,27,9,178,20.2
2015,12,27,10,322,20.5
2015,12,27,11,696,20.7
2015,12,27,12,970,20.9
2015,12,27,13,1016,20.8
2015,12,27,14,728,20.6
2015,12,27,15,388,20.3
2015,12,27,16,113,20
2015,12,27,17,32,19.6
2015,12,27,18,8,19.1
2015,12,27,19,0,18.9
2015,12,27,20,0,18.9
2015,12,27,21,0,18.7
2015,12,27,22,0,18.6
2015,12,27,23,0,18.3
2015,12,28,0,0,18
2015,12,28,1,0,17.6
2015,12,28,2,0,17.4
2015,12,28,3,0,17.3
2015,12,28,4,0,17.5
2015,12,28,5,17,18.1
2015,12,28,6,91,19
2015,12,28,7,144,19.7
2015,12,28,8,190,20.3
2015,12,28,9,253,20.5
2015,12,28,10,569,20.9
2015,12,28,11,646,21.1
2015,12,28,12,556,21.2
2015,12,28,13,384,21.1
2015,12,28,14,306,21
2015,12,28,15,293,20.8
2015,12,28,16,218,20.5
2015,12,28,17,98,20.1
2015,12,28,18,15,19.6
2015,12,28,19,0,19.2
2015,12,28,20,0,18.8
2015,12,28,21,0,18.6
2015,12,28,22,0,18.4
2015,12,28,23,0,18.3
2015,12,29,0,0,18.1
2015,12,29,1,0,18
2015,12,29,2,0,18.1
2015,12,29,3,0,18.2
2015,12,29,4,0,18.5
2015,12,29,5,24,19
2015,12,29,6,84,19.7
2015,12,29,7,190,20.3
2015,12,29,8,374,21
2015,12,29,9,554,21.3
2015,12,29,10,1033,21.8
2015,12,29,11,1099,22.1
2015,12,29,12,1096,22.2
2015,12,29,13,1031,22.1
2015,12,29,14,902,22
2015,12,29,15,724,21.7
2015,12,29,16,511,21.2
2015,12,29,17,287,20.6
2015,12,29,18,81,19.7
2015,12,29,19,0,19
2015,12,29,20,0,18.7
2015,12,29,21,0,18.7
2015,12,29,22,0,18.7
2015,12,29,23,0,18.5
2015,12,30,0,0,18
2015,12,30,1,0,17.5
2015,12,30,2,0,17.1
2015,12,30,3,0,16.8
2015,12,30,4,0,16.9
2015,12,30,5,97,17.8
2015,12,30,6,307,19.3
2015,12,30,7,532,20.5
2015,12,30,8,742,21.6
2015,12,30,9,916,22.1
2015,12,30,10,1041,23.1
2015,12,30,11,1104,23.4
2015,12,30,12,1101,23.5
2015,12,30,13,994,23.4
2015,12,30,14,880,23.1
2015,12,30,15,703,22.7
2015,12,30,16,502,22.1
2015,12,30,17,288,21.4
2015,12,30,18,81,20.4
2015,12,30,19,0,19.6
2015,12,30,20,0,19.3
2015,12,30,21,0,19.1
2015,12,30,22,0,19.1
2015,12,30,23,0,19.2
2015,12,31,0,0,19.1
2015,12,31,1,0,19.1
2015,12,31,2,0,19.1
2015,12,31,3,0,19.1
2015,12,31,4,0,19.1
2015,12,31,5,54,19.6
2015,12,31,6,212,20.7
2015,12,31,7,424,21.9
2015,12,31,8,725,23
2015,12,31,9,881,23.4
2015,12,31,10,945,24.5
2015,12,31,11,997,24.9
2015,12,31,12,1018,25.1
2015,12,31,13,1014,25
2015,12,31,14,841,24.7
2015,12,31,15,679,24.2
2015,12,31,16,500,23.4
2015,12,31,17,277,22.5
2015,12,31,18,76,21.5
2015,12,31,19,0,20.7
2015,12,31,20,0,20.3
2015,12,31,21,0,19.9
2015,12,31,22,0,19.6
2015,12,31,23,0,19.3
2016,1,1,0,0,21.5
2016,1,1,1,0,21.4
2016,1,1,2,0,21.3
2016,1,1,3,0,21.3
2016,1,1,4,0,21.2
2016,1,1,5,15,21.7
2016,1,1,6,11,22.5
2016,1,1,7,177,23.4
2016,1,1,8,413,24.3
2016,1,1,9,430,25.2
2016,1,1,10,974,24
2016,1,1,11,1069,24.5
2016,1,1,12,1101,24.8
2016,1,1,13,1067,24.9
2016,1,1,14,968,24.5
2016,1,1,15,814,23.7
2016,1,1,16,617,22.9
2016,1,1,17,394,22.1
2016,1,1,18,173,21.3
2016,1,1,19,13,20.7
2016,1,1,20,0,20.5
2016,1,1,21,0,20.2
2016,1,1,22,0,19.9
2016,1,1,23,0,19.6
2016,1,2,0,0,19.4
2016,1,2,1,0,19.3
2016,1,2,2,0,19.3
2016,1,2,3,0,19.2
2016,1,2,4,0,19.1
2016,1,2,5,16,19.3
2016,1,2,6,106,20
2016,1,2,7,371,20.9
2016,1,2,8,518,21.7
2016,1,2,9,668,22.2
2016,1,2,10,810,22.7
2016,1,2,11,627,23.1
2016,1,2,12,835,23.4
2016,1,2,13,714,23.4
2016,1,2,14,679,23.1
2016,1,2,15,415,22.3
2016,1,2,16,416,21.6
2016,1,2,17,321,21
2016,1,2,18,114,20.6
2016,1,2,19,11,20.2
2016,1,2,20,0,20.1
2016,1,2,21,0,20
2016,1,2,22,0,20.1
2016,1,2,23,0,20.3
2016,1,3,0,0,20.3
2016,1,3,1,0,20.4
2016,1,3,2,0,20.4
2016,1,3,3,0,20.4
2016,1,3,4,0,20.5
2016,1,3,5,3,20.8
2016,1,3,6,35,21.4
2016,1,3,7,99,21.8
2016,1,3,8,129,22.3
2016,1,3,9,395,22.7
2016,1,3,10,538,22.7
2016,1,3,11,660,22.7
2016,1,3,12,603,22.6
2016,1,3,13,495,22.7
2016,1,3,14,260,22.9
2016,1,3,15,413,22.8
2016,1,3,16,308,22.5
2016,1,3,17,233,22.1
2016,1,3,18,18,21.5
2016,1,3,19,10,21
2016,1,3,20,0,20.8
2016,1,3,21,0,20.6
2016,1,3,22,0,20.5
2016,1,3,23,0,20.4
2016,1,4,0,0,20.3
2016,1,4,1,0,20.2
2016,1,4,2,0,20.1
2016,1,4,3,0,20.2
2016,1,4,4,0,20.2
2016,1,4,5,1,20.6
2016,1,4,6,64,21.3
2016,1,4,7,206,21.9
2016,1,4,8,49,22.4
2016,1,4,9,487,22.8
2016,1,4,10,213,22.6
2016,1,4,11,257,22.3
2016,1,4,12,307,22.1
2016,1,4,13,222,21.9
2016,1,4,14,130,21.9
2016,1,4,15,47,21.7
2016,1,4,16,75,21.4
2016,1,4,17,94,21.1
2016,1,4,18,11,20.6
2016,1,4,19,10,20.3
2016,1,4,20,0,20.4
2016,1,4,21,0,20.5
2016,1,4,22,0,20.5
2016,1,4,23,0,20.4
2016,1,5,0,0,20.3
2016,1,5,1,0,20.2
2016,1,5,2,0,20
2016,1,5,3,0,19.9
2016,1,5,4,0,19.8
2016,1,5,5,8,19.8
2016,1,5,6,11,19.9
2016,1,5,7,161,20.1
2016,1,5,8,241,20.2
2016,1,5,9,183,20.4
2016,1,5,10,76,20.5
2016,1,5,11,93,20.8
2016,1,5,12,229,20.9
2016,1,5,13,211,20.7
2016,1,5,14,173,20.5
2016,1,5,15,123,20.3
2016,1,5,16,185,20.1
2016,1,5,17,31,20
2016,1,5,18,7,19.7
2016,1,5,19,11,19.7
2016,1,5,20,0,19.8
2016,1,5,21,0,19.9
2016,1,5,22,0,19.9
2016,1,5,23,0,19.9
2016,1,6,0,0,19.9
2016,1,6,1,0,19.9
2016,1,6,2,0,19.7
2016,1,6,3,0,19.6
2016,1,6,4,0,19.5
2016,1,6,5,10,19.4
2016,1,6,6,8,19.4
2016,1,6,7,38,19.5
2016,1,6,8,33,19.6
2016,1,6,9,54,19.6
2016,1,6,10,77,19.7
2016,1,6,11,100,19.8
2016,1,6,12,95,19.7
2016,1,6,13,89,19.7
2016,1,6,14,73,19.6
2016,1,6,15,55,19.5
2016,1,6,16,107,19.3
2016,1,6,17,17,19.2
2016,1,6,18,82,19
2016,1,6,19,12,18.8
2016,1,6,20,0,18.7
2016,1,6,21,0,18.7
2016,1,6,22,0,18.5
2016,1,6,23,0,18.2
2016,1,7,0,0,18.1
2016,1,7,1,0,18
2016,1,7,2,0,18
2016,1,7,3,0,18
2016,1,7,4,0,18
2016,1,7,5,1,18.4
2016,1,7,6,11,19
2016,1,7,7,34,19.7
2016,1,7,8,56,20.5
2016,1,7,9,542,21.2
2016,1,7,10,937,21.5
2016,1,7,11,1034,21.8
2016,1,7,12,664,21.8
2016,1,7,13,795,21.7
2016,1,7,14,231,21.6
2016,1,7,15,443,21.3
2016,1,7,16,617,21
2016,1,7,17,399,20.7
2016,1,7,18,178,20.2
2016,1,7,19,15,19.6
2016,1,7,20,0,19.4
2016,1,7,21,0,19.2
2016,1,7,22,0,19.1
2016,1,7,23,0,18.8
2016,1,8,0,0,18.5
2016,1,8,1,0,18.3
2016,1,8,2,0,18.1
2016,1,8,3,0,17.9
2016,1,8,4,0,17.7
2016,1,8,5,0,17.9
2016,1,8,6,169,18.6
2016,1,8,7,388,19.6
2016,1,8,8,608,20.8
2016,1,8,9,801,21.6
2016,1,8,10,952,22.4
2016,1,8,11,522,23
2016,1,8,12,1082,23.4
2016,1,8,13,1049,23.5
2016,1,8,14,949,23.4
2016,1,8,15,798,23.1
2016,1,8,16,604,22.6
2016,1,8,17,388,21.8
2016,1,8,18,173,20.9
2016,1,8,19,14,20
2016,1,8,20,0,19.6
2016,1,8,21,0,19.3
2016,1,8,22,0,19.1
2016,1,8,23,0,19
2016,1,9,0,0,18.9
2016,1,9,1,0,18.9
2016,1,9,2,0,18.9
2016,1,9,3,0,18.8
2016,1,9,4,0,18.8
2016,1,9,5,0,19.2
2016,1,9,6,61,20.1
2016,1,9,7,143,20.9
2016,1,9,8,272,21.7
2016,1,9,9,469,22.5
2016,1,9,10,590,23.2
2016,1,9,11,658,23.8
2016,1,9,12,813,24.1
2016,1,9,13,792,24.3
2016,1,9,14,680,24.2
2016,1,9,15,490,24
2016,1,9,16,335,23.6
2016,1,9,17,233,22.9
2016,1,9,18,165,22
2016,1,9,19,13,21.1
2016,1,9,20,0,20.7
2016,1,9,21,0,20.4
2016,1,9,22,0,20.1
2016,1,9,23,0,20.1
2016,1,10,0,0,20
2016,1,10,1,0,20.1
2016,1,10,2,0,20
2016,1,10,3,0,19.9
2016,1,10,4,0,19.9
2016,1,10,5,0,20.1
2016,1,10,6,159,21
2016,1,10,7,374,22.1
2016,1,10,8,593,23.1
2016,1,10,9,789,23.8
2016,1,10,10,941,24.4
2016,1,10,11,1040,24.8
2016,1,10,12,1075,25.2
2016,1,10,13,1044,25.3
2016,1,10,14,951,25.2
2016,1,10,15,801,25
2016,1,10,16,603,24.5
2016,1,10,17,385,23.7
2016,1,10,18,169,22.7
2016,1,10,19,13,21.9
2016,1,10,20,0,21.6
2016,1,10,21,0,21.5
2016,1,10,22,0,21.4
2016,1,10,23,0,21.2
2016,1,11,0,0,21
2016,1,11,1,0,20.8
2016,1,11,2,0,20.6
2016,1,11,3,0,20.4
2016,1,11,4,0,20.3
2016,1,11,5,0,20.8
2016,1,11,6,149,21.9
2016,1,11,7,360,23.3
2016,1,11,8,575,24.7
2016,1,11,9,769,25.9
2016,1,11,10,925,27.2
2016,1,11,11,1019,28.4
2016,1,11,12,1054,29.3
2016,1,11,13,1020,29.6
2016,1,11,14,925,29.5
2016,1,11,15,678,29
2016,1,11,16,170,28.2
2016,1,11,17,361,27
2016,1,11,18,154,26
2016,1,11,19,10,25.2
2016,1,11,20,0,24.7
2016,1,11,21,0,24.4
2016,1,11,22,0,24.1
2016,1,11,23,0,24
2016,1,12,0,0,23.8
2016,1,12,1,0,23.7
2016,1,12,2,0,23.6
2016,1,12,3,0,23.4
2016,1,12,4,0,23.2
2016,1,12,5,0,23.5
2016,1,12,6,142,24.1
2016,1,12,7,266,24.8
2016,1,12,8,485,26
2016,1,12,9,454,27.5
2016,1,12,10,649,28.1
2016,1,12,11,653,28.1
2016,1,12,12,738,27.9
2016,1,12,13,646,27
2016,1,12,14,638,25.8
2016,1,12,15,408,24.7
2016,1,12,16,337,23.7
2016,1,12,17,367,22.9
2016,1,12,18,155,22.1
2016,1,12,19,9,21.7
2016,1,12,20,0,21.6
2016,1,12,21,0,21.6
2016,1,12,22,0,21.6
2016,1,12,23,0,21.5
2016,1,13,0,0,21.4
2016,1,13,1,0,21.3
2016,1,13,2,0,21.2
2016,1,13,3,0,21
2016,1,13,4,0,20.9
2016,1,13,5,0,21.1
2016,1,13,6,142,21.8
2016,1,13,7,353,22.6
2016,1,13,8,297,23.4
2016,1,13,9,768,24.2
2016,1,13,10,918,25
2016,1,13,11,1016,25.7
2016,1,13,12,1050,26.1
2016,1,13,13,1038,26.4
2016,1,13,14,945,26.5
2016,1,13,15,797,26.5
2016,1,13,16,604,26.1
2016,1,13,17,384,25.6
2016,1,13,18,166,24.7
2016,1,13,19,11,23.9
2016,1,13,20,0,23.6
2016,1,13,21,0,23.4
2016,1,13,22,0,23.2
2016,1,13,23,0,23.1
2016,1,14,0,0,22.9
2016,1,14,1,0,22.9
2016,1,14,2,0,22.9
2016,1,14,3,0,22.8
2016,1,14,4,0,22.8
2016,1,14,5,0,23.3
2016,1,14,6,139,24.4
2016,1,14,7,349,25.7
2016,1,14,8,564,27.7
2016,1,14,9,757,30
2016,1,14,10,911,31.6
2016,1,14,11,1006,32.4
2016,1,14,12,703,33
2016,1,14,13,676,32.7
2016,1,14,14,76,31.5
2016,1,14,15,55,30
2016,1,14,16,412,28.3
2016,1,14,17,17,26.9
2016,1,14,18,57,25.8
2016,1,14,19,5,23.8
2016,1,14,20,0,19.8
2016,1,14,21,0,18
2016,1,14,22,0,17.8
2016,1,14,23,0,17.7
2016,1,15,0,0,17.5
2016,1,15,1,0,17.5
2016,1,15,2,0,17.4
2016,1,15,3,0,17.3
2016,1,15,4,0,17
2016,1,15,5,0,16.7
2016,1,15,6,39,16.8
2016,1,15,7,34,17.3
2016,1,15,8,103,18
2016,1,15,9,50,18.9
2016,1,15,10,419,19.9
2016,1,15,11,104,20.5
2016,1,15,12,1061,20.6
2016,1,15,13,253,20.8
2016,1,15,14,807,20.9
2016,1,15,15,95,20.6
2016,1,15,16,124,20.3
2016,1,15,17,223,20
2016,1,15,18,171,19.7
2016,1,15,19,11,19.5
2016,1,15,20,0,19.6
2016,1,15,21,0,19.7
2016,1,15,22,0,19.7
2016,1,15,23,0,19.7
2016,1,16,0,0,19.7
2016,1,16,1,0,19.6
2016,1,16,2,0,19.5
2016,1,16,3,0,19.4
2016,1,16,4,0,19.2
2016,1,16,5,0,19.3
2016,1,16,6,49,19.8
2016,1,16,7,360,20.2
2016,1,16,8,165,20.6
2016,1,16,9,784,20.9
2016,1,16,10,559,21.3
2016,1,16,11,461,21.5
2016,1,16,12,362,21.6
2016,1,16,13,562,21.7
2016,1,16,14,662,21.8
2016,1,16,15,699,21.7
2016,1,16,16,614,21.5
2016,1,16,17,396,21.2
2016,1,16,18,176,20.6
2016,1,16,19,14,19.9
2016,1,16,20,0,19.8
2016,1,16,21,0,19.8
2016,1,16,22,0,19.9
2016,1,16,23,0,19.9
2016,1,17,0,0,19.9
2016,1,17,1,0,19.8
2016,1,17,2,0,19.7
2016,1,17,3,0,19.8
2016,1,17,4,0,19.7
2016,1,17,5,0,20
2016,1,17,6,82,21.1
2016,1,17,7,243,21.7
2016,1,17,8,594,22.2
2016,1,17,9,531,22.6
2016,1,17,10,566,22.9
2016,1,17,11,1050,23.2
2016,1,17,12,1087,23.4
2016,1,17,13,1057,23.5
2016,1,17,14,748,23.3
2016,1,17,15,812,23.1
2016,1,17,16,617,22.7
2016,1,17,17,397,22.1
2016,1,17,18,177,21.3
2016,1,17,19,13,20.7
2016,1,17,20,0,20.5
2016,1,17,21,0,20.4
2016,1,17,22,0,20.3
2016,1,17,23,0,20.3
2016,1,18,0,0,20.4
2016,1,18,1,0,20.2
2016,1,18,2,0,19.8
2016,1,18,3,0,19.5
2016,1,18,4,0,19.3
2016,1,18,5,0,19.5
2016,1,18,6,142,20.4
2016,1,18,7,361,21.3
2016,1,18,8,583,22.2
2016,1,18,9,553,23.1
2016,1,18,10,768,23.8
2016,1,18,11,1042,24.5
2016,1,18,12,1082,25.1
2016,1,18,13,1056,25.3
2016,1,18,14,966,25.3
2016,1,18,15,817,25.2
2016,1,18,16,623,24.8
2016,1,18,17,402,24.2
2016,1,18,18,179,23.1
2016,1,18,19,13,22.1
2016,1,18,20,0,21.7
2016,1,18,21,0,21.4
2016,1,18,22,0,21
2016,1,18,23,0,20.6
2016,1,19,0,0,20.3
2016,1,19,1,0,20.1
2016,1,19,2,0,19.9
2016,1,19,3,0,19.6
2016,1,19,4,0,19.4
2016,1,19,5,0,19.8
2016,1,19,6,132,20.9
2016,1,19,7,346,22.3
2016,1,19,8,567,23.9
2016,1,19,9,768,25.4
2016,1,19,10,932,26.5
2016,1,19,11,1034,27.4
2016,1,19,12,1075,28.2
2016,1,19,13,1051,28.5
2016,1,19,14,959,28.6
2016,1,19,15,808,28.4
2016,1,19,16,613,28
2016,1,19,17,392,27.1
2016,1,19,18,172,25.8
2016,1,19,19,12,24.9
2016,1,19,20,0,24.4
2016,1,19,21,0,24.1
2016,1,19,22,0,23.7
2016,1,19,23,0,23.3
2016,1,20,0,0,23
2016,1,20,1,0,22.7
2016,1,20,2,0,22.5
2016,1,20,3,0,22.1
2016,1,20,4,0,21.7
2016,1,20,5,0,21.8
2016,1,20,6,135,22.8
2016,1,20,7,351,24.2
2016,1,20,8,573,26.2
2016,1,20,9,623,28.2
2016,1,20,10,769,30
2016,1,20,11,937,30.9
2016,1,20,12,1062,31.5
2016,1,20,13,1034,31.8
2016,1,20,14,560,31.7
2016,1,20,15,785,31.1
2016,1,20,16,589,29.8
2016,1,20,17,258,28.6
2016,1,20,18,85,27.6
2016,1,20,19,0,26.7
2016,1,20,20,0,25.8
2016,1,20,21,0,24.9
2016,1,20,22,0,24.1
2016,1,20,23,0,23.4
2016,1,21,0,0,23.2
2016,1,21,1,0,23.2
2016,1,21,2,0,23.4
2016,1,21,3,0,23.4
2016,1,21,4,0,23.3
2016,1,21,5,0,23.4
2016,1,21,6,8,23.8
2016,1,21,7,207,24.8
2016,1,21,8,538,25.9
2016,1,21,9,731,27.1
2016,1,21,10,779,28.4
2016,1,21,11,990,29.5
2016,1,21,12,1026,30.3
2016,1,21,13,999,30.5
2016,1,21,14,902,30.2
2016,1,21,15,280,29.4
2016,1,21,16,32,28.2
2016,1,21,17,16,27
2016,1,21,18,31,26.2
2016,1,21,19,0,25.7
2016,1,21,20,0,25.4
2016,1,21,21,0,25
2016,1,21,22,0,24.8
2016,1,21,23,0,24.7
2016,1,22,0,0,24.6
2016,1,22,1,0,24.5
2016,1,22,2,0,24.4
2016,1,22,3,0,24.3
2016,1,22,4,0,24.3
2016,1,22,5,0,24.4
2016,1,22,6,69,24.6
2016,1,22,7,83,24.7
2016,1,22,8,55,24.9
2016,1,22,9,487,25.2
2016,1,22,10,496,25.5
2016,1,22,11,418,26.1
2016,1,22,12,744,26.9
2016,1,22,13,480,27.1
2016,1,22,14,73,26.8
2016,1,22,15,50,26.1
2016,1,22,16,32,25.1
2016,1,22,17,43,24.4
2016,1,22,18,8,24
2016,1,22,19,0,23.7
2016,1,22,20,0,23.5
2016,1,22,21,0,23.2
2016,1,22,22,0,23.1
2016,1,22,23,0,23
2016,1,23,0,0,23
2016,1,23,1,0,23.1
2016,1,23,2,0,23.1
2016,1,23,3,0,23.1
2016,1,23,4,0,22.7
2016,1,23,5,0,22.6
2016,1,23,6,119,23.1
2016,1,23,7,333,23.7
2016,1,23,8,392,24
2016,1,23,9,648,24.1
2016,1,23,10,82,24.1
2016,1,23,11,125,23.9
2016,1,23,12,509,23.8
2016,1,23,13,811,23.8
2016,1,23,14,654,23.7
2016,1,23,15,640,23.4
2016,1,23,16,581,23
2016,1,23,17,369,22.7
2016,1,23,18,157,22.2
2016,1,23,19,0,21.7
2016,1,23,20,0,21.6
2016,1,23,21,0,21.5
2016,1,23,22,0,21.4
2016,1,23,23,0,21.4
2016,1,24,0,0,21.4
2016,1,24,1,0,21.3
2016,1,24,2,0,21.1
2016,1,24,3,0,20.9
2016,1,24,4,0,20.8
2016,1,24,5,0,20.9
2016,1,24,6,106,21.3
2016,1,24,7,308,21.6
2016,1,24,8,209,22
2016,1,24,9,156,22.5
2016,1,24,10,367,22.9
2016,1,24,11,79,23.2
2016,1,24,12,80,23.3
2016,1,24,13,194,23.3
2016,1,24,14,260,23.2
2016,1,24,15,183,23.1
2016,1,24,16,226,22.8
2016,1,24,17,121,22.5
2016,1,24,18,141,22
2016,1,24,19,0,21.6
2016,1,24,20,0,21.6
2016,1,24,21,0,21.5
2016,1,24,22,0,21.5
2016,1,24,23,0,21.5
2016,1,25,0,0,21.4
2016,1,25,1,0,21.4
2016,1,25,2,0,21.2
2016,1,25,3,0,21.1
2016,1,25,4,0,21.1
2016,1,25,5,0,21.4
2016,1,25,6,55,22.3
2016,1,25,7,63,22.9
2016,1,25,8,91,23.4
2016,1,25,9,80,23.9
2016,1,25,10,262,24.3
2016,1,25,11,99,24.5
2016,1,25,12,225,24.5
2016,1,25,13,101,24.5
2016,1,25,14,91,24.4
2016,1,25,15,65,24.2
2016,1,25,16,288,23.8
2016,1,25,17,161,23.4
2016,1,25,18,39,22.9
2016,1,25,19,0,22.6
2016,1,25,20,0,22.5
2016,1,25,21,0,22.3
2016,1,25,22,0,22.2
2016,1,25,23,0,22
2016,1,26,0,0,21.8
2016,1,26,1,0,21.5
2016,1,26,2,0,21.3
2016,1,26,3,0,21.2
2016,1,26,4,0,21.2
2016,1,26,5,0,21.5
2016,1,26,6,11,22.5
2016,1,26,7,164,23.1
2016,1,26,8,292,23.7
2016,1,26,9,592,24.4
2016,1,26,10,710,24.9
2016,1,26,11,989,25.2
2016,1,26,12,1030,25.4
2016,1,26,13,859,25.4
2016,1,26,14,773,25.3
2016,1,26,15,776,25.1
2016,1,26,16,584,24.6
2016,1,26,17,368,24.1
2016,1,26,18,134,23.4
2016,1,26,19,0,22.8
2016,1,26,20,0,22.5
2016,1,26,21,0,22.3
2016,1,26,22,0,22.3
2016,1,26,23,0,22.2
2016,1,27,0,0,22.1
2016,1,27,1,0,21.9
2016,1,27,2,0,21.7
2016,1,27,3,0,21.6
2016,1,27,4,0,21.6
2016,1,27,5,0,21.8
2016,1,27,6,49,22.1
2016,1,27,7,143,22.5
2016,1,27,8,424,23.2
2016,1,27,9,326,23.8
2016,1,27,10,192,23.7
2016,1,27,11,189,23.6
2016,1,27,12,334,23.7
2016,1,27,13,242,23.6
2016,1,27,14,243,23.4
2016,1,27,15,418,23.1
2016,1,27,16,296,23
2016,1,27,17,107,22.8
2016,1,27,18,78,22.3
2016,1,27,19,0,22.1
2016,1,27,20,0,21.9
2016,1,27,21,0,21.8
2016,1,27,22,0,21.8
2016,1,27,23,0,21.8
2016,1,28,0,0,21.8
2016,1,28,1,0,21.6
2016,1,28,2,0,21.5
2016,1,28,3,0,21.4
2016,1,28,4,0,21.3
2016,1,28,5,0,21.4
2016,1,28,6,38,21.6
2016,1,28,7,78,21.8
2016,1,28,8,301,22.2
2016,1,28,9,604,22.8
2016,1,28,10,716,23.5
2016,1,28,11,779,24.3
2016,1,28,12,669,25.1
2016,1,28,13,825,25.7
2016,1,28,14,757,25.7
2016,1,28,15,631,25.6
2016,1,28,16,377,25.2
2016,1,28,17,259,24.6
2016,1,28,18,151,23.9
2016,1,28,19,0,23.4
2016,1,28,20,0,23.1
2016,1,28,21,0,22.9
2016,1,28,22,0,22.7
2016,1,28,23,0,22.4
2016,1,29,0,0,22.2
2016,1,29,1,0,22
2016,1,29,2,0,21.8
2016,1,29,3,0,21.7
2016,1,29,4,0,21.7
2016,1,29,5,0,21.9
2016,1,29,6,93,22.9
2016,1,29,7,310,23.8
2016,1,29,8,523,24.9
2016,1,29,9,719,25.2
2016,1,29,10,879,25.3
2016,1,29,11,387,25.8
2016,1,29,12,92,26.2
2016,1,29,13,88,26.2
2016,1,29,14,667,26
2016,1,29,15,599,25.7
2016,1,29,16,558,25.2
2016,1,29,17,336,24.5
2016,1,29,18,130,23.7
2016,1,29,19,0,23.3
2016,1,29,20,0,23.3
2016,1,29,21,0,23.2
2016,1,29,22,0,23.2
2016,1,29,23,0,22.9
2016,1,30,0,0,22.7
2016,1,30,1,0,22.6
2016,1,30,2,0,22.5
2016,1,30,3,0,22.4
2016,1,30,4,0,22.1
2016,1,30,5,0,22
2016,1,30,6,94,22.3
2016,1,30,7,296,22.8
2016,1,30,8,515,23.9
2016,1,30,9,189,25
2016,1,30,10,486,25.7
2016,1,30,11,528,26.1
2016,1,30,12,548,26.3
2016,1,30,13,997,26.4
2016,1,30,14,905,26.2
2016,1,30,15,759,25.9
2016,1,30,16,32,25.3
2016,1,30,17,33,24.5
2016,1,30,18,42,23.7
2016,1,30,19,0,23.3
2016,1,30,20,0,23.4
2016,1,30,21,0,23.6
2016,1,30,22,0,23.7
2016,1,30,23,0,23.7
2016,1,31,0,0,23.6
2016,1,31,1,0,23.3
2016,1,31,2,0,22.9
2016,1,31,3,0,22.4
2016,1,31,4,0,21.8
2016,1,31,5,0,21.4
2016,1,31,6,93,21.5
2016,1,31,7,307,22.1
2016,1,31,8,539,23.6
2016,1,31,9,751,24.9
2016,1,31,10,917,25.7
2016,1,31,11,1021,26.1
2016,1,31,12,1059,26.5
2016,1,31,13,1033,26.6
2016,1,31,14,753,26.5
2016,1,31,15,577,26.4
2016,1,31,16,601,26.1
2016,1,31,17,358,25.6
2016,1,31,18,158,24.5
2016,1,31,19,0,23.7
2016,1,31,20,0,23.1
2016,1,31,21,0,22.6
2016,1,31,22,0,22.1
2016,1,31,23,0,21.6
2016,2,1,0,0,21.3
2016,2,1,1,0,21.2
2016,2,1,2,0,21
2016,2,1,3,0,20.7
2016,2,1,4,0,20.3
2016,2,1,5,0,20
2016,2,1,6,60,20.8
2016,2,1,7,269,21.6
2016,2,1,8,224,22.7
2016,2,1,9,183,23.8
2016,2,1,10,71,24.5
2016,2,1,11,75,25.4
2016,2,1,12,357,25.8
2016,2,1,13,989,25.6
2016,2,1,14,705,24.9
2016,2,1,15,563,24.1
2016,2,1,16,476,23.2
2016,2,1,17,354,22.3
2016,2,1,18,144,21.6
2016,2,1,19,0,21
2016,2,1,20,0,20.7
2016,2,1,21,0,20.5
2016,2,1,22,0,20.2
2016,2,1,23,0,19.9
2016,2,2,0,0,19.5
2016,2,2,1,0,19.3
2016,2,2,2,0,19.2
2016,2,2,3,0,19.1
2016,2,2,4,0,19
2016,2,2,5,0,19.2
2016,2,2,6,76,20
2016,2,2,7,247,20.8
2016,2,2,8,528,21.5
2016,2,2,9,728,22.2
2016,2,2,10,893,22.9
2016,2,2,11,1001,23.5
2016,2,2,12,1045,24
2016,2,2,13,1022,24.3
2016,2,2,14,934,24.4
2016,2,2,15,785,24.2
2016,2,2,16,590,23.8
2016,2,2,17,368,23.2
2016,2,2,18,149,22.4
2016,2,2,19,0,21.7
2016,2,2,20,0,21.6
2016,2,2,21,0,21.6
2016,2,2,22,0,21.5
2016,2,2,23,0,21.5
2016,2,3,0,0,21.6
2016,2,3,1,0,21.4
2016,2,3,2,0,21.2
2016,2,3,3,0,21
2016,2,3,4,0,20.8
2016,2,3,5,0,20.8
2016,2,3,6,91,21.7
2016,2,3,7,300,22.9
2016,2,3,8,521,24.1
2016,2,3,9,720,25.2
2016,2,3,10,879,26.1
2016,2,3,11,983,26.7
2016,2,3,12,836,27.1
2016,2,3,13,1000,27.3
2016,2,3,14,915,27.1
2016,2,3,15,768,26.8
2016,2,3,16,403,26.2
2016,2,3,17,182,25.4
2016,2,3,18,54,24.1
2016,2,3,19,0,23.2
2016,2,3,20,0,22.9
2016,2,3,21,0,22.4
2016,2,3,22,0,22.1
2016,2,3,23,0,21.8
2016,2,4,0,0,21.5
2016,2,4,1,0,21.3
2016,2,4,2,0,21.1
2016,2,4,3,0,21
2016,2,4,4,0,20.9
2016,2,4,5,0,21
2016,2,4,6,18,21.2
2016,2,4,7,32,21.6
2016,2,4,8,41,22.2
2016,2,4,9,60,22.7
2016,2,4,10,147,23.1
2016,2,4,11,208,23.3
2016,2,4,12,145,23.2
2016,2,4,13,620,23.2
2016,2,4,14,474,23.1
2016,2,4,15,301,22.9
2016,2,4,16,85,22.5
2016,2,4,17,177,22.1
2016,2,4,18,135,21.6
2016,2,4,19,0,21.4
2016,2,4,20,0,21.4
2016,2,4,21,0,21.4
2016,2,4,22,0,21.2
2016,2,4,23,0,21.1
2016,2,5,0,0,21.1
2016,2,5,1,0,21
2016,2,5,2,0,21
2016,2,5,3,0,20.9
2016,2,5,4,0,20.8
2016,2,5,5,0,20.9
2016,2,5,6,78,21.2
2016,2,5,7,279,21.5
2016,2,5,8,365,21.9
2016,2,5,9,106,22.3
2016,2,5,10,387,22.8
2016,2,5,11,612,23.1
2016,2,5,12,686,23.3
2016,2,5,13,504,23.4
2016,2,5,14,580,23.3
2016,2,5,15,759,23.2
2016,2,5,16,559,23
2016,2,5,17,340,22.6
2016,2,5,18,53,22.2
2016,2,5,19,0,22
2016,2,5,20,0,21.9
2016,2,5,21,0,21.9
2016,2,5,22,0,21.9
2016,2,5,23,0,21.8
2016,2,6,0,0,21.7
2016,2,6,1,0,21.6
2016,2,6,2,0,21.5
2016,2,6,3,0,21.5
2016,2,6,4,0,21.6
2016,2,6,5,0,21.7
2016,2,6,6,6,22.3
2016,2,6,7,278,22.8
2016,2,6,8,385,23.1
2016,2,6,9,531,23.6
2016,2,6,10,551,23.9
2016,2,6,11,821,24.1
2016,2,6,12,1032,24.1
2016,2,6,13,1009,24.1
2016,2,6,14,734,24.1
2016,2,6,15,774,23.8
2016,2,6,16,577,23.4
2016,2,6,17,356,22.9
2016,2,6,18,139,22.2
2016,2,6,19,0,21.7
2016,2,6,20,0,21.6
2016,2,6,21,0,21.5
2016,2,6,22,0,21.4
2016,2,6,23,0,21.4
2016,2,7,0,0,21.4
2016,2,7,1,0,21.3
2016,2,7,2,0,21.1
2016,2,7,3,0,21
2016,2,7,4,0,20.9
2016,2,7,5,0,21
2016,2,7,6,84,21.9
2016,2,7,7,295,22.6
2016,2,7,8,202,23.4
2016,2,7,9,465,24
2016,2,7,10,413,24.4
2016,2,7,11,709,24.7
2016,2,7,12,677,24.9
2016,2,7,13,748,25
2016,2,7,14,927,24.9
2016,2,7,15,779,24.8
2016,2,7,16,585,24.4
2016,2,7,17,364,23.9
2016,2,7,18,143,23.1
2016,2,7,19,0,22.3
2016,2,7,20,0,22.1
2016,2,7,21,0,22
2016,2,7,22,0,22.1
2016,2,7,23,0,22
2016,2,8,0,0,21.8
2016,2,8,1,0,21.4
2016,2,8,2,0,21
2016,2,8,3,0,20.7
2016,2,8,4,0,20.5
2016,2,8,5,0,20.5
2016,2,8,6,82,21.8
2016,2,8,7,295,23
2016,2,8,8,523,24.1
2016,2,8,9,729,24.9
2016,2,8,10,894,25.5
2016,2,8,11,1004,25.9
2016,2,8,12,1049,26.1
2016,2,8,13,1025,26.1
2016,2,8,14,934,26
2016,2,8,15,787,25.7
2016,2,8,16,591,25.2
2016,2,8,17,366,24.6
2016,2,8,18,142,23.5
2016,2,8,19,0,22.7
2016,2,8,20,0,22.2
2016,2,8,21,0,22
2016,2,8,22,0,21.7
2016,2,8,23,0,21.6
2016,2,9,0,0,21.4
2016,2,9,1,0,21.6
2016,2,9,2,0,21.8
2016,2,9,3,0,21.8
2016,2,9,4,0,21.8
2016,2,9,5,0,21.9
2016,2,9,6,76,22.7
2016,2,9,7,55,23.4
2016,2,9,8,44,24.1
2016,2,9,9,711,24.6
2016,2,9,10,867,24.9
2016,2,9,11,582,25.1
2016,2,9,12,1024,25.1
2016,2,9,13,1015,25.1
2016,2,9,14,925,24.9
2016,2,9,15,775,24.7
2016,2,9,16,579,24.4
2016,2,9,17,356,23.9
2016,2,9,18,136,23
2016,2,9,19,0,22.3
2016,2,9,20,0,22
2016,2,9,21,0,21.8
2016,2,9,22,0,21.6
2016,2,9,23,0,21.4
2016,2,10,0,0,21.3
2016,2,10,1,0,21.1
2016,2,10,2,0,20.9
2016,2,10,3,0,20.8
2016,2,10,4,0,20.7
2016,2,10,5,0,20.8
2016,2,10,6,73,21.7
2016,2,10,7,281,22.7
2016,2,10,8,505,23.7
2016,2,10,9,710,24.6
2016,2,10,10,877,25.5
2016,2,10,11,986,26.1
2016,2,10,12,1030,26.6
2016,2,10,13,1008,26.7
2016,2,10,14,918,26.6
2016,2,10,15,768,26.4
2016,2,10,16,573,25.9
2016,2,10,17,350,25.2
2016,2,10,18,131,24
2016,2,10,19,0,23.1
2016,2,10,20,0,22.7
2016,2,10,21,0,22.4
2016,2,10,22,0,22.1
2016,2,10,23,0,21.8
2016,2,11,0,0,21.6
2016,2,11,1,0,21.3
2016,2,11,2,0,21.1
2016,2,11,3,0,21
2016,2,11,4,0,20.9
2016,2,11,5,0,20.9
2016,2,11,6,67,22.1
2016,2,11,7,267,23.4
2016,2,11,8,488,24.3
2016,2,11,9,650,25.1
2016,2,11,10,721,25.7
2016,2,11,11,783,26.1
2016,2,11,12,835,26.4
2016,2,11,13,799,26.4
2016,2,11,14,711,26.2
2016,2,11,15,629,25.8
2016,2,11,16,466,25.2
2016,2,11,17,166,24.5
2016,2,11,18,59,23.7
2016,2,11,19,0,23.3
2016,2,11,20,0,23.1
2016,2,11,21,0,23
2016,2,11,22,0,22.9
2016,2,11,23,0,22.8
2016,2,12,0,0,22.7
2016,2,12,1,0,22.5
2016,2,12,2,0,22.3
2016,2,12,3,0,22
2016,2,12,4,0,22
2016,2,12,5,0,22.1
2016,2,12,6,59,22.8
2016,2,12,7,220,23.5
2016,2,12,8,479,24.4
2016,2,12,9,679,25.2
2016,2,12,10,844,26
2016,2,12,11,952,26.4
2016,2,12,12,996,26.7
2016,2,12,13,980,26.7
2016,2,12,14,891,26.6
2016,2,12,15,745,26.4
2016,2,12,16,552,26
2016,2,12,17,335,25.5
2016,2,12,18,120,24.5
2016,2,12,19,0,23.7
2016,2,12,20,0,23.4
2016,2,12,21,0,23.1
2016,2,12,22,0,22.8
2016,2,12,23,0,22.5
2016,2,13,0,0,22.2
2016,2,13,1,0,21.9
2016,2,13,2,0,21.6
2016,2,13,3,0,21.4
2016,2,13,4,0,21.3
2016,2,13,5,0,21.3
2016,2,13,6,65,22.4
2016,2,13,7,268,23.6
2016,2,13,8,491,24.6
2016,2,13,9,696,25.6
2016,2,13,10,866,26.6
2016,2,13,11,977,27.3
2016,2,13,12,1022,27.8
2016,2,13,13,998,28
2016,2,13,14,905,27.9
2016,2,13,15,752,27.6
2016,2,13,16,555,27.1
2016,2,13,17,333,26.3
2016,2,13,18,118,25.1
2016,2,13,19,0,24.2
2016,2,13,20,0,23.8
2016,2,13,21,0,23.4
2016,2,13,22,0,23.1
2016,2,13,23,0,22.8
2016,2,14,0,0,22.5
2016,2,14,1,0,22.2
2016,2,14,2,0,21.9
2016,2,14,3,0,21.7
2016,2,14,4,0,21.4
2016,2,14,5,0,21.2
2016,2,14,6,60,22.2
2016,2,14,7,261,23.8
2016,2,14,8,485,25.9
2016,2,14,9,688,27.8
2016,2,14,10,854,30.1
2016,2,14,11,961,32.3
2016,2,14,12,1002,33.5
2016,2,14,13,740,32.7
2016,2,14,14,659,31
2016,2,14,15,533,29.3
2016,2,14,16,189,27.4
2016,2,14,17,198,25.4
2016,2,14,18,60,24
2016,2,14,19,0,23.4
2016,2,14,20,0,23.2
2016,2,14,21,0,23.1
2016,2,14,22,0,23.1
2016,2,14,23,0,23
2016,2,15,0,0,22.9
2016,2,15,1,0,22.7
2016,2,15,2,0,22.6
2016,2,15,3,0,22.6
2016,2,15,4,0,22.6
2016,2,15,5,0,22.7
2016,2,15,6,49,23.2
2016,2,15,7,236,23.9
2016,2,15,8,125,24.7
2016,2,15,9,474,25.6
2016,2,15,10,449,26.3
2016,2,15,11,920,26.8
2016,2,15,12,488,27
2016,2,15,13,939,26.9
2016,2,15,14,845,26.6
2016,2,15,15,588,26.2
2016,2,15,16,429,25.6
2016,2,15,17,240,24.8
2016,2,15,18,32,24.2
2016,2,15,19,0,24
2016,2,15,20,0,23.9
2016,2,15,21,0,23.9
2016,2,15,22,0,23.7
2016,2,15,23,0,23.6
2016,2,16,0,0,23.2
2016,2,16,1,0,22.6
2016,2,16,2,0,22.2
2016,2,16,3,0,22
2016,2,16,4,0,21.6
2016,2,16,5,0,21.3
2016,2,16,6,62,22.3
2016,2,16,7,274,23.6
2016,2,16,8,499,24.4
2016,2,16,9,698,24.6
2016,2,16,10,861,24.7
2016,2,16,11,562,24.7
2016,2,16,12,1008,24.6
2016,2,16,13,466,24.3
2016,2,16,14,644,23.9
2016,2,16,15,508,23.3
2016,2,16,16,291,22.7
2016,2,16,17,199,22.1
2016,2,16,18,82,21.5
2016,2,16,19,0,21.2
2016,2,16,20,0,21
2016,2,16,21,0,20.8
2016,2,16,22,0,20.5
2016,2,16,23,0,20.2
2016,2,17,0,0,19.9
2016,2,17,1,0,19.6
2016,2,17,2,0,19.4
2016,2,17,3,0,19.3
2016,2,17,4,0,19.2
2016,2,17,5,0,19.3
2016,2,17,6,35,19.5
2016,2,17,7,154,20
2016,2,17,8,469,20.5
2016,2,17,9,678,21
2016,2,17,10,624,21.4
2016,2,17,11,957,22
2016,2,17,12,1002,22.7
2016,2,17,13,981,23.1
2016,2,17,14,891,23.1
2016,2,17,15,739,22.7
2016,2,17,16,480,22
2016,2,17,17,322,21.3
2016,2,17,18,107,20.5
2016,2,17,19,0,20.1
2016,2,17,20,0,20
2016,2,17,21,0,20
2016,2,17,22,0,20.1
2016,2,17,23,0,20.2
2016,2,18,0,0,20.3
2016,2,18,1,0,20.3
2016,2,18,2,0,20.4
2016,2,18,3,0,20.4
2016,2,18,4,0,20.2
2016,2,18,5,0,20
2016,2,18,6,40,20.4
2016,2,18,7,252,21.4
2016,2,18,8,475,22.3
2016,2,18,9,681,23.2
2016,2,18,10,849,23.9
2016,2,18,11,556,24.5
2016,2,18,12,1003,24.9
2016,2,18,13,978,25.1
2016,2,18,14,886,25
2016,2,18,15,735,24.7
2016,2,18,16,540,24.2
2016,2,18,17,317,23.5
2016,2,18,18,102,22.6
2016,2,18,19,0,22.2
2016,2,18,20,0,22
2016,2,18,21,0,21.9
2016,2,18,22,0,21.8
2016,2,18,23,0,21.8
2016,2,19,0,0,21.8
2016,2,19,1,0,21.8
2016,2,19,2,0,21.7
2016,2,19,3,0,21.6
2016,2,19,4,0,21.5
2016,2,19,5,0,21.4
2016,2,19,6,46,22.3
2016,2,19,7,239,23.6
2016,2,19,8,458,24.8
2016,2,19,9,661,25.9
2016,2,19,10,824,26.9
2016,2,19,11,933,27.7
2016,2,19,12,979,28.3
2016,2,19,13,960,28.7
2016,2,19,14,869,28.9
2016,2,19,15,717,28.6
2016,2,19,16,522,28
2016,2,19,17,303,26.9
2016,2,19,18,95,25.6
2016,2,19,19,0,25
2016,2,19,20,0,24.7
2016,2,19,21,0,24.5
2016,2,19,22,0,24.3
2016,2,19,23,0,24.2
2016,2,20,0,0,24.2
2016,2,20,1,0,24.1
2016,2,20,2,0,23.7
2016,2,20,3,0,23.1
2016,2,20,4,0,22.9
2016,2,20,5,0,22.9
2016,2,20,6,41,23.4
2016,2,20,7,82,24.2
2016,2,20,8,222,24.9
2016,2,20,9,400,25.4
2016,2,20,10,616,25.8
2016,2,20,11,708,26
2016,2,20,12,318,26
2016,2,20,13,927,25.9
2016,2,20,14,653,25.8
2016,2,20,15,398,25.6
2016,2,20,16,347,25.1
2016,2,20,17,283,24.5
2016,2,20,18,71,23.9
2016,2,20,19,0,23.7
2016,2,20,20,0,23.5
2016,2,20,21,0,23.4
2016,2,20,22,0,23.3
2016,2,20,23,0,23.3
2016,2,21,0,0,23.2
2016,2,21,1,0,23
2016,2,21,2,0,22.8
2016,2,21,3,0,22.6
2016,2,21,4,0,22.4
2016,2,21,5,0,22.3
2016,2,21,6,35,22.7
2016,2,21,7,161,23.1
2016,2,21,8,27,23.8
2016,2,21,9,156,24.6
2016,2,21,10,395,25.4
2016,2,21,11,478,25.9
2016,2,21,12,403,26.1
2016,2,21,13,417,26.2
2016,2,21,14,849,26.2
2016,2,21,15,512,25.9
2016,2,21,16,313,25.5
2016,2,21,17,297,25
2016,2,21,18,90,24.3
2016,2,21,19,0,23.8
2016,2,21,20,0,23.5
2016,2,21,21,0,23.3
2016,2,21,22,0,23.2
2016,2,21,23,0,23
2016,2,22,0,0,22.8
2016,2,22,1,0,22.6
2016,2,22,2,0,22.5
2016,2,22,3,0,22.5
2016,2,22,4,0,22.5
2016,2,22,5,0,22.6
2016,2,22,6,44,23.3
2016,2,22,7,241,24.4
2016,2,22,8,463,25.5
2016,2,22,9,670,26.4
2016,2,22,10,835,27.1
2016,2,22,11,947,27.7
2016,2,22,12,991,28.1
2016,2,22,13,964,28.2
2016,2,22,14,762,28
2016,2,22,15,722,27.6
2016,2,22,16,446,26.9
2016,2,22,17,302,26.1
2016,2,22,18,80,25.1
2016,2,22,19,0,24.4
2016,2,22,20,0,24
2016,2,22,21,0,23.8
2016,2,22,22,0,23.6
2016,2,22,23,0,23.3
2016,2,23,0,0,22.9
2016,2,23,1,0,22.6
2016,2,23,2,0,22.3
2016,2,23,3,0,22.1
2016,2,23,4,0,21.9
2016,2,23,5,0,21.7
2016,2,23,6,41,22.6
2016,2,23,7,235,24
2016,2,23,8,459,25.3
2016,2,23,9,664,26.5
2016,2,23,10,829,27.4
2016,2,23,11,939,28
2016,2,23,12,983,28.4
2016,2,23,13,963,28.5
2016,2,23,14,871,28.4
2016,2,23,15,719,28.1
2016,2,23,16,523,27.6
2016,2,23,17,301,26.7
2016,2,23,18,88,25.3
2016,2,23,19,0,24.3
2016,2,23,20,0,23.8
2016,2,23,21,0,23.5
2016,2,23,22,0,23.2
2016,2,23,23,0,22.9
2016,2,24,0,0,22.6
2016,2,24,1,0,22.4
2016,2,24,2,0,22.1
2016,2,24,3,0,21.9
2016,2,24,4,0,21.7
2016,2,24,5,0,21.6
2016,2,24,6,40,22.6
2016,2,24,7,237,24
2016,2,24,8,462,25.5
2016,2,24,9,668,26.9
2016,2,24,10,832,28.1
2016,2,24,11,943,29
2016,2,24,12,988,29.6
2016,2,24,13,964,29.9
2016,2,24,14,872,29.8
2016,2,24,15,721,29.6
2016,2,24,16,524,28.9
2016,2,24,17,300,27.7
2016,2,24,18,86,26.1
2016,2,24,19,0,25
2016,2,24,20,0,24.3
2016,2,24,21,0,23.9
2016,2,24,22,0,23.5
2016,2,24,23,0,23.2
2016,2,25,0,0,22.9
2016,2,25,1,0,22.6
2016,2,25,2,0,22.4
2016,2,25,3,0,22.2
2016,2,25,4,0,22
2016,2,25,5,0,21.8
2016,2,25,6,37,22.5
2016,2,25,7,232,24.2
2016,2,25,8,458,26.3
2016,2,25,9,665,28.4
2016,2,25,10,832,30.7
2016,2,25,11,942,32.4
2016,2,25,12,986,33.3
2016,2,25,13,962,33.3
2016,2,25,14,867,33
2016,2,25,15,713,32.5
2016,2,25,16,513,31.4
2016,2,25,17,290,29.9
2016,2,25,18,80,27.9
2016,2,25,19,0,26.8
2016,2,25,20,0,26.3
2016,2,25,21,0,25.9
2016,2,25,22,0,25.6
2016,2,25,23,0,25.5
2016,2,26,0,0,25.4
2016,2,26,1,0,25
2016,2,26,2,0,24.6
2016,2,26,3,0,24.7
2016,2,26,4,0,24.3
2016,2,26,5,0,23.9
2016,2,26,6,26,24.1
2016,2,26,7,167,24.8
2016,2,26,8,407,25.3
2016,2,26,9,341,25.6
2016,2,26,10,428,25.8
2016,2,26,11,395,25.6
2016,2,26,12,212,25.5
2016,2,26,13,302,25.5
2016,2,26,14,391,25.5
2016,2,26,15,240,25.3
2016,2,26,16,311,24.9
2016,2,26,17,52,24.4
2016,2,26,18,66,23.9
2016,2,26,19,0,23.6
2016,2,26,20,0,23.5
2016,2,26,21,0,23.4
2016,2,26,22,0,23.2
2016,2,26,23,0,23
2016,2,27,0,0,22.9
2016,2,27,1,0,22.8
2016,2,27,2,0,22.8
2016,2,27,3,0,22.7
2016,2,27,4,0,22.7
2016,2,27,5,0,22.7
2016,2,27,6,31,23.3
2016,2,27,7,123,23.9
2016,2,27,8,443,24.5
2016,2,27,9,651,25
2016,2,27,10,819,25.5
2016,2,27,11,712,25.9
2016,2,27,12,980,26.1
2016,2,27,13,952,26.1
2016,2,27,14,571,25.8
2016,2,27,15,706,25.4
2016,2,27,16,507,24.8
2016,2,27,17,284,24.1
2016,2,27,18,74,23.3
2016,2,27,19,0,23
2016,2,27,20,0,22.9
2016,2,27,21,0,22.8
2016,2,27,22,0,22.7
2016,2,27,23,0,22.6
2016,2,28,0,0,22.4
2016,2,28,1,0,22.1
2016,2,28,2,0,21.9
2016,2,28,3,0,21.9
2016,2,28,4,0,22
2016,2,28,5,0,22
2016,2,28,6,35,22.3
2016,2,28,7,234,23.3
2016,2,28,8,461,24.4
2016,2,28,9,430,25.3
2016,2,28,10,833,26
2016,2,28,11,942,26.4
2016,2,28,12,982,26.6
2016,2,28,13,956,26.5
2016,2,28,14,862,26.2
2016,2,28,15,708,25.8
2016,2,28,16,508,25.2
2016,2,28,17,285,24.5
2016,2,28,18,73,23.6
2016,2,28,19,0,23.1
2016,2,28,20,0,22.9
2016,2,28,21,0,22.7
2016,2,28,22,0,22.7
2016,2,28,23,0,22.7
2016,3,1,0,0,22.8
2016,3,1,1,0,22.7
2016,3,1,2,0,22.6
2016,3,1,3,0,22.5
2016,3,1,4,0,22.4
2016,3,1,5,0,22.3
2016,3,1,6,23,22.8
2016,3,1,7,200,23.8
2016,3,1,8,259,24.7
2016,3,1,9,336,25.5
2016,3,1,10,334,26.2
2016,3,1,11,597,26.7
2016,3,1,12,756,27
2016,3,1,13,933,27.2
2016,3,1,14,841,27.1
2016,3,1,15,691,26.7
2016,3,1,16,494,26.1
2016,3,1,17,272,25.2
2016,3,1,18,65,24.2
2016,3,1,19,0,23.5
2016,3,1,20,0,23.3
2016,3,1,21,0,23
2016,3,1,22,0,22.8
2016,3,1,23,0,22.5
2016,3,2,0,0,22.2
2016,3,2,1,0,21.9
2016,3,2,2,0,21.7
2016,3,2,3,0,21.4
2016,3,2,4,0,21.2
2016,3,2,5,0,21.1
2016,3,2,6,26,21.9
2016,3,2,7,199,23
2016,3,2,8,322,24.3
2016,3,2,9,561,25.6
2016,3,2,10,674,26.8
2016,3,2,11,768,27.6
2016,3,2,12,790,28
2016,3,2,13,788,27.9
2016,3,2,14,667,27.5
2016,3,2,15,667,27
2016,3,2,16,402,26.2
2016,3,2,17,226,25.4
2016,3,2,18,49,24.5
2016,3,2,19,0,24.1
2016,3,2,20,0,24
2016,3,2,21,0,23.8
2016,3,2,22,0,23.6
2016,3,2,23,0,23.3
2016,3,3,0,0,23.1
2016,3,3,1,0,22.9
2016,3,3,2,0,22.7
2016,3,3,3,0,22.6
2016,3,3,4,0,22.5
2016,3,3,5,0,22.5
2016,3,3,6,14,23
2016,3,3,7,195,23.9
2016,3,3,8,408,25
2016,3,3,9,610,26.3
2016,3,3,10,774,27.4
2016,3,3,11,883,28.1
2016,3,3,12,929,28.5
2016,3,3,13,913,28.5
2016,3,3,14,822,28.1
2016,3,3,15,671,27.4
2016,3,3,16,475,26.5
2016,3,3,17,256,25.4
2016,3,3,18,55,24.4
2016,3,3,19,0,23.9
2016,3,3,20,0,23.7
2016,3,3,21,0,23.5
2016,3,3,22,0,23.2
2016,3,3,23,0,23
2016,3,4,0,0,22.7
2016,3,4,1,0,22.4
2016,3,4,2,0,22.3
2016,3,4,3,0,22.1
2016,3,4,4,0,22
2016,3,4,5,0,21.9
2016,3,4,6,24,22.8
2016,3,4,7,210,24.1
2016,3,4,8,432,25.2
2016,3,4,9,635,26
2016,3,4,10,798,26.7
2016,3,4,11,905,27.2
2016,3,4,12,946,27.4
2016,3,4,13,919,27.4
2016,3,4,14,826,27.1
2016,3,4,15,674,26.6
2016,3,4,16,476,25.8
2016,3,4,17,257,24.9
2016,3,4,18,54,23.9
2016,3,4,19,0,23.4
2016,3,4,20,0,23.2
2016,3,4,21,0,22.9
2016,3,4,22,0,22.7
2016,3,4,23,0,22.4
2016,3,5,0,0,22.1
2016,3,5,1,0,21.8
2016,3,5,2,0,21.5
2016,3,5,3,0,21.3
2016,3,5,4,0,21.1
2016,3,5,5,0,21
2016,3,5,6,23,21.7
2016,3,5,7,213,23.2
2016,3,5,8,437,24.5
2016,3,5,9,644,25.6
2016,3,5,10,809,26.4
2016,3,5,11,920,27.1
2016,3,5,12,962,27.4
2016,3,5,13,936,27.5
2016,3,5,14,841,27.4
2016,3,5,15,686,27
2016,3,5,16,486,26.3
2016,3,5,17,260,25.3
2016,3,5,18,53,24
2016,3,5,19,0,23.3
2016,3,5,20,0,22.9
2016,3,5,21,0,22.6
2016,3,5,22,0,22.3
2016,3,5,23,0,22
2016,3,6,0,0,21.8
2016,3,6,1,0,21.6
2016,3,6,2,0,21.4
2016,3,6,3,0,21.3
2016,3,6,4,0,21.2
2016,3,6,5,0,21.1
2016,3,6,6,21,22
2016,3,6,7,207,23.5
2016,3,6,8,430,24.8
2016,3,6,9,514,25.8
2016,3,6,10,798,26.6
2016,3,6,11,905,27.1
2016,3,6,12,946,27.4
2016,3,6,13,916,27.5
2016,3,6,14,821,27.2
2016,3,6,15,667,26.7
2016,3,6,16,468,26
2016,3,6,17,246,25
2016,3,6,18,34,24
2016,3,6,19,0,23.6
2016,3,6,20,0,23.4
2016,3,6,21,0,23.2
2016,3,6,22,0,23
2016,3,6,23,0,22.8
2016,3,7,0,0,22.7
2016,3,7,1,0,22.5
2016,3,7,2,0,22.3
2016,3,7,3,0,22.2
2016,3,7,4,0,22
2016,3,7,5,0,21.9
2016,3,7,6,19,22.5
2016,3,7,7,201,23.7
2016,3,7,8,423,24.8
2016,3,7,9,628,25.9
2016,3,7,10,791,26.8
2016,3,7,11,897,27.5
2016,3,7,12,940,28
2016,3,7,13,912,28.1
2016,3,7,14,815,27.9
2016,3,7,15,661,27.4
2016,3,7,16,465,26.7
2016,3,7,17,244,25.7
2016,3,7,18,44,24.5
2016,3,7,19,0,23.8
2016,3,7,20,0,23.5
2016,3,7,21,0,23.3
2016,3,7,22,0,23.1
2016,3,7,23,0,22.9
2016,3,8,0,0,22.8
2016,3,8,1,0,22.7
2016,3,8,2,0,22.6
2016,3,8,3,0,22.5
2016,3,8,4,0,22.4
2016,3,8,5,0,22.2
2016,3,8,6,18,22.9
2016,3,8,7,200,24.3
2016,3,8,8,424,25.4
2016,3,8,9,629,26.2
2016,3,8,10,792,26.9
2016,3,8,11,898,27.3
2016,3,8,12,936,27.4
2016,3,8,13,909,27.3
2016,3,8,14,812,27
2016,3,8,15,656,26.5
2016,3,8,16,457,25.7
2016,3,8,17,236,24.9
2016,3,8,18,40,24.1
2016,3,8,19,0,23.9
2016,3,8,20,0,23.8
2016,3,8,21,0,23.6
2016,3,8,22,0,23.6
2016,3,8,23,0,23.5
2016,3,9,0,0,23.3
2016,3,9,1,0,23.2
2016,3,9,2,0,23.1
2016,3,9,3,0,22.9
2016,3,9,4,0,22.8
2016,3,9,5,0,22.6
2016,3,9,6,5,23.2
2016,3,9,7,191,24.2
2016,3,9,8,409,25.4
2016,3,9,9,609,26.6
2016,3,9,10,770,27.7
2016,3,9,11,874,28.7
2016,3,9,12,914,29.4
2016,3,9,13,888,29.6
2016,3,9,14,793,29.2
2016,3,9,15,638,28.6
2016,3,9,16,442,27.7
2016,3,9,17,197,26.3
2016,3,9,18,14,24.9
2016,3,9,19,0,24.2
2016,3,9,20,0,24.1
2016,3,9,21,0,24
2016,3,9,22,0,23.9
2016,3,9,23,0,23.7
2016,3,10,0,0,23.5
2016,3,10,1,0,23.3
2016,3,10,2,0,23
2016,3,10,3,0,22.9
2016,3,10,4,0,23
2016,3,10,5,0,23
2016,3,10,6,14,23.4
2016,3,10,7,116,24.5
2016,3,10,8,394,25.5
2016,3,10,9,512,26.5
2016,3,10,10,621,27.1
2016,3,10,11,851,27.4
2016,3,10,12,889,27.4
2016,3,10,13,674,27.1
2016,3,10,14,492,26.6
2016,3,10,15,376,26.1
2016,3,10,16,335,25.4
2016,3,10,17,142,24.5
2016,3,10,18,22,23.7
2016,3,10,19,0,23.3
2016,3,10,20,0,23.2
2016,3,10,21,0,23.2
2016,3,10,22,0,23.1
2016,3,10,23,0,23.1
2016,3,11,0,0,23
2016,3,11,1,0,23
2016,3,11,2,0,22.9
2016,3,11,3,0,22.9
2016,3,11,4,0,22.9
2016,3,11,5,0,22.9
2016,3,11,6,12,23.2
2016,3,11,7,12,23.6
2016,3,11,8,121,23.9
2016,3,11,9,398,24.3
2016,3,11,10,148,24.9
2016,3,11,11,498,25.9
2016,3,11,12,883,27
2016,3,11,13,703,27.6
2016,3,11,14,529,27.7
2016,3,11,15,429,27.5
2016,3,11,16,290,26.9
2016,3,11,17,155,25.8
2016,3,11,18,22,24.7
2016,3,11,19,0,24.2
2016,3,11,20,0,24.1
2016,3,11,21,0,24
2016,3,11,22,0,23.9
2016,3,11,23,0,23.8
2016,3,12,0,0,23.7
2016,3,12,1,0,23.5
2016,3,12,2,0,23.2
2016,3,12,3,0,23
2016,3,12,4,0,22.8
2016,3,12,5,0,22.7
2016,3,12,6,11,23.1
2016,3,12,7,137,23.7
2016,3,12,8,382,24.8
2016,3,12,9,581,26.1
2016,3,12,10,739,27.1
2016,3,12,11,765,27.8
2016,3,12,12,883,28.1
2016,3,12,13,864,28.1
2016,3,12,14,769,27.9
2016,3,12,15,618,27.4
2016,3,12,16,424,26.7
2016,3,12,17,210,25.7
2016,3,12,18,25,24.7
2016,3,12,19,0,24.2
2016,3,12,20,0,24
2016,3,12,21,0,23.8
2016,3,12,22,0,23.6
2016,3,12,23,0,23.4
2016,3,13,0,0,23.2
2016,3,13,1,0,23.1
2016,3,13,2,0,22.9
2016,3,13,3,0,22.7
2016,3,13,4,0,22.6
2016,3,13,5,0,22.6
2016,3,13,6,11,23.1
2016,3,13,7,121,24.2
2016,3,13,8,384,25.2
2016,3,13,9,480,26.1
2016,3,13,10,586,26.7
2016,3,13,11,700,27.2
2016,3,13,12,745,27.5
2016,3,13,13,714,27.4
2016,3,13,14,582,27.1
2016,3,13,15,426,26.6
2016,3,13,16,347,25.8
2016,3,13,17,151,25
2016,3,13,18,16,24.2
2016,3,13,19,0,23.9
2016,3,13,20,0,23.9
2016,3,13,21,0,23.8
2016,3,13,22,0,23.7
2016,3,13,23,0,23.6
2016,3,14,0,0,23.5
2016,3,14,1,0,23.2
2016,3,14,2,0,23
2016,3,14,3,0,22.8
2016,3,14,4,0,22.6
2016,3,14,5,0,22.6
2016,3,14,6,0,22.9
2016,3,14,7,104,23.4
2016,3,14,8,278,24.3
2016,3,14,9,250,25.7
2016,3,14,10,429,26.9
2016,3,14,11,705,27.5
2016,3,14,12,339,27.8
2016,3,14,13,832,27.7
2016,3,14,14,52,27.1
2016,3,14,15,179,26.3
2016,3,14,16,110,25.2
2016,3,14,17,188,24
2016,3,14,18,19,23.1
2016,3,14,19,0,22.7
2016,3,14,20,0,22.6
2016,3,14,21,0,22.5
2016,3,14,22,0,22.5
2016,3,14,23,0,22.5
2016,3,15,0,0,22.6
2016,3,15,1,0,22.6
2016,3,15,2,0,22.4
2016,3,15,3,0,22.2
2016,3,15,4,0,21.9
2016,3,15,5,0,21.8
2016,3,15,6,0,21.9
2016,3,15,7,119,22.4
2016,3,15,8,106,23
2016,3,15,9,65,23.7
2016,3,15,10,242,24.2
2016,3,15,11,74,24.4
2016,3,15,12,579,24.5
2016,3,15,13,434,24.4
2016,3,15,14,620,24.1
2016,3,15,15,481,23.8
2016,3,15,16,394,23.3
2016,3,15,17,168,22.8
2016,3,15,18,18,22.2
2016,3,15,19,0,22
2016,3,15,20,0,21.9
2016,3,15,21,0,21.9
2016,3,15,22,0,21.9
2016,3,15,23,0,21.9
2016,3,16,0,0,21.9
2016,3,16,1,0,21.8
2016,3,16,2,0,21.6
2016,3,16,3,0,21.3
2016,3,16,4,0,21.2
2016,3,16,5,0,21.1
2016,3,16,6,0,21.4
2016,3,16,7,56,21.8
2016,3,16,8,177,22.5
2016,3,16,9,405,23.2
2016,3,16,10,466,23.7
2016,3,16,11,441,24
2016,3,16,12,704,24.2
2016,3,16,13,265,24.2
2016,3,16,14,347,24
2016,3,16,15,593,23.8
2016,3,16,16,403,23.4
2016,3,16,17,191,22.9
2016,3,16,18,7,22.3
2016,3,16,19,0,22
2016,3,16,20,0,21.8
2016,3,16,21,0,21.6
2016,3,16,22,0,21.5
2016,3,16,23,0,21.4
2016,3,17,0,0,21.3
2016,3,17,1,0,21.2
2016,3,17,2,0,21.1
2016,3,17,3,0,21.1
2016,3,17,4,0,21.1
2016,3,17,5,0,21.1
2016,3,17,6,0,21.6
2016,3,17,7,94,22.2
2016,3,17,8,241,22.6
2016,3,17,9,327,23.5
2016,3,17,10,737,24.2
2016,3,17,11,437,24.7
2016,3,17,12,597,24.9
2016,3,17,13,704,25.1
2016,3,17,14,539,25.1
2016,3,17,15,597,24.9
2016,3,17,16,402,24.5
2016,3,17,17,189,23.8
2016,3,17,18,7,23
2016,3,17,19,0,22.6
2016,3,17,20,0,22.4
2016,3,17,21,0,22.3
2016,3,17,22,0,22.1
2016,3,17,23,0,21.9
2016,3,18,0,0,21.7
2016,3,18,1,0,21.4
2016,3,18,2,0,21.1
2016,3,18,3,0,21
2016,3,18,4,0,20.9
2016,3,18,5,0,20.8
2016,3,18,6,0,21.3
2016,3,18,7,143,22.3
2016,3,18,8,361,23.4
2016,3,18,9,491,24.2
2016,3,18,10,610,24.4
2016,3,18,11,125,25.6
2016,3,18,12,125,27.6
2016,3,18,13,514,28.8
2016,3,18,14,505,29
2016,3,18,15,175,28.6
2016,3,18,16,219,27.8
2016,3,18,17,96,25.3
2016,3,18,18,14,22.5
2016,3,18,19,0,21.3
2016,3,18,20,0,20.7
2016,3,18,21,0,20.2
2016,3,18,22,0,19.9
2016,3,18,23,0,19.5
2016,3,19,0,0,19.1
2016,3,19,1,0,18.8
2016,3,19,2,0,18.4
2016,3,19,3,0,18.1
2016,3,19,4,0,17.7
2016,3,19,5,0,17.4
2016,3,19,6,0,17.8
2016,3,19,7,177,18.9
2016,3,19,8,400,19.8
2016,3,19,9,605,20.7
2016,3,19,10,768,21.4
2016,3,19,11,874,21.8
2016,3,19,12,912,22
2016,3,19,13,877,22
2016,3,19,14,777,21.8
2016,3,19,15,615,21.3
2016,3,19,16,411,20.8
2016,3,19,17,190,20.1
2016,3,19,18,13,19.5
2016,3,19,19,0,19.5
2016,3,19,20,0,19.6
2016,3,19,21,0,19.7
2016,3,19,22,0,19.7
2016,3,19,23,0,19.7
2016,3,20,0,0,19.6
2016,3,20,1,0,19.5
2016,3,20,2,0,19.3
2016,3,20,3,0,19.2
2016,3,20,4,0,19
2016,3,20,5,0,18.9
2016,3,20,6,0,19.2
2016,3,20,7,103,19.9
2016,3,20,8,364,20.5
2016,3,20,9,143,21
2016,3,20,10,545,21.2
2016,3,20,11,526,20.9
2016,3,20,12,615,21
2016,3,20,13,438,21
2016,3,20,14,408,20.9
2016,3,20,15,177,20.8
2016,3,20,16,30,20.4
2016,3,20,17,12,19.7
2016,3,20,18,0,19.1
2016,3,20,19,0,19
2016,3,20,20,0,19
2016,3,20,21,0,18.9
2016,3,20,22,0,18.7
2016,3,20,23,0,18.6
2016,3,21,0,0,18.5
2016,3,21,1,0,18.4
2016,3,21,2,0,18.1
2016,3,21,3,0,18
2016,3,21,4,0,17.9
2016,3,21,5,0,17.9
2016,3,21,6,0,18.2
2016,3,21,7,86,18.8
2016,3,21,8,140,19.4
2016,3,21,9,394,20
2016,3,21,10,300,20.8
2016,3,21,11,307,21.2
2016,3,21,12,539,21
2016,3,21,13,625,21
2016,3,21,14,180,21
2016,3,21,15,34,21.1
2016,3,21,16,381,20.9
2016,3,21,17,170,20.4
2016,3,21,18,0,19.8
2016,3,21,19,0,19.7
2016,3,21,20,0,19.6
2016,3,21,21,0,19.3
2016,3,21,22,0,19.1
2016,3,21,23,0,18.8
2016,3,22,0,0,18.6
2016,3,22,1,0,18.4
2016,3,22,2,0,18.1
2016,3,22,3,0,18
2016,3,22,4,0,18
2016,3,22,5,0,18.1
2016,3,22,6,0,18.4
2016,3,22,7,46,19.1
2016,3,22,8,362,20
2016,3,22,9,555,20.8
2016,3,22,10,706,21.3
2016,3,22,11,805,21.4
2016,3,22,12,688,21.5
2016,3,22,13,428,21.6
2016,3,22,14,305,21.7
2016,3,22,15,174,21.7
2016,3,22,16,188,21.5
2016,3,22,17,87,21
2016,3,22,18,0,20.3
2016,3,22,19,0,20.1
2016,3,22,20,0,20
2016,3,22,21,0,19.9
2016,3,22,22,0,19.6
2016,3,22,23,0,19.3
2016,3,23,0,0,19
2016,3,23,1,0,18.8
2016,3,23,2,0,18.6
2016,3,23,3,0,18.4
2016,3,23,4,0,18.2
2016,3,23,5,0,18
2016,3,23,6,0,18.3
2016,3,23,7,160,19.3
2016,3,23,8,377,20.5
2016,3,23,9,577,21.6
2016,3,23,10,737,22.5
2016,3,23,11,839,23.3
2016,3,23,12,878,24
2016,3,23,13,846,24.5
2016,3,23,14,744,24.6
2016,3,23,15,584,24.1
2016,3,23,16,301,23.3
2016,3,23,17,64,22.2
2016,3,23,18,0,21.2
2016,3,23,19,0,20.9
2016,3,23,20,0,20.8
2016,3,23,21,0,21
2016,3,23,22,0,21
2016,3,23,23,0,21
2016,3,24,0,0,20.9
2016,3,24,1,0,20.8
2016,3,24,2,0,20.6
2016,3,24,3,0,20.6
2016,3,24,4,0,20.6
2016,3,24,5,0,20.5
2016,3,24,6,0,20.5
2016,3,24,7,104,21.6
2016,3,24,8,281,23.1
2016,3,24,9,554,24.6
2016,3,24,10,710,26.1
2016,3,24,11,670,26.9
2016,3,24,12,846,27.2
2016,3,24,13,817,27.2
2016,3,24,14,717,27
2016,3,24,15,562,26.5
2016,3,24,16,366,25.7
2016,3,24,17,156,24.5
2016,3,24,18,0,23.3
2016,3,24,19,0,22.9
2016,3,24,20,0,22.7
2016,3,24,21,0,22.5
2016,3,24,22,0,22.3
2016,3,24,23,0,21.9
2016,3,25,0,0,21.5
2016,3,25,1,0,21.3
2016,3,25,2,0,21
2016,3,25,3,0,20.7
2016,3,25,4,0,20.6
2016,3,25,5,0,20.3
2016,3,25,6,0,20.6
2016,3,25,7,96,21.8
2016,3,25,8,158,23.1
2016,3,25,9,191,24.3
2016,3,25,10,95,24.8
2016,3,25,11,252,24.7
2016,3,25,12,253,24.9
2016,3,25,13,144,25.5
2016,3,25,14,246,25.9
2016,3,25,15,278,26.2
2016,3,25,16,98,26.3
2016,3,25,17,31,25.6
2016,3,25,18,0,24.5
2016,3,25,19,0,23.7
2016,3,25,20,0,23.1
2016,3,25,21,0,22.5
2016,3,25,22,0,21.8
2016,3,25,23,0,21.3
2016,3,26,0,0,20.7
2016,3,26,1,0,20.2
2016,3,26,2,0,20.1
2016,3,26,3,0,20
2016,3,26,4,0,20
2016,3,26,5,0,20
2016,3,26,6,0,20.3
2016,3,26,7,61,21.1
2016,3,26,8,345,21.8
2016,3,26,9,540,22.8
2016,3,26,10,696,23.7
2016,3,26,11,442,24.4
2016,3,26,12,565,24.9
2016,3,26,13,804,25.1
2016,3,26,14,703,25
2016,3,26,15,548,24.6
2016,3,26,16,353,23.9
2016,3,26,17,145,23
2016,3,26,18,0,22.2
2016,3,26,19,0,22
2016,3,26,20,0,21.9
2016,3,26,21,0,21.8
2016,3,26,22,0,21.8
2016,3,26,23,0,21.7
2016,3,27,0,0,21.7
2016,3,27,1,0,21.6
2016,3,27,2,0,21.6
2016,3,27,3,0,21.6
2016,3,27,4,0,21.6
2016,3,27,5,0,21.5
2016,3,27,6,0,21.4
2016,3,27,7,54,22.1
2016,3,27,8,336,22.5
2016,3,27,9,43,23
2016,3,27,10,232,23.6
2016,3,27,11,324,24
2016,3,27,12,250,24.1
2016,3,27,13,302,24
2016,3,27,14,246,23.9
2016,3,27,15,524,23.4
2016,3,27,16,123,23
2016,3,27,17,133,22.4
2016,3,27,18,0,21.9
2016,3,27,19,0,21.9
2016,3,27,20,0,21.8
2016,3,27,21,0,21.8
2016,3,27,22,0,21.8
2016,3,27,23,0,21.9
2016,3,28,0,0,21.9
2016,3,28,1,0,22
2016,3,28,2,0,21.9
2016,3,28,3,0,21.8
2016,3,28,4,0,21.6
2016,3,28,5,0,21.5
2016,3,28,6,0,21.7
2016,3,28,7,56,22.2
2016,3,28,8,334,22.8
2016,3,28,9,159,23.5
2016,3,28,10,253,24.3
2016,3,28,11,361,25
2016,3,28,12,449,25.4
2016,3,28,13,582,25.7
2016,3,28,14,550,25.7
2016,3,28,15,399,25.2
2016,3,28,16,143,24.6
2016,3,28,17,94,23.8
2016,3,28,18,0,23.1
2016,3,28,19,0,22.7
2016,3,28,20,0,22.5
2016,3,28,21,0,22.3
2016,3,28,22,0,22.3
2016,3,28,23,0,22.5
2016,3,29,0,0,22.4
2016,3,29,1,0,22.1
2016,3,29,2,0,21.9
2016,3,29,3,0,21.8
2016,3,29,4,0,21.8
2016,3,29,5,0,21.7
2016,3,29,6,0,21.9
2016,3,29,7,43,22.4
2016,3,29,8,202,22.8
2016,3,29,9,171,23.3
2016,3,29,10,394,23.9
2016,3,29,11,235,23.6
2016,3,29,12,296,23.3
2016,3,29,13,148,23.2
2016,3,29,14,101,23.1
2016,3,29,15,29,22.8
2016,3,29,16,139,22.2
2016,3,29,17,53,21.5
2016,3,29,18,0,21
2016,3,29,19,0,20.8
2016,3,29,20,0,20.9
2016,3,29,21,0,20.8
2016,3,29,22,0,20.7
2016,3,29,23,0,20.5
2016,3,30,0,0,20.4
2016,3,30,1,0,20.2
2016,3,30,2,0,20.1
2016,3,30,3,0,19.9
2016,3,30,4,0,19.8
2016,3,30,5,0,19.6
2016,3,30,6,0,19.7
2016,3,30,7,128,20.4
2016,3,30,8,331,21.3
2016,3,30,9,522,22.9
2016,3,30,10,675,24.3
2016,3,30,11,773,25.3
2016,3,30,12,606,26
2016,3,30,13,576,26.3
2016,3,30,14,294,26.4
2016,3,30,15,25,26.4
2016,3,30,16,58,26
2016,3,30,17,43,24.9
2016,3,30,18,0,23.9
2016,3,30,19,0,23.2
2016,3,30,20,0,22.8
2016,3,30,21,0,22.1
2016,3,30,22,0,21.5
2016,3,30,23,0,20.8
2016,3,31,0,0,20.2
2016,3,31,1,0,19.8
2016,3,31,2,0,19.4
2016,3,31,3,0,19.1
2016,3,31,4,0,18.9
2016,3,31,5,0,18.7
2016,3,31,6,0,18.9
2016,3,31,7,130,19.9
2016,3,31,8,334,20.9
2016,3,31,9,525,21.7
2016,3,31,10,678,22.3
2016,3,31,11,776,22.9
2016,3,31,12,810,23.2
2016,3,31,13,782,23.3
2016,3,31,14,683,23.2
2016,3,31,15,529,22.9
2016,3,31,16,334,22.3
2016,3,31,17,91,21.5
2016,3,31,18,0,20.8
2016,3,31,19,0,20.6
2016,3,31,20,0,20.5
2016,3,31,21,0,20.5
2016,3,31,22,0,20.6
2016,3,31,23,0,20.8
2016,4,1,0,0,20.9
2016,4,1,1,0,20.8
2016,4,1,2,0,20.5
2016,4,1,3,0,20.2
2016,4,1,4,0,19.8
2016,4,1,5,0,19.5
2016,4,1,6,0,19.4
2016,4,1,7,126,20.4
2016,4,1,8,329,21.8
2016,4,1,9,523,22.8
2016,4,1,10,678,23.8
2016,4,1,11,775,24.8
2016,4,1,12,807,25.8
2016,4,1,13,776,26.5
2016,4,1,14,675,26.8
2016,4,1,15,520,26.7
2016,4,1,16,334,26.1
2016,4,1,17,109,24.5
2016,4,1,18,0,23
2016,4,1,19,0,22.5
2016,4,1,20,0,22.3
2016,4,1,21,0,22
2016,4,1,22,0,21.8
2016,4,1,23,0,21.3
2016,4,2,0,0,20.7
2016,4,2,1,0,20.3
2016,4,2,2,0,19.9
2016,4,2,3,0,19.4
2016,4,2,4,0,19
2016,4,2,5,0,18.8
2016,4,2,6,0,18.8
2016,4,2,7,117,19.8
2016,4,2,8,339,21.4
2016,4,2,9,536,24.2
2016,4,2,10,689,26.7
2016,4,2,11,783,27.5
2016,4,2,12,811,27.9
2016,4,2,13,781,28.2
2016,4,2,14,680,28.3
2016,4,2,15,523,28
2016,4,2,16,325,27.2
2016,4,2,17,118,25.6
2016,4,2,18,0,24.2
2016,4,2,19,0,23.4
2016,4,2,20,0,22.8
2016,4,2,21,0,22.2
2016,4,2,22,0,21.9
2016,4,2,23,0,21.7
2016,4,3,0,0,21.7
2016,4,3,1,0,21.6
2016,4,3,2,0,21.3
2016,4,3,3,0,20.9
2016,4,3,4,0,20.7
2016,4,3,5,0,20.7
2016,4,3,6,0,20.8
2016,4,3,7,110,21.5
2016,4,3,8,305,22.2
2016,4,3,9,493,22.7
2016,4,3,10,227,23.1
2016,4,3,11,346,23.3
2016,4,3,12,384,23.3
2016,4,3,13,740,23.2
2016,4,3,14,641,23.1
2016,4,3,15,488,22.9
2016,4,3,16,298,22.5
2016,4,3,17,35,22.2
2016,4,3,18,0,21.8
2016,4,3,19,0,21.7
2016,4,3,20,0,21.5
2016,4,3,21,0,21.4
2016,4,3,22,0,21.2
2016,4,3,23,0,21.1
2016,4,4,0,0,21.1
2016,4,4,1,0,20.9
2016,4,4,2,0,20.7
2016,4,4,3,0,20.4
2016,4,4,4,0,20.3
2016,4,4,5,0,20.1
2016,4,4,6,0,20.2
2016,4,4,7,25,20.6
2016,4,4,8,59,20.7
2016,4,4,9,40,20.9
2016,4,4,10,150,21.2
2016,4,4,11,132,21.6
2016,4,4,12,312,22
2016,4,4,13,378,22.5
2016,4,4,14,422,22.7
2016,4,4,15,400,22.7
2016,4,4,16,232,22.5
2016,4,4,17,41,22
2016,4,4,18,0,21.6
2016,4,4,19,0,21.5
2016,4,4,20,0,21.6
2016,4,4,21,0,21.7
2016,4,4,22,0,21.7
2016,4,4,23,0,21.6
2016,4,5,0,0,21.5
2016,4,5,1,0,21.2
2016,4,5,2,0,20.8
2016,4,5,3,0,20.5
2016,4,5,4,0,20.3
2016,4,5,5,0,20
2016,4,5,6,0,20.1
2016,4,5,7,114,21.1
2016,4,5,8,314,22.4
2016,4,5,9,504,23.7
2016,4,5,10,656,25
2016,4,5,11,750,26
2016,4,5,12,777,26.8
2016,4,5,13,742,27.1
2016,4,5,14,637,27.1
2016,4,5,15,478,26.7
2016,4,5,16,284,25.7
2016,4,5,17,91,24.2
2016,4,5,18,0,23.2
2016,4,5,19,0,22.9
2016,4,5,20,0,22.8
2016,4,5,21,0,22.6
2016,4,5,22,0,22.4
2016,4,5,23,0,22.1
2016,4,6,0,0,21.7
2016,4,6,1,0,21.3
2016,4,6,2,0,21
2016,4,6,3,0,20.7
2016,4,6,4,0,20.4
2016,4,6,5,0,20.2
2016,4,6,6,0,20.2
2016,4,6,7,118,21.4
2016,4,6,8,319,23.2
2016,4,6,9,507,25.8
2016,4,6,10,654,27.8
2016,4,6,11,747,29
2016,4,6,12,774,29.8
2016,4,6,13,740,30.3
2016,4,6,14,637,30.4
2016,4,6,15,481,30.2
2016,4,6,16,289,29.4
2016,4,6,17,93,27.9
2016,4,6,18,0,26.8
2016,4,6,19,0,26.2
2016,4,6,20,0,25.8
2016,4,6,21,0,25.5
2016,4,6,22,0,25.2
2016,4,6,23,0,24.8
2016,4,7,0,0,24.2
2016,4,7,1,0,23.3
2016,4,7,2,0,22.4
2016,4,7,3,0,21.8
2016,4,7,4,0,21.3
2016,4,7,5,0,20.9
2016,4,7,6,0,20.6
2016,4,7,7,16,20.7
2016,4,7,8,37,20.9
2016,4,7,9,39,21.1
2016,4,7,10,217,21.2
2016,4,7,11,519,21
2016,4,7,12,133,20.9
2016,4,7,13,224,20.7
2016,4,7,14,139,20.8
2016,4,7,15,337,20.7
2016,4,7,16,49,20.4
2016,4,7,17,20,19.9
2016,4,7,18,0,19.5
2016,4,7,19,0,19.5
2016,4,7,20,0,19.5
2016,4,7,21,0,19.6
2016,4,7,22,0,19.6
2016,4,7,23,0,19.5
2016,4,8,0,0,19.6
2016,4,8,1,0,19.5
2016,4,8,2,0,19.4
2016,4,8,3,0,19.2
2016,4,8,4,0,19.1
2016,4,8,5,0,19
2016,4,8,6,0,19.1
2016,4,8,7,34,19.4
2016,4,8,8,102,19.7
2016,4,8,9,100,20.1
2016,4,8,10,266,20.4
2016,4,8,11,216,21
2016,4,8,12,145,21.6
2016,4,8,13,70,22
2016,4,8,14,76,21.6
2016,4,8,15,36,21.4
2016,4,8,16,153,21.4
2016,4,8,17,6,20.8
2016,4,8,18,0,20.3
2016,4,8,19,0,20.1
2016,4,8,20,0,20
2016,4,8,21,0,20
2016,4,8,22,0,19.9
2016,4,8,23,0,19.9
2016,4,9,0,0,19.9
2016,4,9,1,0,19.6
2016,4,9,2,0,19.2
2016,4,9,3,0,18.9
2016,4,9,4,0,18.6
2016,4,9,5,0,18.4
2016,4,9,6,0,18.4
2016,4,9,7,97,19.3
2016,4,9,8,289,20.4
2016,4,9,9,475,21.3
2016,4,9,10,639,22.1
2016,4,9,11,733,22.8
2016,4,9,12,559,23.5
2016,4,9,13,622,23.9
2016,4,9,14,466,23.8
2016,4,9,15,410,23
2016,4,9,16,243,21.8
2016,4,9,17,79,20.7
2016,4,9,18,0,20
2016,4,9,19,0,19.7
2016,4,9,20,0,19.5
2016,4,9,21,0,19.6
2016,4,9,22,0,19.7
2016,4,9,23,0,19.9
2016,4,10,0,0,19.9
2016,4,10,1,0,19.9
2016,4,10,2,0,19.7
2016,4,10,3,0,19.6
2016,4,10,4,0,19.4
2016,4,10,5,0,19.1
2016,4,10,6,0,18.9
2016,4,10,7,89,19.7
2016,4,10,8,221,20.9
2016,4,10,9,478,22.5
2016,4,10,10,354,23.9
2016,4,10,11,724,24.9
2016,4,10,12,756,25.5
2016,4,10,13,719,25.8
2016,4,10,14,617,25.8
2016,4,10,15,463,25.6
2016,4,10,16,286,25
2016,4,10,17,84,23.2
2016,4,10,18,0,21.9
2016,4,10,19,0,21.3
2016,4,10,20,0,21.3
2016,4,10,21,0,21.2
2016,4,10,22,0,20.7
2016,4,10,23,0,20.2
2016,4,11,0,0,19.6
2016,4,11,1,0,18.8
2016,4,11,2,0,18
2016,4,11,3,0,17.5
2016,4,11,4,0,17.1
2016,4,11,5,0,16.8
2016,4,11,6,0,16.7
2016,4,11,7,106,18
2016,4,11,8,308,19.8
2016,4,11,9,499,21.5
2016,4,11,10,647,22.6
2016,4,11,11,736,23.4
2016,4,11,12,758,23.8
2016,4,11,13,725,23.9
2016,4,11,14,617,23.6
2016,4,11,15,388,23
2016,4,11,16,182,22.2
2016,4,11,17,73,21.3
2016,4,11,18,0,20.7
2016,4,11,19,0,20.5
2016,4,11,20,0,20.3
2016,4,11,21,0,20
2016,4,11,22,0,19.9
2016,4,11,23,0,19.7
2016,4,12,0,0,19.6
2016,4,12,1,0,19.6
2016,4,12,2,0,19.4
2016,4,12,3,0,19.3
2016,4,12,4,0,19.2
2016,4,12,5,0,18.9
2016,4,12,6,0,18.8
2016,4,12,7,7,19.4
2016,4,12,8,20,19.8
2016,4,12,9,348,20.3
2016,4,12,10,52,20.8
2016,4,12,11,60,21.2
2016,4,12,12,192,21.4
2016,4,12,13,383,21.4
2016,4,12,14,65,21.2
2016,4,12,15,321,21
2016,4,12,16,255,20.6
2016,4,12,17,41,19.9
2016,4,12,18,0,19.5
2016,4,12,19,0,19.3
2016,4,12,20,0,19.3
2016,4,12,21,0,19.3
2016,4,12,22,0,19.2
2016,4,12,23,0,19.2
2016,4,13,0,0,19.1
2016,4,13,1,0,19.1
2016,4,13,2,0,19
2016,4,13,3,0,19
2016,4,13,4,0,19
2016,4,13,5,0,19
2016,4,13,6,0,19.1
2016,4,13,7,96,20.1
2016,4,13,8,291,20.9
2016,4,13,9,478,21.6
2016,4,13,10,51,22.2
2016,4,13,11,718,22.5
2016,4,13,12,747,22.7
2016,4,13,13,386,22.7
2016,4,13,14,612,22.6
2016,4,13,15,458,22.4
2016,4,13,16,268,21.8
2016,4,13,17,74,20.9
2016,4,13,18,0,20.2
2016,4,13,19,0,19.9
2016,4,13,20,0,19.7
2016,4,13,21,0,19.6
2016,4,13,22,0,19.6
2016,4,13,23,0,19.6
2016,4,14,0,0,19.7
2016,4,14,1,0,19.6
2016,4,14,2,0,19.5
2016,4,14,3,0,19.4
2016,4,14,4,0,19.5
2016,4,14,5,0,19.5
2016,4,14,6,0,19.6
2016,4,14,7,15,20.3
2016,4,14,8,151,21.2
2016,4,14,9,474,21.8
2016,4,14,10,310,22.5
2016,4,14,11,398,22.8
2016,4,14,12,372,22.9
2016,4,14,13,204,23
2016,4,14,14,458,22.8
2016,4,14,15,180,22.7
2016,4,14,16,136,22.3
2016,4,14,17,66,21.6
2016,4,14,18,0,21
2016,4,14,19,0,20.8
2016,4,14,20,0,20.6
2016,4,14,21,0,20.4
2016,4,14,22,0,20.1
2016,4,14,23,0,19.8
2016,4,15,0,0,19.5
2016,4,15,1,0,19.2
2016,4,15,2,0,18.9
2016,4,15,3,0,18.6
2016,4,15,4,0,18.4
2016,4,15,5,0,18.1
2016,4,15,6,0,17.9
2016,4,15,7,57,18.7
2016,4,15,8,196,20.1
2016,4,15,9,416,21.8
2016,4,15,10,547,23.1
2016,4,15,11,643,24.1
2016,4,15,12,647,24.7
2016,4,15,13,700,25
2016,4,15,14,599,24.9
2016,4,15,15,443,24.5
2016,4,15,16,217,23.6
2016,4,15,17,39,22.2
2016,4,15,18,0,21.3
2016,4,15,19,0,20.9
2016,4,15,20,0,20.7
2016,4,15,21,0,20.6
2016,4,15,22,0,20.4
2016,4,15,23,0,20.2
2016,4,16,0,0,19.8
2016,4,16,1,0,19.4
2016,4,16,2,0,18.9
2016,4,16,3,0,18.5
2016,4,16,4,0,18.2
2016,4,16,5,0,17.9
2016,4,16,6,0,17.6
2016,4,16,7,56,18.4
2016,4,16,8,227,19.9
2016,4,16,9,383,21.5
2016,4,16,10,473,22.8
2016,4,16,11,600,23.9
2016,4,16,12,717,24.4
2016,4,16,13,579,24.8
2016,4,16,14,484,24.9
2016,4,16,15,364,24.5
2016,4,16,16,173,23.7
2016,4,16,17,41,22.3
2016,4,16,18,0,21.6
2016,4,16,19,0,21.2
2016,4,16,20,0,20.9
2016,4,16,21,0,20.6
2016,4,16,22,0,20.2
2016,4,16,23,0,19.9
2016,4,17,0,0,19.7
2016,4,17,1,0,19.5
2016,4,17,2,0,19.3
2016,4,17,3,0,19.1
2016,4,17,4,0,18.9
2016,4,17,5,0,18.8
2016,4,17,6,0,18.7
2016,4,17,7,16,19.1
2016,4,17,8,107,19.8
2016,4,17,9,98,20.4
2016,4,17,10,225,20.9
2016,4,17,11,316,21.1
2016,4,17,12,455,21.3
2016,4,17,13,57,21.2
2016,4,17,14,326,21.1
2016,4,17,15,373,20.9
2016,4,17,16,124,20.6
2016,4,17,17,29,20.1
2016,4,17,18,0,19.9
2016,4,17,19,0,19.8
2016,4,17,20,0,19.7
2016,4,17,21,0,19.6
2016,4,17,22,0,19.5
2016,4,17,23,0,19.4
2016,4,18,0,0,19.3
2016,4,18,1,0,19.1
2016,4,18,2,0,19
2016,4,18,3,0,18.9
2016,4,18,4,0,18.8
2016,4,18,5,0,18.7
2016,4,18,6,0,18.8
2016,4,18,7,45,19.4
2016,4,18,8,145,20
2016,4,18,9,438,20.6
2016,4,18,10,399,21.2
2016,4,18,11,479,21.4
2016,4,18,12,549,21.6
2016,4,18,13,342,21.5
2016,4,18,14,288,21.2
2016,4,18,15,293,20.9
2016,4,18,16,151,20.3
2016,4,18,17,33,19.6
2016,4,18,18,0,19.2
2016,4,18,19,0,19.1
2016,4,18,20,0,19.1
2016,4,18,21,0,19.1
2016,4,18,22,0,19
2016,4,18,23,0,19
2016,4,19,0,0,18.8
2016,4,19,1,0,18.7
2016,4,19,2,0,18.5
2016,4,19,3,0,18.5
2016,4,19,4,0,18.4
2016,4,19,5,0,18.4
2016,4,19,6,0,18.4
2016,4,19,7,36,19.3
2016,4,19,8,271,20.2
2016,4,19,9,451,21.2
2016,4,19,10,296,22.1
2016,4,19,11,57,22.6
2016,4,19,12,493,22.9
2016,4,19,13,556,23
2016,4,19,14,479,22.9
2016,4,19,15,338,22.5
2016,4,19,16,195,22
2016,4,19,17,44,21.1
2016,4,19,18,0,20.5
2016,4,19,19,0,20.3
2016,4,19,20,0,20.2
2016,4,19,21,0,20.3
2016,4,19,22,0,20.4
2016,4,19,23,0,20.5
2016,4,20,0,0,20.4
2016,4,20,1,0,20
2016,4,20,2,0,19.3
2016,4,20,3,0,18.9
2016,4,20,4,0,18.5
2016,4,20,5,0,18.3
2016,4,20,6,0,18.2
2016,4,20,7,78,19
2016,4,20,8,265,20.1
2016,4,20,9,446,21.4
2016,4,20,10,589,22.7
2016,4,20,11,679,23.7
2016,4,20,12,704,24.3
2016,4,20,13,671,24.4
2016,4,20,14,570,24.3
2016,4,20,15,416,23.9
2016,4,20,16,231,23.1
2016,4,20,17,39,21.8
2016,4,20,18,0,21
2016,4,20,19,0,20.7
2016,4,20,20,0,20.5
2016,4,20,21,0,20.3
2016,4,20,22,0,20.1
2016,4,20,23,0,20
2016,4,21,0,0,19.8
2016,4,21,1,0,19.6
2016,4,21,2,0,19.4
2016,4,21,3,0,19.2
2016,4,21,4,0,19
2016,4,21,5,0,18.8
2016,4,21,6,0,18.8
2016,4,21,7,77,19.5
2016,4,21,8,262,20.8
2016,4,21,9,443,22.4
2016,4,21,10,585,23.6
2016,4,21,11,674,24.5
2016,4,21,12,701,25.1
2016,4,21,13,502,25.5
2016,4,21,14,423,25.5
2016,4,21,15,408,25.2
2016,4,21,16,222,24.4
2016,4,21,17,43,22.7
2016,4,21,18,0,21.6
2016,4,21,19,0,21.2
2016,4,21,20,0,21
2016,4,21,21,0,20.9
2016,4,21,22,0,20.7
2016,4,21,23,0,20.4
2016,4,22,0,0,20.2
2016,4,22,1,0,19.9
2016,4,22,2,0,19.5
2016,4,22,3,0,19
2016,4,22,4,0,18.6
2016,4,22,5,0,18.2
2016,4,22,6,0,18
2016,4,22,7,71,18.9
2016,4,22,8,251,20.2
2016,4,22,9,424,22.4
2016,4,22,10,438,23.8
2016,4,22,11,535,24.1
2016,4,22,12,657,24.1
2016,4,22,13,369,23.6
2016,4,22,14,457,22.8
2016,4,22,15,16,21.7
2016,4,22,16,9,20.6
2016,4,22,17,4,19.8
2016,4,22,18,0,19.6
2016,4,22,19,0,19.5
2016,4,22,20,0,19.5
2016,4,22,21,0,19.5
2016,4,22,22,0,19.5
2016,4,22,23,0,19.4
2016,4,23,0,0,19.4
2016,4,23,1,0,19.4
2016,4,23,2,0,19.5
2016,4,23,3,0,19.5
2016,4,23,4,0,19.3
2016,4,23,5,0,19.2
2016,4,23,6,0,19
2016,4,23,7,5,19.3
2016,4,23,8,51,19.6
2016,4,23,9,435,20.2
2016,4,23,10,121,20.7
2016,4,23,11,186,20.8
2016,4,23,12,210,20.8
2016,4,23,13,236,20.6
2016,4,23,14,102,20.6
2016,4,23,15,147,20.4
2016,4,23,16,212,20
2016,4,23,17,15,19.2
2016,4,23,18,0,18.9
2016,4,23,19,0,19
2016,4,23,20,0,18.9
2016,4,23,21,0,19
2016,4,23,22,0,18.9
2016,4,23,23,0,18.7
2016,4,24,0,0,18.7
2016,4,24,1,0,18.8
2016,4,24,2,0,19
2016,4,24,3,0,19
2016,4,24,4,0,19
2016,4,24,5,0,19.1
2016,4,24,6,0,19.2
2016,4,24,7,69,19.7
2016,4,24,8,254,20.3
2016,4,24,9,437,20.7
2016,4,24,10,264,21.1
2016,4,24,11,670,21.4
2016,4,24,12,696,21.5
2016,4,24,13,658,21.3
2016,4,24,14,556,21
2016,4,24,15,403,20.6
2016,4,24,16,218,20.1
2016,4,24,17,38,19.2
2016,4,24,18,0,18.8
2016,4,24,19,0,18.6
2016,4,24,20,0,18.4
2016,4,24,21,0,18.3
2016,4,24,22,0,18.3
2016,4,24,23,0,18.2
2016,4,25,0,0,18.2
2016,4,25,1,0,18
2016,4,25,2,0,18
2016,4,25,3,0,18
2016,4,25,4,0,18
2016,4,25,5,0,18.1
2016,4,25,6,0,18.1
2016,4,25,7,73,18.8
2016,4,25,8,262,19.9
2016,4,25,9,443,20.6
2016,4,25,10,583,21.2
2016,4,25,11,671,21.7
2016,4,25,12,699,22
2016,4,25,13,661,22.1
2016,4,25,14,560,22
2016,4,25,15,407,21.7
2016,4,25,16,219,21.1
2016,4,25,17,38,19.9
2016,4,25,18,0,19.3
2016,4,25,19,0,19.1
2016,4,25,20,0,18.9
2016,4,25,21,0,18.7
2016,4,25,22,0,18.6
2016,4,25,23,0,18.7
2016,4,26,0,0,18.8
2016,4,26,1,0,18.8
2016,4,26,2,0,18.8
2016,4,26,3,0,18.5
2016,4,26,4,0,18.3
2016,4,26,5,0,18
2016,4,26,6,0,17.8
2016,4,26,7,73,18.3
2016,4,26,8,262,19.7
2016,4,26,9,443,21.2
2016,4,26,10,583,22
2016,4,26,11,671,22.6
2016,4,26,12,696,22.9
2016,4,26,13,656,23.1
2016,4,26,14,555,23
2016,4,26,15,400,22.8
2016,4,26,16,214,22.3
2016,4,26,17,35,21.1
2016,4,26,18,0,20.5
2016,4,26,19,0,20.2
2016,4,26,20,0,20
2016,4,26,21,0,19.9
2016,4,26,22,0,19.6
2016,4,26,23,0,19.4
2016,4,27,0,0,19
2016,4,27,1,0,18.6
2016,4,27,2,0,18.2
2016,4,27,3,0,17.7
2016,4,27,4,0,17.4
2016,4,27,5,0,17.1
2016,4,27,6,0,16.9
2016,4,27,7,69,17.4
2016,4,27,8,255,18.8
2016,4,27,9,435,20.7
2016,4,27,10,576,22.2
2016,4,27,11,663,23.2
2016,4,27,12,687,23.7
2016,4,27,13,651,23.9
2016,4,27,14,546,23.9
2016,4,27,15,392,23.6
2016,4,27,16,205,22.9
2016,4,27,17,31,21.6
2016,4,27,18,0,20.8
2016,4,27,19,0,20.5
2016,4,27,20,0,20.3
2016,4,27,21,0,20.1
2016,4,27,22,0,19.9
2016,4,27,23,0,19.5
2016,4,28,0,0,19.2
2016,4,28,1,0,18.7
2016,4,28,2,0,18.4
2016,4,28,3,0,18.1
2016,4,28,4,0,17.9
2016,4,28,5,0,17.5
2016,4,28,6,0,17.3
2016,4,28,7,45,17.7
2016,4,28,8,244,19.1
2016,4,28,9,199,20.9
2016,4,28,10,373,22.4
2016,4,28,11,488,23.5
2016,4,28,12,661,24.1
2016,4,28,13,638,24.6
2016,4,28,14,537,24.8
2016,4,28,15,384,24.6
2016,4,28,16,199,23.8
2016,4,28,17,28,22.2
2016,4,28,18,0,21.2
2016,4,28,19,0,20.8
2016,4,28,20,0,20.6
2016,4,28,21,0,20.5
2016,4,28,22,0,20.5
2016,4,28,23,0,20.4
2016,4,29,0,0,20.3
2016,4,29,1,0,20
2016,4,29,2,0,19.7
2016,4,29,3,0,19.3
2016,4,29,4,0,18.8
2016,4,29,5,0,18.6
2016,4,29,6,0,18.6
2016,4,29,7,60,19.2
2016,4,29,8,184,20.3
2016,4,29,9,413,21.8
2016,4,29,10,485,23.1
2016,4,29,11,320,24.2
2016,4,29,12,469,24.9
2016,4,29,13,449,25.4
2016,4,29,14,130,25.4
2016,4,29,15,202,25.2
2016,4,29,16,84,24.2
2016,4,29,17,12,22.8
2016,4,29,18,0,22.2
2016,4,29,19,0,21.8
2016,4,29,20,0,21.7
2016,4,29,21,0,21.6
2016,4,29,22,0,21.5
2016,4,29,23,0,21.4
2016,4,30,0,0,21.2
2016,4,30,1,0,21.2
2016,4,30,2,0,21.1
2016,4,30,3,0,20.9
2016,4,30,4,0,20.6
2016,4,30,5,0,20.3
2016,4,30,6,0,20.4
2016,4,30,7,23,20.4
2016,4,30,8,81,20.9
2016,4,30,9,102,21.7
2016,4,30,10,216,21.9
2016,4,30,11,265,21.9
2016,4,30,12,534,22.1
2016,4,30,13,453,22.8
2016,4,30,14,346,23.3
2016,4,30,15,348,23.5
2016,4,30,16,174,23.2
2016,4,30,17,14,22.5
2016,4,30,18,0,22.1
2016,4,30,19,0,21.8
2016,4,30,20,0,21.3
2016,4,30,21,0,20.9
2016,4,30,22,0,20.5
2016,4,30,23,0,20.2
2016,5,1,0,0,19.9
2016,5,1,1,0,19.6
2016,5,1,2,0,19.2
2016,5,1,3,0,18.7
2016,5,1,4,0,18.6
2016,5,1,5,0,18.8
2016,5,1,6,0,19
2016,5,1,7,13,19.4
2016,5,1,8,22,20
2016,5,1,9,62,20.6
2016,5,1,10,171,21.6
2016,5,1,11,392,22.8
2016,5,1,12,418,24.2
2016,5,1,13,609,25.2
2016,5,1,14,510,25.9
2016,5,1,15,363,26
2016,5,1,16,156,25.4
2016,5,1,17,18,24.1
2016,5,1,18,0,23.4
2016,5,1,19,0,22.7
2016,5,1,20,0,21.7
2016,5,1,21,0,20.6
2016,5,1,22,0,19.7
2016,5,1,23,0,18.7
2016,5,2,0,0,17.9
2016,5,2,1,0,17.2
2016,5,2,2,0,16.7
2016,5,2,3,0,16.3
2016,5,2,4,0,16
2016,5,2,5,0,15.8
2016,5,2,6,0,15.5
2016,5,2,7,61,16
2016,5,2,8,247,17.1
2016,5,2,9,427,18
2016,5,2,10,568,19.1
2016,5,2,11,651,20.4
2016,5,2,12,673,21.9
2016,5,2,13,388,22.8
2016,5,2,14,345,23.1
2016,5,2,15,132,22.7
2016,5,2,16,73,21.9
2016,5,2,17,9,21.4
2016,5,2,18,0,20.8
2016,5,2,19,0,20.1
2016,5,2,20,0,19.5
2016,5,2,21,0,19.2
2016,5,2,22,0,18.8
2016,5,2,23,0,18.3
2016,5,3,0,0,17.5
2016,5,3,1,0,16.9
2016,5,3,2,0,16.6
2016,5,3,3,0,16.3
2016,5,3,4,0,15.9
2016,5,3,5,0,15.5
2016,5,3,6,0,15.2
2016,5,3,7,58,15.8
2016,5,3,8,240,17.1
2016,5,3,9,419,18.9
2016,5,3,10,561,20.3
2016,5,3,11,646,21.5
2016,5,3,12,670,22.7
2016,5,3,13,627,23.6
2016,5,3,14,524,24
2016,5,3,15,372,23.9
2016,5,3,16,189,23.1
2016,5,3,17,21,21.9
2016,5,3,18,0,21.2
2016,5,3,19,0,20.3
2016,5,3,20,0,19.5
2016,5,3,21,0,18.8
2016,5,3,22,0,18.3
2016,5,3,23,0,17.8
2016,5,4,0,0,17.5
2016,5,4,1,0,17.2
2016,5,4,2,0,16.9
2016,5,4,3,0,16.6
2016,5,4,4,0,16.4
2016,5,4,5,0,16.3
2016,5,4,6,0,16.2
2016,5,4,7,53,17
2016,5,4,8,231,18.4
2016,5,4,9,404,20.7
2016,5,4,10,541,21.8
2016,5,4,11,625,22.5
2016,5,4,12,647,23.1
2016,5,4,13,605,23.4
2016,5,4,14,505,23.4
2016,5,4,15,355,22.9
2016,5,4,16,174,21.9
2016,5,4,17,17,20.4
2016,5,4,18,0,19.6
2016,5,4,19,0,19.3
2016,5,4,20,0,19.1
2016,5,4,21,0,19.1
2016,5,4,22,0,18.9
2016,5,4,23,0,18.4
2016,5,5,0,0,17.8
2016,5,5,1,0,17.3
2016,5,5,2,0,16.9
2016,5,5,3,0,16.3
2016,5,5,4,0,15.8
2016,5,5,5,0,15.3
2016,5,5,6,0,14.7
2016,5,5,7,48,15.1
2016,5,5,8,222,16.2
2016,5,5,9,396,18.5
2016,5,5,10,539,20.2
2016,5,5,11,624,21.3
2016,5,5,12,648,22.1
2016,5,5,13,609,22.6
2016,5,5,14,506,22.9
2016,5,5,15,355,22.8
2016,5,5,16,174,21.9
2016,5,5,17,16,20.2
2016,5,5,18,0,19.2
2016,5,5,19,0,18.8
2016,5,5,20,0,18.6
2016,5,5,21,0,18.4
2016,5,5,22,0,18.2
2016,5,5,23,0,17.8
2016,5,6,0,0,17.3
2016,5,6,1,0,16.9
2016,5,6,2,0,16.7
2016,5,6,3,0,16.5
2016,5,6,4,0,16.3
2016,5,6,5,0,16.2
2016,5,6,6,0,16
2016,5,6,7,32,16.3
2016,5,6,8,221,17
2016,5,6,9,395,18.2
2016,5,6,10,531,20.5
2016,5,6,11,615,22
2016,5,6,12,637,22.9
2016,5,6,13,604,23.4
2016,5,6,14,503,23.4
2016,5,6,15,354,22.9
2016,5,6,16,173,21.8
2016,5,6,17,15,20.1
2016,5,6,18,0,19.3
2016,5,6,19,0,19.1
2016,5,6,20,0,19.1
2016,5,6,21,0,19.2
2016,5,6,22,0,18.9
2016,5,6,23,0,18.6
2016,5,7,0,0,18.2
2016,5,7,1,0,17.9
2016,5,7,2,0,17.7
2016,5,7,3,0,17.8
2016,5,7,4,0,17.8
2016,5,7,5,0,17.8
2016,5,7,6,0,17.9
2016,5,7,7,47,18
2016,5,7,8,222,18.6
2016,5,7,9,396,20
2016,5,7,10,531,21.5
2016,5,7,11,612,22.7
2016,5,7,12,635,23.4
2016,5,7,13,501,23.6
2016,5,7,14,490,23.5
2016,5,7,15,302,23.1
2016,5,7,16,129,22
2016,5,7,17,13,20.6
2016,5,7,18,0,20
2016,5,7,19,0,19.6
2016,5,7,20,0,19.5
2016,5,7,21,0,19.5
2016,5,7,22,0,19.4
2016,5,7,23,0,19.2
2016,5,8,0,0,19.1
2016,5,8,1,0,19
2016,5,8,2,0,18.9
2016,5,8,3,0,18.8
2016,5,8,4,0,18.7
2016,5,8,5,0,18.8
2016,5,8,6,0,18.8
2016,5,8,7,22,18.9
2016,5,8,8,106,19.4
2016,5,8,9,48,20
2016,5,8,10,81,20.7
2016,5,8,11,219,21.3
2016,5,8,12,154,21.7
2016,5,8,13,212,21.9
2016,5,8,14,180,21.9
2016,5,8,15,67,21.7
2016,5,8,16,72,20.9
2016,5,8,17,10,20.1
2016,5,8,18,0,19.6
2016,5,8,19,0,19.4
2016,5,8,20,0,19.2
2016,5,8,21,0,19.1
2016,5,8,22,0,19.1
2016,5,8,23,0,19.1
2016,5,9,0,0,19.1
2016,5,9,1,0,19.1
2016,5,9,2,0,19.2
2016,5,9,3,0,19.3
2016,5,9,4,0,19.2
2016,5,9,5,0,19
2016,5,9,6,0,18.8
2016,5,9,7,11,18.7
2016,5,9,8,45,18.9
2016,5,9,9,48,19.1
2016,5,9,10,144,19.7
2016,5,9,11,124,20.7
2016,5,9,12,34,21.7
2016,5,9,13,152,22.3
2016,5,9,14,108,22.5
2016,5,9,15,94,22.5
2016,5,9,16,38,22.5
2016,5,9,17,0,22.2
2016,5,9,18,0,21.7
2016,5,9,19,0,21.3
2016,5,9,20,0,21
2016,5,9,21,0,20.6
2016,5,9,22,0,20.2
2016,5,9,23,0,19.8
2016,5,10,0,0,19.5
2016,5,10,1,0,19.3
2016,5,10,2,0,19.1
2016,5,10,3,0,18.7
2016,5,10,4,0,18.4
2016,5,10,5,0,18.2
2016,5,10,6,0,18.1
2016,5,10,7,35,18.6
2016,5,10,8,198,19.5
2016,5,10,9,368,20.3
2016,5,10,10,512,21.3
2016,5,10,11,594,22.2
2016,5,10,12,617,22.8
2016,5,10,13,579,23.1
2016,5,10,14,479,23.1
2016,5,10,15,331,22.6
2016,5,10,16,155,21.8
2016,5,10,17,0,20.5
2016,5,10,18,0,19.8
2016,5,10,19,0,19.3
2016,5,10,20,0,18.9
2016,5,10,21,0,18.4
2016,5,10,22,0,17.9
2016,5,10,23,0,17.5
2016,5,11,0,0,16.9
2016,5,11,1,0,16.4
2016,5,11,2,0,15.9
2016,5,11,3,0,15.5
2016,5,11,4,0,15.1
2016,5,11,5,0,14.8
2016,5,11,6,0,14.5
2016,5,11,7,42,14.9
2016,5,11,8,219,16
2016,5,11,9,394,16.9
2016,5,11,10,530,17.9
2016,5,11,11,614,19.1
2016,5,11,12,634,20.4
2016,5,11,13,395,21.2
2016,5,11,14,345,21.4
2016,5,11,15,233,21.1
2016,5,11,16,86,20.1
2016,5,11,17,0,18.7
2016,5,11,18,0,17.7
2016,5,11,19,0,16.8
2016,5,11,20,0,16.2
2016,5,11,21,0,15.7
2016,5,11,22,0,15.5
2016,5,11,23,0,15.4
2016,5,12,0,0,15.3
2016,5,12,1,0,15.3
2016,5,12,2,0,15.3
2016,5,12,3,0,15.4
2016,5,12,4,0,15.4
2016,5,12,5,0,15.4
2016,5,12,6,0,15.4
2016,5,12,7,16,16.2
2016,5,12,8,206,17.8
2016,5,12,9,375,19.1
2016,5,12,10,508,20.4
2016,5,12,11,587,21.5
2016,5,12,12,608,22.4
2016,5,12,13,489,22.8
2016,5,12,14,471,22.9
2016,5,12,15,327,22.6
2016,5,12,16,133,21.8
2016,5,12,17,0,20.6
2016,5,12,18,0,19.9
2016,5,12,19,0,19.2
2016,5,12,20,0,18.6
2016,5,12,21,0,18.1
2016,5,12,22,0,17.7
2016,5,12,23,0,17.3
2016,5,13,0,0,17.1
2016,5,13,1,0,17
2016,5,13,2,0,16.8
2016,5,13,3,0,16.7
2016,5,13,4,0,16.6
2016,5,13,5,0,16.5
2016,5,13,6,0,16.5
2016,5,13,7,37,16.8
2016,5,13,8,207,18.3
2016,5,13,9,379,19.7
2016,5,13,10,515,21
2016,5,13,11,598,22.1
2016,5,13,12,619,22.9
2016,5,13,13,580,23.3
2016,5,13,14,478,23.5
2016,5,13,15,329,23.4
2016,5,13,16,151,22.3
2016,5,13,17,0,21
2016,5,13,18,0,20.5
2016,5,13,19,0,20.3
2016,5,13,20,0,19.9
2016,5,13,21,0,19
2016,5,13,22,0,18
2016,5,13,23,0,17.1
2016,5,14,0,0,16.4
2016,5,14,1,0,16
2016,5,14,2,0,15.6
2016,5,14,3,0,15.4
2016,5,14,4,0,15.1
2016,5,14,5,0,14.8
2016,5,14,6,0,14.5
2016,5,14,7,37,14.9
2016,5,14,8,210,16.2
2016,5,14,9,385,18
2016,5,14,10,522,19.9
2016,5,14,11,610,21.4
2016,5,14,12,633,22.8
2016,5,14,13,593,23.9
2016,5,14,14,491,24.1
2016,5,14,15,340,23.8
2016,5,14,16,157,22.4
2016,5,14,17,0,20.7
2016,5,14,18,0,19.8
2016,5,14,19,0,19
2016,5,14,20,0,18.5
2016,5,14,21,0,18
2016,5,14,22,0,17.3
2016,5,14,23,0,16.6
2016,5,15,0,0,15.9
2016,5,15,1,0,15.4
2016,5,15,2,0,15
2016,5,15,3,0,14.6
2016,5,15,4,0,14.4
2016,5,15,5,0,14.3
2016,5,15,6,0,14.2
2016,5,15,7,26,14.9
2016,5,15,8,162,16.6
2016,5,15,9,293,18.6
2016,5,15,10,419,21.3
2016,5,15,11,459,23.6
2016,5,15,12,368,24.4
2016,5,15,13,337,24.9
2016,5,15,14,341,24.9
2016,5,15,15,88,24.5
2016,5,15,16,58,23.3
2016,5,15,17,0,22
2016,5,15,18,0,21.2
2016,5,15,19,0,20.5
2016,5,15,20,0,20
2016,5,15,21,0,19.3
2016,5,15,22,0,18.7
2016,5,15,23,0,18.2
2016,5,16,0,0,17.8
2016,5,16,1,0,17.5
2016,5,16,2,0,17
2016,5,16,3,0,16.5
2016,5,16,4,0,16.2
2016,5,16,5,0,15.8
2016,5,16,6,0,15.4
2016,5,16,7,30,15.5
2016,5,16,8,191,16.6
2016,5,16,9,358,18.9
2016,5,16,10,490,20.8
2016,5,16,11,571,21.9
2016,5,16,12,591,22.6
2016,5,16,13,554,22.9
2016,5,16,14,363,23
2016,5,16,15,305,22.8
2016,5,16,16,69,21.7
2016,5,16,17,0,20.4
2016,5,16,18,0,19.8
2016,5,16,19,0,19.4
2016,5,16,20,0,19.1
2016,5,16,21,0,18.7
2016,5,16,22,0,18.4
2016,5,16,23,0,18
2016,5,17,0,0,17.7
2016,5,17,1,0,17.4
2016,5,17,2,0,17.1
2016,5,17,3,0,16.9
2016,5,17,4,0,16.7
2016,5,17,5,0,16.6
2016,5,17,6,0,16.5
2016,5,17,7,21,17
2016,5,17,8,191,18.5
2016,5,17,9,362,20.5
2016,5,17,10,498,22.8
2016,5,17,11,586,24
2016,5,17,12,608,24.6
2016,5,17,13,567,25
2016,5,17,14,469,25.3
2016,5,17,15,322,25.2
2016,5,17,16,146,23.9
2016,5,17,17,0,22.3
2016,5,17,18,0,21.4
2016,5,17,19,0,21
2016,5,17,20,0,20.4
2016,5,17,21,0,19.6
2016,5,17,22,0,18.6
2016,5,17,23,0,17.8
2016,5,18,0,0,17
2016,5,18,1,0,16.4
2016,5,18,2,0,15.8
2016,5,18,3,0,15.3
2016,5,18,4,0,14.9
2016,5,18,5,0,14.6
2016,5,18,6,0,14.4
2016,5,18,7,14,14.8
2016,5,18,8,88,16.2
2016,5,18,9,209,17.8
2016,5,18,10,392,19.3
2016,5,18,11,365,20.1
2016,5,18,12,447,20.6
2016,5,18,13,454,20.8
2016,5,18,14,327,20.8
2016,5,18,15,237,20.4
2016,5,18,16,102,19.7
2016,5,18,17,0,19
2016,5,18,18,0,18.5
2016,5,18,19,0,18.1
2016,5,18,20,0,17.9
2016,5,18,21,0,17.5
2016,5,18,22,0,16.6
2016,5,18,23,0,15.9
2016,5,19,0,0,15.4
2016,5,19,1,0,15.1
2016,5,19,2,0,14.9
2016,5,19,3,0,14.7
2016,5,19,4,0,14.6
2016,5,19,5,0,14.4
2016,5,19,6,0,14.3
2016,5,19,7,28,14.6
2016,5,19,8,190,15.9
2016,5,19,9,360,17.1
2016,5,19,10,493,18.3
2016,5,19,11,577,19.6
2016,5,19,12,600,20.9
2016,5,19,13,560,21.9
2016,5,19,14,462,22.4
2016,5,19,15,317,22.3
2016,5,19,16,141,21.2
2016,5,19,17,0,19.7
2016,5,19,18,0,18.9
2016,5,19,19,0,18.3
2016,5,19,20,0,17.7
2016,5,19,21,0,17.2
2016,5,19,22,0,16.8
2016,5,19,23,0,16.5
2016,5,20,0,0,16.3
2016,5,20,1,0,16.2
2016,5,20,2,0,16.1
2016,5,20,3,0,16
2016,5,20,4,0,15.9
2016,5,20,5,0,15.9
2016,5,20,6,0,15.8
2016,5,20,7,26,16.2
2016,5,20,8,185,17.7
2016,5,20,9,351,19
2016,5,20,10,482,20
2016,5,20,11,560,20.7
2016,5,20,12,578,21.2
2016,5,20,13,544,21.5
2016,5,20,14,442,21.5
2016,5,20,15,296,21.1
2016,5,20,16,125,20
2016,5,20,17,0,18.6
2016,5,20,18,0,18.1
2016,5,20,19,0,17.7
2016,5,20,20,0,17.6
2016,5,20,21,0,17.6
2016,5,20,22,0,17.7
2016,5,20,23,0,17.6
2016,5,21,0,0,17.4
2016,5,21,1,0,17.3
2016,5,21,2,0,17.3
2016,5,21,3,0,17.3
2016,5,21,4,0,17.2
2016,5,21,5,0,17.3
2016,5,21,6,0,17.4
2016,5,21,7,10,17.6
2016,5,21,8,114,18.2
2016,5,21,9,323,19.3
2016,5,21,10,372,20.3
2016,5,21,11,463,20.9
2016,5,21,12,391,21.3
2016,5,21,13,408,21.4
2016,5,21,14,385,21.3
2016,5,21,15,261,21
2016,5,21,16,95,20.1
2016,5,21,17,0,19.1
2016,5,21,18,0,18.8
2016,5,21,19,0,18.8
2016,5,21,20,0,18.7
2016,5,21,21,0,18.6
2016,5,21,22,0,18.5
2016,5,21,23,0,18.4
2016,5,22,0,0,18.2
2016,5,22,1,0,17.9
2016,5,22,2,0,17.7
2016,5,22,3,0,17.5
2016,5,22,4,0,17.4
2016,5,22,5,0,17.2
2016,5,22,6,0,17
2016,5,22,7,21,17
2016,5,22,8,168,18
2016,5,22,9,330,19.4
2016,5,22,10,458,20.7
2016,5,22,11,536,21.8
2016,5,22,12,555,22.7
2016,5,22,13,528,23.3
2016,5,22,14,431,23.6
2016,5,22,15,287,23.3
2016,5,22,16,31,22
2016,5,22,17,0,20.6
2016,5,22,18,0,20
2016,5,22,19,0,19.6
2016,5,22,20,0,19.3
2016,5,22,21,0,19.1
2016,5,22,22,0,18.8
2016,5,22,23,0,18.5
2016,5,23,0,0,18.4
2016,5,23,1,0,18.4
2016,5,23,2,0,18.4
2016,5,23,3,0,18.3
2016,5,23,4,0,18
2016,5,23,5,0,17.7
2016,5,23,6,0,17.4
2016,5,23,7,19,17.9
2016,5,23,8,43,19.5
2016,5,23,9,323,21.5
2016,5,23,10,297,23.4
2016,5,23,11,523,24
2016,5,23,12,329,23.7
2016,5,23,13,404,23.2
2016,5,23,14,449,22.9
2016,5,23,15,309,22.4
2016,5,23,16,136,21.3
2016,5,23,17,0,19.7
2016,5,23,18,0,18.7
2016,5,23,19,0,17.8
2016,5,23,20,0,17.1
2016,5,23,21,0,16.5
2016,5,23,22,0,16
2016,5,23,23,0,15.7
2016,5,24,0,0,15.4
2016,5,24,1,0,15.2
2016,5,24,2,0,15
2016,5,24,3,0,14.9
2016,5,24,4,0,14.7
2016,5,24,5,0,14.5
2016,5,24,6,0,14.4
2016,5,24,7,22,14.7
2016,5,24,8,181,15.8
2016,5,24,9,347,16.7
2016,5,24,10,477,17.6
2016,5,24,11,559,18.6
2016,5,24,12,579,19.5
2016,5,24,13,542,20.2
2016,5,24,14,446,20.6
2016,5,24,15,301,20.7
2016,5,24,16,129,19.9
2016,5,24,17,0,18.8
2016,5,24,18,0,18.2
2016,5,24,19,0,17.5
2016,5,24,20,0,16.8
2016,5,24,21,0,16.3
2016,5,24,22,0,15.8
2016,5,24,23,0,15.5
2016,5,25,0,0,15.1
2016,5,25,1,0,14.8
2016,5,25,2,0,14.6
2016,5,25,3,0,14.3
2016,5,25,4,0,14
2016,5,25,5,0,13.8
2016,5,25,6,0,13.6
2016,5,25,7,20,13.8
2016,5,25,8,173,15
2016,5,25,9,341,16.1
2016,5,25,10,474,17.2
2016,5,25,11,552,18
2016,5,25,12,570,18.6
2016,5,25,13,531,19.1
2016,5,25,14,428,19.4
2016,5,25,15,170,19.4
2016,5,25,16,111,18.5
2016,5,25,17,0,18
2016,5,25,18,0,17.8
2016,5,25,19,0,17.5
2016,5,25,20,0,17.4
2016,5,25,21,0,17
2016,5,25,22,0,16.7
2016,5,25,23,0,16.5
2016,5,26,0,0,16.3
2016,5,26,1,0,16.2
2016,5,26,2,0,16.3
2016,5,26,3,0,16.2
2016,5,26,4,0,16.1
2016,5,26,5,0,15.7
2016,5,26,6,0,14.7
2016,5,26,7,6,14.3
2016,5,26,8,53,14.5
2016,5,26,9,134,14.6
2016,5,26,10,65,15.7
2016,5,26,11,46,17.3
2016,5,26,12,224,18.9
2016,5,26,13,485,19.2
2016,5,26,14,402,19.3
2016,5,26,15,271,19.7
2016,5,26,16,118,19.1
2016,5,26,17,0,18.1
2016,5,26,18,0,17.4
2016,5,26,19,0,16.7
2016,5,26,20,0,16.2
2016,5,26,21,0,15.9
2016,5,26,22,0,15.6
2016,5,26,23,0,15.1
2016,5,27,0,0,14.7
2016,5,27,1,0,14.3
2016,5,27,2,0,14.1
2016,5,27,3,0,13.8
2016,5,27,4,0,13.6
2016,5,27,5,0,13.5
2016,5,27,6,0,13.4
2016,5,27,7,19,13.6
2016,5,27,8,174,14.3
2016,5,27,9,342,15.1
2016,5,27,10,473,15.9
2016,5,27,11,556,16.7
2016,5,27,12,578,17.3
2016,5,27,13,539,17.5
2016,5,27,14,443,17.6
2016,5,27,15,299,17.3
2016,5,27,16,128,16.7
2016,5,27,17,0,15.8
2016,5,27,18,0,15.2
2016,5,27,19,0,14.7
2016,5,27,20,0,14.3
2016,5,27,21,0,14
2016,5,27,22,0,13.8
2016,5,27,23,0,13.6
2016,5,28,0,0,13.3
2016,5,28,1,0,13.1
2016,5,28,2,0,12.9
2016,5,28,3,0,12.7
2016,5,28,4,0,12.6
2016,5,28,5,0,12.5
2016,5,28,6,0,12.4
2016,5,28,7,5,12.7
2016,5,28,8,94,13.5
2016,5,28,9,183,13.3
2016,5,28,10,95,13.2
2016,5,28,11,204,13.6
2016,5,28,12,187,14.2
2016,5,28,13,212,14.7
2016,5,28,14,259,14.9
2016,5,28,15,171,15
2016,5,28,16,62,14.8
2016,5,28,17,0,14.4
2016,5,28,18,0,14.2
2016,5,28,19,0,13.8
2016,5,28,20,0,13.5
2016,5,28,21,0,13.4
2016,5,28,22,0,13.3
2016,5,28,23,0,13.2
2016,5,29,0,0,13.1
2016,5,29,1,0,13.1
2016,5,29,2,0,12.8
2016,5,29,3,0,12.6
2016,5,29,4,0,12.4
2016,5,29,5,0,12.1
2016,5,29,6,0,11.9
2016,5,29,7,17,12.1
2016,5,29,8,170,13.2
2016,5,29,9,337,14.4
2016,5,29,10,470,15.6
2016,5,29,11,552,16.5
2016,5,29,12,572,17.2
2016,5,29,13,537,17.6
2016,5,29,14,441,17.8
2016,5,29,15,297,17.8
2016,5,29,16,126,17
2016,5,29,17,0,16.2
2016,5,29,18,0,15.8
2016,5,29,19,0,15.2
2016,5,29,20,0,14.1
2016,5,29,21,0,13.2
2016,5,29,22,0,12.6
2016,5,29,23,0,12.2
2016,5,30,0,0,11.9
2016,5,30,1,0,11.9
2016,5,30,2,0,11.8
2016,5,30,3,0,11.7
2016,5,30,4,0,11.5
2016,5,30,5,0,11.4
2016,5,30,6,0,11.2
2016,5,30,7,15,11.5
2016,5,30,8,163,13
2016,5,30,9,328,14.5
2016,5,30,10,463,15.8
2016,5,30,11,545,16.8
2016,5,30,12,569,17.4
2016,5,30,13,532,17.8
2016,5,30,14,436,17.9
2016,5,30,15,293,17.7
2016,5,30,16,123,16.8
2016,5,30,17,0,15.9
2016,5,30,18,0,15.5
2016,5,30,19,0,15.3
2016,5,30,20,0,15.1
2016,5,30,21,0,14.8
2016,5,30,22,0,14.4
2016,5,30,23,0,14.1
2016,5,31,0,0,13.8
2016,5,31,1,0,13.6
2016,5,31,2,0,13.4
2016,5,31,3,0,13.4
2016,5,31,4,0,13.6
2016,5,31,5,0,13.8
2016,5,31,6,0,14
2016,5,31,7,12,14.4
2016,5,31,8,68,15
2016,5,31,9,173,15.9
2016,5,31,10,279,16.7
2016,5,31,11,399,17.2
2016,5,31,12,31,17.5
2016,5,31,13,27,17.5
2016,5,31,14,209,17.4
2016,5,31,15,67,17.2
2016,5,31,16,22,16.7
2016,5,31,17,0,16.3
2016,5,31,18,0,16
2016,5,31,19,0,16
2016,5,31,20,0,16.1
2016,5,31,21,0,16.1
2016,5,31,22,0,16
2016,5,31,23,0,15.9
2016,6,1,0,0,15.9
2016,6,1,1,0,15.8
2016,6,1,2,0,15.8
2016,6,1,3,0,15.7
2016,6,1,4,0,15.7
2016,6,1,5,0,15.7
2016,6,1,6,0,15.8
2016,6,1,7,13,16
2016,6,1,8,81,16.7
2016,6,1,9,203,17
2016,6,1,10,296,17.2
2016,6,1,11,292,17.4
2016,6,1,12,196,17.5
2016,6,1,13,365,17.5
2016,6,1,14,264,17.5
2016,6,1,15,136,17.3
2016,6,1,16,57,16.8
2016,6,1,17,0,16.2
2016,6,1,18,0,16.1
2016,6,1,19,0,16
2016,6,1,20,0,16
2016,6,1,21,0,16.1
2016,6,1,22,0,16
2016,6,1,23,0,15.9
2016,6,2,0,0,15.7
2016,6,2,1,0,15.5
2016,6,2,2,0,15.4
2016,6,2,3,0,15.1
2016,6,2,4,0,14.9
2016,6,2,5,0,14.7
2016,6,2,6,0,14.5
2016,6,2,7,12,14.6
2016,6,2,8,147,15.3
2016,6,2,9,304,16.2
2016,6,2,10,430,16.7
2016,6,2,11,510,17.1
2016,6,2,12,533,17.5
2016,6,2,13,393,17.7
2016,6,2,14,348,17.8
2016,6,2,15,269,17.8
2016,6,2,16,73,17.2
2016,6,2,17,0,16.8
2016,6,2,18,0,16.7
2016,6,2,19,0,16.7
2016,6,2,20,0,16.6
2016,6,2,21,0,16.5
2016,6,2,22,0,16.4
2016,6,2,23,0,16.3
2016,6,3,0,0,16.2
2016,6,3,1,0,16.2
2016,6,3,2,0,16.1
2016,6,3,3,0,16.1
2016,6,3,4,0,16.1
2016,6,3,5,0,16.1
2016,6,3,6,0,16.1
2016,6,3,7,0,16.3
2016,6,3,8,125,17
2016,6,3,9,247,17.9
2016,6,3,10,246,18.4
2016,6,3,11,383,18.7
2016,6,3,12,283,18.8
2016,6,3,13,252,18.8
2016,6,3,14,225,18.9
2016,6,3,15,183,18.8
2016,6,3,16,76,18.3
2016,6,3,17,0,17.8
2016,6,3,18,0,17.6
2016,6,3,19,0,17.6
2016,6,3,20,0,17.6
2016,6,3,21,0,17.8
2016,6,3,22,0,17.9
2016,6,3,23,0,18.1
2016,6,4,0,0,18.3
2016,6,4,1,0,18.5
2016,6,4,2,0,18.6
2016,6,4,3,0,18.6
2016,6,4,4,0,18.7
2016,6,4,5,0,18.5
2016,6,4,6,0,18.2
2016,6,4,7,0,17.9
2016,6,4,8,14,18.2
2016,6,4,9,13,18.4
2016,6,4,10,20,18.6
2016,6,4,11,64,18.6
2016,6,4,12,184,18.6
2016,6,4,13,300,18.8
2016,6,4,14,55,18.9
2016,6,4,15,39,19.1
2016,6,4,16,19,19.1
2016,6,4,17,0,19
2016,6,4,18,0,18.9
2016,6,4,19,0,18.9
2016,6,4,20,0,18.8
2016,6,4,21,0,18.7
2016,6,4,22,0,18.6
2016,6,4,23,0,18.6
2016,6,5,0,0,18.7
2016,6,5,1,0,19
2016,6,5,2,0,19.3
2016,6,5,3,0,19.3
2016,6,5,4,0,19.3
2016,6,5,5,0,19.2
2016,6,5,6,0,19.1
2016,6,5,7,0,19
2016,6,5,8,11,18.9
2016,6,5,9,12,19.1
2016,6,5,10,21,19.3
2016,6,5,11,94,19.2
2016,6,5,12,28,19.1
2016,6,5,13,78,19.1
2016,6,5,14,72,19.2
2016,6,5,15,49,19.2
2016,6,5,16,19,19.1
2016,6,5,17,0,19.1
2016,6,5,18,0,19
2016,6,5,19,0,18.9
2016,6,5,20,0,18.9
2016,6,5,21,0,18.7
2016,6,5,22,0,18.2
2016,6,5,23,0,17.4
2016,6,6,0,0,16.3
2016,6,6,1,0,15.8
2016,6,6,2,0,15.6
2016,6,6,3,0,15.3
2016,6,6,4,0,15.1
2016,6,6,5,0,14.8
2016,6,6,6,0,14.6
2016,6,6,7,0,14.3
2016,6,6,8,44,14.1
2016,6,6,9,90,14.1
2016,6,6,10,220,14.3
2016,6,6,11,239,14.8
2016,6,6,12,67,15.2
2016,6,6,13,55,15.5
2016,6,6,14,43,15.9
2016,6,6,15,98,16
2016,6,6,16,34,15.7
2016,6,6,17,0,15.2
2016,6,6,18,0,14.8
2016,6,6,19,0,14.4
2016,6,6,20,0,14.2
2016,6,6,21,0,14
2016,6,6,22,0,13.9
2016,6,6,23,0,13.8
2016,6,7,0,0,13.7
2016,6,7,1,0,13.7
2016,6,7,2,0,13.6
2016,6,7,3,0,13.6
2016,6,7,4,0,13.5
2016,6,7,5,0,13.5
2016,6,7,6,0,13.5
2016,6,7,7,0,13.8
2016,6,7,8,50,14.7
2016,6,7,9,126,15.5
2016,6,7,10,436,16.2
2016,6,7,11,515,16.8
2016,6,7,12,291,17.2
2016,6,7,13,219,17.5
2016,6,7,14,98,17.5
2016,6,7,15,50,17.1
2016,6,7,16,15,16.2
2016,6,7,17,0,15.6
2016,6,7,18,0,15.2
2016,6,7,19,0,14.8
2016,6,7,20,0,14.3
2016,6,7,21,0,14
2016,6,7,22,0,13.9
2016,6,7,23,0,13.9
2016,6,8,0,0,14.1
2016,6,8,1,0,14.3
2016,6,8,2,0,14.3
2016,6,8,3,0,14.4
2016,6,8,4,0,14.3
2016,6,8,5,0,14.1
2016,6,8,6,0,14
2016,6,8,7,0,14.2
2016,6,8,8,145,15.2
2016,6,8,9,306,16
2016,6,8,10,432,16.8
2016,6,8,11,510,17.5
2016,6,8,12,532,18.1
2016,6,8,13,496,18.5
2016,6,8,14,403,18.8
2016,6,8,15,268,18.8
2016,6,8,16,77,18.1
2016,6,8,17,0,17.6
2016,6,8,18,0,17.3
2016,6,8,19,0,16.9
2016,6,8,20,0,16.4
2016,6,8,21,0,15.9
2016,6,8,22,0,15.4
2016,6,8,23,0,15
2016,6,9,0,0,14.8
2016,6,9,1,0,14.8
2016,6,9,2,0,14.9
2016,6,9,3,0,14.9
2016,6,9,4,0,15.2
2016,6,9,5,0,15.4
2016,6,9,6,0,15.5
2016,6,9,7,0,15.7
2016,6,9,8,6,16.4
2016,6,9,9,88,17.3
2016,6,9,10,226,18.4
2016,6,9,11,488,19.1
2016,6,9,12,521,19.6
2016,6,9,13,498,19.9
2016,6,9,14,408,20
2016,6,9,15,268,19.7
2016,6,9,16,105,19
2016,6,9,17,0,18.5
2016,6,9,18,0,18.1
2016,6,9,19,0,17.7
2016,6,9,20,0,17.3
2016,6,9,21,0,17
2016,6,9,22,0,16.6
2016,6,9,23,0,16.2
2016,6,10,0,0,15.9
2016,6,10,1,0,15.6
2016,6,10,2,0,15.4
2016,6,10,3,0,15.1
2016,6,10,4,0,14.9
2016,6,10,5,0,14.9
2016,6,10,6,0,14.7
2016,6,10,7,0,14.8
2016,6,10,8,140,15.7
2016,6,10,9,300,16.6
2016,6,10,10,428,17.5
2016,6,10,11,508,18.1
2016,6,10,12,533,18.5
2016,6,10,13,501,18.9
2016,6,10,14,409,19.1
2016,6,10,15,271,19.1
2016,6,10,16,109,18.4
2016,6,10,17,0,17.8
2016,6,10,18,0,17.2
2016,6,10,19,0,16.5
2016,6,10,20,0,15.8
2016,6,10,21,0,15
2016,6,10,22,0,14.4
2016,6,10,23,0,13.9
2016,6,11,0,0,13.5
2016,6,11,1,0,13.1
2016,6,11,2,0,12.9
2016,6,11,3,0,12.7
2016,6,11,4,0,12.6
2016,6,11,5,0,12.5
2016,6,11,6,0,12.4
2016,6,11,7,0,12.6
2016,6,11,8,143,13.8
2016,6,11,9,304,15
2016,6,11,10,430,16.3
2016,6,11,11,511,17.3
2016,6,11,12,533,18
2016,6,11,13,500,18.4
2016,6,11,14,411,18.6
2016,6,11,15,253,18.2
2016,6,11,16,102,17.2
2016,6,11,17,0,16.4
2016,6,11,18,0,15.8
2016,6,11,19,0,15.3
2016,6,11,20,0,14.8
2016,6,11,21,0,14.5
2016,6,11,22,0,14.5
2016,6,11,23,0,14.3
2016,6,12,0,0,14.1
2016,6,12,1,0,14
2016,6,12,2,0,13.7
2016,6,12,3,0,13.3
2016,6,12,4,0,12.9
2016,6,12,5,0,12.7
2016,6,12,6,0,12.4
2016,6,12,7,0,12.6
2016,6,12,8,100,13.6
2016,6,12,9,104,14.5
2016,6,12,10,287,15.2
2016,6,12,11,503,15.6
2016,6,12,12,527,16
2016,6,12,13,498,16.3
2016,6,12,14,408,16.4
2016,6,12,15,271,16.3
2016,6,12,16,110,15.8
2016,6,12,17,0,15.6
2016,6,12,18,0,15.9
2016,6,12,19,0,15.9
2016,6,12,20,0,15.7
2016,6,12,21,0,15.4
2016,6,12,22,0,15.3
2016,6,12,23,0,15.3
2016,6,13,0,0,15.2
2016,6,13,1,0,15.1
2016,6,13,2,0,15.1
2016,6,13,3,0,15
2016,6,13,4,0,14.8
2016,6,13,5,0,14.5
2016,6,13,6,0,14.3
2016,6,13,7,0,14.3
2016,6,13,8,137,15.1
2016,6,13,9,296,15.9
2016,6,13,10,326,16.5
2016,6,13,11,237,17
2016,6,13,12,349,17.5
2016,6,13,13,493,17.8
2016,6,13,14,403,18.1
2016,6,13,15,268,18.1
2016,6,13,16,109,17.7
2016,6,13,17,0,17.3
2016,6,13,18,0,17.1
2016,6,13,19,0,17
2016,6,13,20,0,16.7
2016,6,13,21,0,16.4
2016,6,13,22,0,16
2016,6,13,23,0,15.6
2016,6,14,0,0,15.2
2016,6,14,1,0,14.8
2016,6,14,2,0,14.3
2016,6,14,3,0,13.8
2016,6,14,4,0,13.4
2016,6,14,5,0,12.9
2016,6,14,6,0,12.5
2016,6,14,7,0,12.6
2016,6,14,8,136,13.7
2016,6,14,9,296,14.9
2016,6,14,10,427,16.2
2016,6,14,11,509,17.4
2016,6,14,12,535,18.3
2016,6,14,13,501,19
2016,6,14,14,412,19.4
2016,6,14,15,275,19.4
2016,6,14,16,112,19.2
2016,6,14,17,0,18.7
2016,6,14,18,0,18.1
2016,6,14,19,0,17.2
2016,6,14,20,0,16.3
2016,6,14,21,0,15.6
2016,6,14,22,0,15.1
2016,6,14,23,0,14.9
2016,6,15,0,0,14.7
2016,6,15,1,0,14.5
2016,6,15,2,0,14.6
2016,6,15,3,0,14.6
2016,6,15,4,0,14.6
2016,6,15,5,0,14.6
2016,6,15,6,0,14.5
2016,6,15,7,0,14.6
2016,6,15,8,132,15.7
2016,6,15,9,291,16.7
2016,6,15,10,240,17.7
2016,6,15,11,276,18.6
2016,6,15,12,393,18.9
2016,6,15,13,499,19
2016,6,15,14,409,18.9
2016,6,15,15,271,18.7
2016,6,15,16,110,18
2016,6,15,17,0,17.5
2016,6,15,18,0,17.3
2016,6,15,19,0,17.1
2016,6,15,20,0,16.8
2016,6,15,21,0,16.5
2016,6,15,22,0,16
2016,6,15,23,0,15.3
2016,6,16,0,0,14.6
2016,6,16,1,0,13.9
2016,6,16,2,0,13.3
2016,6,16,3,0,12.8
2016,6,16,4,0,12.2
2016,6,16,5,0,11.8
2016,6,16,6,0,11.4
2016,6,16,7,0,11.4
2016,6,16,8,132,12.5
2016,6,16,9,291,13.8
2016,6,16,10,421,15.4
2016,6,16,11,502,16.8
2016,6,16,12,527,17.9
2016,6,16,13,502,18.6
2016,6,16,14,409,19
2016,6,16,15,272,19
2016,6,16,16,110,18.3
2016,6,16,17,0,17.9
2016,6,16,18,0,17.7
2016,6,16,19,0,17.1
2016,6,16,20,0,16.3
2016,6,16,21,0,15.5
2016,6,16,22,0,14.8
2016,6,16,23,0,14.2
2016,6,17,0,0,13.6
2016,6,17,1,0,13.3
2016,6,17,2,0,13
2016,6,17,3,0,12.8
2016,6,17,4,0,12.6
2016,6,17,5,0,12.6
2016,6,17,6,0,12.7
2016,6,17,7,0,13.1
2016,6,17,8,70,14.3
2016,6,17,9,173,15.7
2016,6,17,10,146,17.3
2016,6,17,11,26,18.5
2016,6,17,12,391,19.4
2016,6,17,13,158,19.7
2016,6,17,14,286,19.7
2016,6,17,15,83,19.3
2016,6,17,16,32,18.8
2016,6,17,17,0,18.2
2016,6,17,18,0,17.7
2016,6,17,19,0,17.4
2016,6,17,20,0,17.3
2016,6,17,21,0,17.2
2016,6,17,22,0,17.1
2016,6,17,23,0,16.8
2016,6,18,0,0,16.6
2016,6,18,1,0,16.2
2016,6,18,2,0,15.9
2016,6,18,3,0,15.8
2016,6,18,4,0,15.7
2016,6,18,5,0,15.7
2016,6,18,6,0,15.7
2016,6,18,7,0,15.6
2016,6,18,8,22,15.9
2016,6,18,9,43,16.5
2016,6,18,10,158,17.3
2016,6,18,11,390,18.3
2016,6,18,12,336,19.1
2016,6,18,13,309,19.6
2016,6,18,14,296,19.8
2016,6,18,15,219,19.5
2016,6,18,16,84,18.5
2016,6,18,17,0,17.8
2016,6,18,18,0,17.5
2016,6,18,19,0,17.2
2016,6,18,20,0,17
2016,6,18,21,0,16.9
2016,6,18,22,0,16.7
2016,6,18,23,0,16.6
2016,6,19,0,0,16.6
2016,6,19,1,0,16.6
2016,6,19,2,0,16.6
2016,6,19,3,0,16.7
2016,6,19,4,0,16.7
2016,6,19,5,0,16.9
2016,6,19,6,0,17
2016,6,19,7,0,17.1
2016,6,19,8,34,17.6
2016,6,19,9,60,18
2016,6,19,10,31,18
2016,6,19,11,73,17.9
2016,6,19,12,49,17.8
2016,6,19,13,47,17.9
2016,6,19,14,28,17.9
2016,6,19,15,26,17.9
2016,6,19,16,28,18
2016,6,19,17,0,18.5
2016,6,19,18,0,19.2
2016,6,19,19,0,19.7
2016,6,19,20,0,19.7
2016,6,19,21,0,19.5
2016,6,19,22,0,19.3
2016,6,19,23,0,19.2
2016,6,20,0,0,19.3
2016,6,20,1,0,19.1
2016,6,20,2,0,18.3
2016,6,20,3,0,17.8
2016,6,20,4,0,17.4
2016,6,20,5,0,16.8
2016,6,20,6,0,16.4
2016,6,20,7,0,16.1
2016,6,20,8,58,15.9
2016,6,20,9,226,16
2016,6,20,10,161,16.2
2016,6,20,11,353,16.8
2016,6,20,12,522,17.2
2016,6,20,13,346,17.3
2016,6,20,14,269,17.2
2016,6,20,15,221,16.8
2016,6,20,16,14,16.2
2016,6,20,17,0,15.6
2016,6,20,18,0,15.3
2016,6,20,19,0,15.2
2016,6,20,20,0,15.4
2016,6,20,21,0,15.6
2016,6,20,22,0,15.9
2016,6,20,23,0,16.1
2016,6,21,0,0,16
2016,6,21,1,0,15.9
2016,6,21,2,0,15.8
2016,6,21,3,0,15.7
2016,6,21,4,0,15.5
2016,6,21,5,0,15.3
2016,6,21,6,0,15.1
2016,6,21,7,0,15.2
2016,6,21,8,50,15.8
2016,6,21,9,140,16.2
2016,6,21,10,141,16.3
2016,6,21,11,498,16.6
2016,6,21,12,376,16.7
2016,6,21,13,331,16.5
2016,6,21,14,309,16.4
2016,6,21,15,203,16.1
2016,6,21,16,66,15.3
2016,6,21,17,0,14.6
2016,6,21,18,0,14.2
2016,6,21,19,0,13.9
2016,6,21,20,0,13.7
2016,6,21,21,0,13.6
2016,6,21,22,0,13.4
2016,6,21,23,0,13.4
2016,6,22,0,0,13.4
2016,6,22,1,0,13.5
2016,6,22,2,0,13.6
2016,6,22,3,0,13.5
2016,6,22,4,0,13.6
2016,6,22,5,0,13.6
2016,6,22,6,0,13.5
2016,6,22,7,0,13.5
2016,6,22,8,126,14.4
2016,6,22,9,288,15.3
2016,6,22,10,418,16.1
2016,6,22,11,278,16.7
2016,6,22,12,530,17.1
2016,6,22,13,504,17.4
2016,6,22,14,418,17.4
2016,6,22,15,282,17
2016,6,22,16,118,16.1
2016,6,22,17,0,15.3
2016,6,22,18,0,14.8
2016,6,22,19,0,14.2
2016,6,22,20,0,13.7
2016,6,22,21,0,13.4
2016,6,22,22,0,13.1
2016,6,22,23,0,12.9
2016,6,23,0,0,12.6
2016,6,23,1,0,12.3
2016,6,23,2,0,12.1
2016,6,23,3,0,12.1
2016,6,23,4,0,12.1
2016,6,23,5,0,11.8
2016,6,23,6,0,11.7
2016,6,23,7,0,11.8
2016,6,23,8,94,12.8
2016,6,23,9,223,13.6
2016,6,23,10,429,14.4
2016,6,23,11,513,15.2
2016,6,23,12,540,15.8
2016,6,23,13,504,16.2
2016,6,23,14,413,16.5
2016,6,23,15,212,16.6
2016,6,23,16,54,15.9
2016,6,23,17,0,15.2
2016,6,23,18,0,14.9
2016,6,23,19,0,14.5
2016,6,23,20,0,14.1
2016,6,23,21,0,13.7
2016,6,23,22,0,13.5
2016,6,23,23,0,13.3
2016,6,24,0,0,13.1
2016,6,24,1,0,13.1
2016,6,24,2,0,13
2016,6,24,3,0,13
2016,6,24,4,0,12.9
2016,6,24,5,0,12.8
2016,6,24,6,0,12.8
2016,6,24,7,0,12.9
2016,6,24,8,125,13.9
2016,6,24,9,57,14.7
2016,6,24,10,315,15.1
2016,6,24,11,257,15.3
2016,6,24,12,287,15.4
2016,6,24,13,496,15.3
2016,6,24,14,295,15
2016,6,24,15,280,14.2
2016,6,24,16,93,13
2016,6,24,17,0,12.2
2016,6,24,18,0,11.7
2016,6,24,19,0,11.4
2016,6,24,20,0,11.1
2016,6,24,21,0,10.8
2016,6,24,22,0,10.6
2016,6,24,23,0,10.4
2016,6,25,0,0,10.2
2016,6,25,1,0,10
2016,6,25,2,0,9.8
2016,6,25,3,0,9.6
2016,6,25,4,0,9.5
2016,6,25,5,0,9.2
2016,6,25,6,0,9.1
2016,6,25,7,0,9.2
2016,6,25,8,133,10.1
2016,6,25,9,297,11
2016,6,25,10,428,12
2016,6,25,11,513,12.8
2016,6,25,12,540,13.4
2016,6,25,13,509,13.8
2016,6,25,14,417,14
2016,6,25,15,281,13.9
2016,6,25,16,86,13.1
2016,6,25,17,0,12.4
2016,6,25,18,0,12.2
2016,6,25,19,0,11.9
2016,6,25,20,0,11.5
2016,6,25,21,0,10.8
2016,6,25,22,0,10.2
2016,6,25,23,0,9.9
2016,6,26,0,0,9.8
2016,6,26,1,0,9.5
2016,6,26,2,0,9.3
2016,6,26,3,0,9.3
2016,6,26,4,0,9.2
2016,6,26,5,0,9.1
2016,6,26,6,0,9.1
2016,6,26,7,0,9.3
2016,6,26,8,94,10.2
2016,6,26,9,234,11.3
2016,6,26,10,419,12.4
2016,6,26,11,430,13.2
2016,6,26,12,421,13.7
2016,6,26,13,266,13.9
2016,6,26,14,340,14
2016,6,26,15,177,13.8
2016,6,26,16,69,13.4
2016,6,26,17,0,13
2016,6,26,18,0,12.8
2016,6,26,19,0,12.7
2016,6,26,20,0,12.3
2016,6,26,21,0,12
2016,6,26,22,0,11.8
2016,6,26,23,0,11.6
2016,6,27,0,0,11.4
2016,6,27,1,0,11.2
2016,6,27,2,0,10.9
2016,6,27,3,0,10.8
2016,6,27,4,0,10.7
2016,6,27,5,0,10.6
2016,6,27,6,0,10.4
2016,6,27,7,0,10.4
2016,6,27,8,24,10.6
2016,6,27,9,67,10.8
2016,6,27,10,205,10.8
2016,6,27,11,118,10.8
2016,6,27,12,224,11
2016,6,27,13,273,11.3
2016,6,27,14,140,11.5
2016,6,27,15,47,11.6
2016,6,27,16,31,11.6
2016,6,27,17,0,11.5
2016,6,27,18,0,11.5
2016,6,27,19,0,11.3
2016,6,27,20,0,11.3
2016,6,27,21,0,11.8
2016,6,27,22,0,12.4
2016,6,27,23,0,12.7
2016,6,28,0,0,12.9
2016,6,28,1,0,12.7
2016,6,28,2,0,12.4
2016,6,28,3,0,12.2
2016,6,28,4,0,11.9
2016,6,28,5,0,11.4
2016,6,28,6,0,11.2
2016,6,28,7,0,11.2
2016,6,28,8,123,11.9
2016,6,28,9,283,12.7
2016,6,28,10,418,13.7
2016,6,28,11,505,14.5
2016,6,28,12,536,14.9
2016,6,28,13,508,15.2
2016,6,28,14,420,15.4
2016,6,28,15,286,15.2
2016,6,28,16,123,14.4
2016,6,28,17,0,13.6
2016,6,28,18,0,13.3
2016,6,28,19,0,12.8
2016,6,28,20,0,12.3
2016,6,28,21,0,11.6
2016,6,28,22,0,10.8
2016,6,28,23,0,10.4
2016,6,29,0,0,10.1
2016,6,29,1,0,9.8
2016,6,29,2,0,9.5
2016,6,29,3,0,9.4
2016,6,29,4,0,9.3
2016,6,29,5,0,9.3
2016,6,29,6,0,9.4
2016,6,29,7,0,9.6
2016,6,29,8,128,10.8
2016,6,29,9,289,12.1
2016,6,29,10,421,13.3
2016,6,29,11,506,14.5
2016,6,29,12,535,15.5
2016,6,29,13,504,16.1
2016,6,29,14,417,16.4
2016,6,29,15,283,16.3
2016,6,29,16,122,15.7
2016,6,29,17,0,15.2
2016,6,29,18,0,14.8
2016,6,29,19,0,14.6
2016,6,29,20,0,14.3
2016,6,29,21,0,13.8
2016,6,29,22,0,13.3
2016,6,29,23,0,12.6
2016,6,30,0,0,12
2016,6,30,1,0,11.5
2016,6,30,2,0,10.9
2016,6,30,3,0,10.3
2016,6,30,4,0,9.8
2016,6,30,5,0,9.4
2016,6,30,6,0,9.1
2016,6,30,7,0,9.1
2016,6,30,8,130,10.1
2016,6,30,9,292,11.4
2016,6,30,10,430,13
2016,6,30,11,517,14.5
2016,6,30,12,401,15.7
2016,6,30,13,400,16.3
2016,6,30,14,123,16.5
2016,6,30,15,12,16.3
2016,6,30,16,34,15.4
2016,6,30,17,0,14.5
2016,6,30,18,0,13.8
2016,6,30,19,0,13.1
2016,6,30,20,0,12.6
2016,6,30,21,0,12.2
2016,6,30,22,0,11.9
2016,6,30,23,0,11.7
2016,7,1,0,0,11.6
2016,7,1,1,0,11.6
2016,7,1,2,0,11.4
2016,7,1,3,0,11.4
2016,7,1,4,0,11.6
2016,7,1,5,0,11.4
2016,7,1,6,0,10.9
2016,7,1,7,0,10.7
2016,7,1,8,74,11.6
2016,7,1,9,289,12.4
2016,7,1,10,417,13
2016,7,1,11,340,13.7
2016,7,1,12,532,14.4
2016,7,1,13,503,14.8
2016,7,1,14,339,15.1
2016,7,1,15,285,15.1
2016,7,1,16,85,14.3
2016,7,1,17,0,13.7
2016,7,1,18,0,13.3
2016,7,1,19,0,12.7
2016,7,1,20,0,12.1
2016,7,1,21,0,11.8
2016,7,1,22,0,11.8
2016,7,1,23,0,11.7
2016,7,2,0,0,11.5
2016,7,2,1,0,11.4
2016,7,2,2,0,11.3
2016,7,2,3,0,11
2016,7,2,4,0,10.8
2016,7,2,5,0,10.5
2016,7,2,6,0,10.2
2016,7,2,7,0,10.3
2016,7,2,8,127,11.6
2016,7,2,9,287,12.8
2016,7,2,10,420,14.1
2016,7,2,11,506,15.1
2016,7,2,12,535,15.8
2016,7,2,13,506,16.2
2016,7,2,14,419,16.5
2016,7,2,15,286,16.4
2016,7,2,16,125,15.7
2016,7,2,17,0,15.2
2016,7,2,18,0,14.8
2016,7,2,19,0,14.1
2016,7,2,20,0,13.2
2016,7,2,21,0,12.6
2016,7,2,22,0,12.1
2016,7,2,23,0,11.8
2016,7,3,0,0,11.6
2016,7,3,1,0,11.4
2016,7,3,2,0,11.1
2016,7,3,3,0,10.8
2016,7,3,4,0,10.6
2016,7,3,5,0,10.4
2016,7,3,6,0,10.2
2016,7,3,7,0,10.2
2016,7,3,8,130,11.2
2016,7,3,9,295,12.2
2016,7,3,10,431,13.3
2016,7,3,11,518,14.4
2016,7,3,12,550,15.1
2016,7,3,13,519,15.6
2016,7,3,14,431,15.8
2016,7,3,15,294,15.8
2016,7,3,16,129,15.2
2016,7,3,17,0,14.8
2016,7,3,18,0,14.6
2016,7,3,19,0,14.3
2016,7,3,20,0,14
2016,7,3,21,0,13.7
2016,7,3,22,0,12.8
2016,7,3,23,0,12
2016,7,4,0,0,11.5
2016,7,4,1,0,11.2
2016,7,4,2,0,10.9
2016,7,4,3,0,10.5
2016,7,4,4,0,10.1
2016,7,4,5,0,9.6
2016,7,4,6,0,9.1
2016,7,4,7,0,8.9
2016,7,4,8,132,9.9
2016,7,4,9,296,10.8
2016,7,4,10,359,11.6
2016,7,4,11,434,12.5
2016,7,4,12,547,13.2
2016,7,4,13,410,13.9
2016,7,4,14,310,14.2
2016,7,4,15,241,14.3
2016,7,4,16,113,14
2016,7,4,17,0,13.7
2016,7,4,18,0,13.7
2016,7,4,19,0,13.7
2016,7,4,20,0,13.5
2016,7,4,21,0,13.4
2016,7,4,22,0,13.1
2016,7,4,23,0,12.8
2016,7,5,0,0,12.7
2016,7,5,1,0,12.6
2016,7,5,2,0,12.6
2016,7,5,3,0,12.7
2016,7,5,4,0,13.3
2016,7,5,5,0,14.2
2016,7,5,6,0,14.6
2016,7,5,7,0,13.4
2016,7,5,8,12,12.8
2016,7,5,9,61,12.8
2016,7,5,10,183,13.3
2016,7,5,11,486,14.3
2016,7,5,12,521,15.3
2016,7,5,13,501,16
2016,7,5,14,417,16.4
2016,7,5,15,284,16.4
2016,7,5,16,123,15.8
2016,7,5,17,0,15.2
2016,7,5,18,0,14.6
2016,7,5,19,0,13.8
2016,7,5,20,0,13
2016,7,5,21,0,12.3
2016,7,5,22,0,11.9
2016,7,5,23,0,11.6
2016,7,6,0,0,11.2
2016,7,6,1,0,11
2016,7,6,2,0,11.2
2016,7,6,3,0,11.3
2016,7,6,4,0,11.4
2016,7,6,5,0,11.6
2016,7,6,6,0,11.7
2016,7,6,7,0,12
2016,7,6,8,16,12.7
2016,7,6,9,286,13.5
2016,7,6,10,21,14.3
2016,7,6,11,331,15.1
2016,7,6,12,197,15.6
2016,7,6,13,362,15.5
2016,7,6,14,294,15.3
2016,7,6,15,261,15.1
2016,7,6,16,105,14.8
2016,7,6,17,0,14.7
2016,7,6,18,0,14.6
2016,7,6,19,0,14.6
2016,7,6,20,0,14.6
2016,7,6,21,0,15.1
2016,7,6,22,0,15.6
2016,7,6,23,0,15.7
2016,7,7,0,0,15.7
2016,7,7,1,0,15.7
2016,7,7,2,0,15.7
2016,7,7,3,0,15.8
2016,7,7,4,0,15.8
2016,7,7,5,0,15.9
2016,7,7,6,0,15.9
2016,7,7,7,0,15.9
2016,7,7,8,101,16.3
2016,7,7,9,123,16.6
2016,7,7,10,265,17
2016,7,7,11,39,17.4
2016,7,7,12,42,17.5
2016,7,7,13,191,17.4
2016,7,7,14,36,17.2
2016,7,7,15,269,16.8
2016,7,7,16,45,16.2
2016,7,7,17,0,15.7
2016,7,7,18,0,15.5
2016,7,7,19,0,15.5
2016,7,7,20,0,15.7
2016,7,7,21,0,15.8
2016,7,7,22,0,15.8
2016,7,7,23,0,15.8
2016,7,8,0,0,15.8
2016,7,8,1,0,15.6
2016,7,8,2,0,15.4
2016,7,8,3,0,15.3
2016,7,8,4,0,15.2
2016,7,8,5,0,15.1
2016,7,8,6,0,15.1
2016,7,8,7,0,15.1
2016,7,8,8,40,15.3
2016,7,8,9,83,15.5
2016,7,8,10,75,15.6
2016,7,8,11,99,15.7
2016,7,8,12,141,15.6
2016,7,8,13,131,15.4
2016,7,8,14,180,15.3
2016,7,8,15,158,15.2
2016,7,8,16,65,15
2016,7,8,17,0,14.9
2016,7,8,18,0,14.8
2016,7,8,19,0,14.9
2016,7,8,20,0,14.9
2016,7,8,21,0,14.9
2016,7,8,22,0,14.9
2016,7,8,23,0,14.8
2016,7,9,0,0,14.8
2016,7,9,1,0,14.7
2016,7,9,2,0,14.6
2016,7,9,3,0,14.5
2016,7,9,4,0,14.4
2016,7,9,5,0,14.2
2016,7,9,6,0,14.1
2016,7,9,7,0,14.2
2016,7,9,8,39,14.9
2016,7,9,9,289,15.5
2016,7,9,10,228,16.2
2016,7,9,11,294,16.7
2016,7,9,12,321,17
2016,7,9,13,315,17.1
2016,7,9,14,185,17.1
2016,7,9,15,175,16.9
2016,7,9,16,63,16.2
2016,7,9,17,0,15.6
2016,7,9,18,0,15.2
2016,7,9,19,0,15
2016,7,9,20,0,14.8
2016,7,9,21,0,14.6
2016,7,9,22,0,14.5
2016,7,9,23,0,14.4
2016,7,10,0,0,14.1
2016,7,10,1,0,14
2016,7,10,2,0,13.9
2016,7,10,3,0,13.8
2016,7,10,4,0,13.6
2016,7,10,5,0,13.6
2016,7,10,6,0,13.5
2016,7,10,7,0,13.7
2016,7,10,8,128,14.4
2016,7,10,9,288,14.9
2016,7,10,10,419,15.7
2016,7,10,11,507,16.5
2016,7,10,12,536,17
2016,7,10,13,505,17.3
2016,7,10,14,420,17.4
2016,7,10,15,216,17.2
2016,7,10,16,91,16.7
2016,7,10,17,0,16.5
2016,7,10,18,0,16.6
2016,7,10,19,0,16.6
2016,7,10,20,0,16.6
2016,7,10,21,0,16.3
2016,7,10,22,0,16
2016,7,10,23,0,15.8
2016,7,11,0,0,15.4
2016,7,11,1,0,15.3
2016,7,11,2,0,15.1
2016,7,11,3,0,14.9
2016,7,11,4,0,14.7
2016,7,11,5,0,14.6
2016,7,11,6,0,14.5
2016,7,11,7,0,14.7
2016,7,11,8,64,15.2
2016,7,11,9,75,15.6
2016,7,11,10,196,16
2016,7,11,11,127,16.5
2016,7,11,12,157,17.3
2016,7,11,13,44,18.2
2016,7,11,14,17,19
2016,7,11,15,11,19.1
2016,7,11,16,87,18.5
2016,7,11,17,0,17.8
2016,7,11,18,0,17.2
2016,7,11,19,0,16.8
2016,7,11,20,0,16.5
2016,7,11,21,0,16.3
2016,7,11,22,0,16.1
2016,7,11,23,0,15.9
2016,7,12,0,0,15.7
2016,7,12,1,0,15.5
2016,7,12,2,0,15.4
2016,7,12,3,0,15.2
2016,7,12,4,0,14.9
2016,7,12,5,0,14.8
2016,7,12,6,0,14.6
2016,7,12,7,0,14.7
2016,7,12,8,92,15.6
2016,7,12,9,249,16.4
2016,7,12,10,371,17.1
2016,7,12,11,454,17.7
2016,7,12,12,434,18
2016,7,12,13,529,18
2016,7,12,14,260,17.7
2016,7,12,15,303,17.1
2016,7,12,16,103,16.4
2016,7,12,17,0,15.9
2016,7,12,18,0,15.6
2016,7,12,19,0,15.4
2016,7,12,20,0,15.1
2016,7,12,21,0,14.8
2016,7,12,22,0,14.5
2016,7,12,23,0,14.1
2016,7,13,0,0,13.7
2016,7,13,1,0,13.3
2016,7,13,2,0,12.7
2016,7,13,3,0,12
2016,7,13,4,0,11.5
2016,7,13,5,0,11.1
2016,7,13,6,0,10.8
2016,7,13,7,0,10.8
2016,7,13,8,141,11.3
2016,7,13,9,312,12
2016,7,13,10,451,12.6
2016,7,13,11,543,13.1
2016,7,13,12,578,13.3
2016,7,13,13,544,13.4
2016,7,13,14,371,13.4
2016,7,13,15,318,13.2
2016,7,13,16,104,12.5
2016,7,13,17,0,11.7
2016,7,13,18,0,11.2
2016,7,13,19,0,10.8
2016,7,13,20,0,10.4
2016,7,13,21,0,10.2
2016,7,13,22,0,9.9
2016,7,13,23,0,9.7
2016,7,14,0,0,9.6
2016,7,14,1,0,9.5
2016,7,14,2,0,9.4
2016,7,14,3,0,9.3
2016,7,14,4,0,9.3
2016,7,14,5,0,9.2
2016,7,14,6,0,9.1
2016,7,14,7,0,9.3
2016,7,14,8,145,10.4
2016,7,14,9,261,11.5
2016,7,14,10,358,12.6
2016,7,14,11,547,13.6
2016,7,14,12,579,14.4
2016,7,14,13,550,15.1
2016,7,14,14,458,15.6
2016,7,14,15,320,15.8
2016,7,14,16,152,15.1
2016,7,14,17,0,14.2
2016,7,14,18,0,13.3
2016,7,14,19,0,12.3
2016,7,14,20,0,11.6
2016,7,14,21,0,11
2016,7,14,22,0,10.5
2016,7,14,23,0,10.2
2016,7,15,0,0,9.9
2016,7,15,1,0,9.7
2016,7,15,2,0,9.5
2016,7,15,3,0,9.4
2016,7,15,4,0,9.2
2016,7,15,5,0,9
2016,7,15,6,0,8.8
2016,7,15,7,0,9.1
2016,7,15,8,146,10.4
2016,7,15,9,314,11.8
2016,7,15,10,452,13.2
2016,7,15,11,542,14.2
2016,7,15,12,573,15
2016,7,15,13,545,15.5
2016,7,15,14,457,15.8
2016,7,15,15,320,15.7
2016,7,15,16,152,15.2
2016,7,15,17,0,14.9
2016,7,15,18,0,14.9
2016,7,15,19,0,15.2
2016,7,15,20,0,15
2016,7,15,21,0,14.4
2016,7,15,22,0,13.9
2016,7,15,23,0,13.5
2016,7,16,0,0,13.2
2016,7,16,1,0,13
2016,7,16,2,0,13
2016,7,16,3,0,13.1
2016,7,16,4,0,13.2
2016,7,16,5,0,13.2
2016,7,16,6,0,13.3
2016,7,16,7,0,13.7
2016,7,16,8,88,14.6
2016,7,16,9,210,15.5
2016,7,16,10,361,16.3
2016,7,16,11,365,16.9
2016,7,16,12,550,17.3
2016,7,16,13,521,17.4
2016,7,16,14,214,17.4
2016,7,16,15,212,17.1
2016,7,16,16,89,16.5
2016,7,16,17,0,16.1
2016,7,16,18,0,16
2016,7,16,19,0,16
2016,7,16,20,0,16
2016,7,16,21,0,16
2016,7,16,22,0,16.1
2016,7,16,23,0,16.2
2016,7,17,0,0,16.2
2016,7,17,1,0,16.1
2016,7,17,2,0,16.1
2016,7,17,3,0,16
2016,7,17,4,0,16.1
2016,7,17,5,0,16.2
2016,7,17,6,0,16.2
2016,7,17,7,0,16.2
2016,7,17,8,40,16.7
2016,7,17,9,300,17.3
2016,7,17,10,314,17.9
2016,7,17,11,271,18.4
2016,7,17,12,376,18.8
2016,7,17,13,176,19
2016,7,17,14,71,19.1
2016,7,17,15,308,18.9
2016,7,17,16,145,18.2
2016,7,17,17,0,17.3
2016,7,17,18,0,16.8
2016,7,17,19,0,16.4
2016,7,17,20,0,16
2016,7,17,21,0,15.6
2016,7,17,22,0,15.1
2016,7,17,23,0,14.8
2016,7,18,0,0,14.6
2016,7,18,1,0,14.4
2016,7,18,2,0,13.9
2016,7,18,3,0,13.5
2016,7,18,4,0,13.2
2016,7,18,5,0,12.9
2016,7,18,6,0,12.6
2016,7,18,7,0,12.6
2016,7,18,8,146,13.5
2016,7,18,9,313,15.1
2016,7,18,10,447,16.7
2016,7,18,11,536,18.1
2016,7,18,12,564,19.3
2016,7,18,13,540,20.3
2016,7,18,14,452,21
2016,7,18,15,315,21.1
2016,7,18,16,150,20.4
2016,7,18,17,0,19.8
2016,7,18,18,0,19.3
2016,7,18,19,0,18.9
2016,7,18,20,0,18.4
2016,7,18,21,0,18
2016,7,18,22,0,17.3
2016,7,18,23,0,16.6
2016,7,19,0,0,16.2
2016,7,19,1,0,15.9
2016,7,19,2,0,15.6
2016,7,19,3,0,15.4
2016,7,19,4,0,15.3
2016,7,19,5,0,15.2
2016,7,19,6,0,15.1
2016,7,19,7,0,15.4
2016,7,19,8,109,16.6
2016,7,19,9,235,18.2
2016,7,19,10,428,19.9
2016,7,19,11,514,21.1
2016,7,19,12,238,22
2016,7,19,13,309,22.5
2016,7,19,14,286,22.7
2016,7,19,15,238,22.5
2016,7,19,16,58,21.7
2016,7,19,17,0,20.7
2016,7,19,18,0,20.3
2016,7,19,19,0,20
2016,7,19,20,0,19.8
2016,7,19,21,0,19.6
2016,7,19,22,0,19.4
2016,7,19,23,0,19.2
2016,7,20,0,0,18.9
2016,7,20,1,0,18.7
2016,7,20,2,0,18.3
2016,7,20,3,0,17.9
2016,7,20,4,0,17.6
2016,7,20,5,0,17.4
2016,7,20,6,0,17.4
2016,7,20,7,0,17.4
2016,7,20,8,9,17.6
2016,7,20,9,13,17.9
2016,7,20,10,46,17.9
2016,7,20,11,85,17.7
2016,7,20,12,29,17.6
2016,7,20,13,36,17.5
2016,7,20,14,133,17.7
2016,7,20,15,12,17.7
2016,7,20,16,9,17.4
2016,7,20,17,0,17
2016,7,20,18,0,16.8
2016,7,20,19,0,16.8
2016,7,20,20,0,16.7
2016,7,20,21,0,16.6
2016,7,20,22,0,16.3
2016,7,20,23,0,16.2
2016,7,21,0,0,16
2016,7,21,1,0,15.8
2016,7,21,2,0,15.7
2016,7,21,3,0,15.6
2016,7,21,4,0,15.6
2016,7,21,5,0,15.5
2016,7,21,6,0,15.5
2016,7,21,7,0,15.7
2016,7,21,8,142,16
2016,7,21,9,305,16.2
2016,7,21,10,219,16.7
2016,7,21,11,262,17.3
2016,7,21,12,45,17.8
2016,7,21,13,42,18.2
2016,7,21,14,178,18.3
2016,7,21,15,148,18.3
2016,7,21,16,150,17.8
2016,7,21,17,12,17.1
2016,7,21,18,0,16.7
2016,7,21,19,0,16.6
2016,7,21,20,0,16.4
2016,7,21,21,0,16
2016,7,21,22,0,15.6
2016,7,21,23,0,15.3
2016,7,22,0,0,15.2
2016,7,22,1,0,15
2016,7,22,2,0,14.6
2016,7,22,3,0,14.2
2016,7,22,4,0,14
2016,7,22,5,0,13.9
2016,7,22,6,0,13.8
2016,7,22,7,0,14.5
2016,7,22,8,147,15.9
2016,7,22,9,190,17.5
2016,7,22,10,143,19.2
2016,7,22,11,222,20.5
2016,7,22,12,407,21.5
2016,7,22,13,502,22.2
2016,7,22,14,170,22.5
2016,7,22,15,313,22.4
2016,7,22,16,153,21.8
2016,7,22,17,13,21.3
2016,7,22,18,0,21.1
2016,7,22,19,0,21
2016,7,22,20,0,21
2016,7,22,21,0,21
2016,7,22,22,0,20.7
2016,7,22,23,0,20.1
2016,7,23,0,0,19.6
2016,7,23,1,0,19.3
2016,7,23,2,0,18.9
2016,7,23,3,0,18.3
2016,7,23,4,0,17.4
2016,7,23,5,0,16.3
2016,7,23,6,0,15.2
2016,7,23,7,0,14.5
2016,7,23,8,163,14.3
2016,7,23,9,337,14.4
2016,7,23,10,474,14.9
2016,7,23,11,566,15.5
2016,7,23,12,597,16
2016,7,23,13,569,16.3
2016,7,23,14,482,16.3
2016,7,23,15,345,16
2016,7,23,16,173,15.2
2016,7,23,17,17,14.2
2016,7,23,18,0,13.6
2016,7,23,19,0,12.8
2016,7,23,20,0,12.1
2016,7,23,21,0,11.6
2016,7,23,22,0,11.1
2016,7,23,23,0,10.7
2016,7,24,0,0,10.3
2016,7,24,1,0,9.9
2016,7,24,2,0,9.6
2016,7,24,3,0,9.4
2016,7,24,4,0,9.2
2016,7,24,5,0,9.1
2016,7,24,6,0,9
2016,7,24,7,0,9.4
2016,7,24,8,57,10.2
2016,7,24,9,181,10.9
2016,7,24,10,296,11.6
2016,7,24,11,363,12.2
2016,7,24,12,459,12.7
2016,7,24,13,444,13.1
2016,7,24,14,489,13.4
2016,7,24,15,346,13.4
2016,7,24,16,172,13
2016,7,24,17,16,12.3
2016,7,24,18,0,12
2016,7,24,19,0,11.8
2016,7,24,20,0,11.4
2016,7,24,21,0,11
2016,7,24,22,0,10.6
2016,7,24,23,0,10.4
2016,7,25,0,0,10.2
2016,7,25,1,0,10.2
2016,7,25,2,0,10.4
2016,7,25,3,0,10.6
2016,7,25,4,0,10.7
2016,7,25,5,0,10.6
2016,7,25,6,0,10.4
2016,7,25,7,0,10.8
2016,7,25,8,164,11.9
2016,7,25,9,336,13.1
2016,7,25,10,477,14.1
2016,7,25,11,568,14.9
2016,7,25,12,600,15.4
2016,7,25,13,573,15.7
2016,7,25,14,486,15.9
2016,7,25,15,347,15.7
2016,7,25,16,175,15
2016,7,25,17,18,14
2016,7,25,18,0,13.5
2016,7,25,19,0,12.9
2016,7,25,20,0,12.4
2016,7,25,21,0,12.1
2016,7,25,22,0,11.9
2016,7,25,23,0,11.8
2016,7,26,0,0,11.8
2016,7,26,1,0,11.7
2016,7,26,2,0,11.8
2016,7,26,3,0,11.9
2016,7,26,4,0,12
2016,7,26,5,0,12.2
2016,7,26,6,0,12.3
2016,7,26,7,13,12.7
2016,7,26,8,165,13.8
2016,7,26,9,337,14.5
2016,7,26,10,476,15
2016,7,26,11,569,15.5
2016,7,26,12,601,15.9
2016,7,26,13,569,16.3
2016,7,26,14,481,16.5
2016,7,26,15,342,16.6
2016,7,26,16,173,16.1
2016,7,26,17,18,15.4
2016,7,26,18,0,14.8
2016,7,26,19,0,14.3
2016,7,26,20,0,13.7
2016,7,26,21,0,12.9
2016,7,26,22,0,12.3
2016,7,26,23,0,11.9
2016,7,27,0,0,11.7
2016,7,27,1,0,11.7
2016,7,27,2,0,11.7
2016,7,27,3,0,11.7
2016,7,27,4,0,11.7
2016,7,27,5,0,11.8
2016,7,27,6,0,11.8
2016,7,27,7,14,12.5
2016,7,27,8,167,14
2016,7,27,9,337,15.2
2016,7,27,10,476,16.2
2016,7,27,11,567,16.7
2016,7,27,12,603,16.9
2016,7,27,13,575,16.9
2016,7,27,14,336,16.8
2016,7,27,15,347,16.6
2016,7,27,16,177,15.9
2016,7,27,17,20,14.9
2016,7,27,18,0,14.3
2016,7,27,19,0,13.7
2016,7,27,20,0,13.2
2016,7,27,21,0,12.9
2016,7,27,22,0,12.6
2016,7,27,23,0,12.3
2016,7,28,0,0,12
2016,7,28,1,0,11.9
2016,7,28,2,0,11.8
2016,7,28,3,0,11.7
2016,7,28,4,0,11.5
2016,7,28,5,0,11.4
2016,7,28,6,0,11.2
2016,7,28,7,15,11.6
2016,7,28,8,170,12.8
2016,7,28,9,343,13.8
2016,7,28,10,483,14.8
2016,7,28,11,577,15.6
2016,7,28,12,610,16.3
2016,7,28,13,581,16.8
2016,7,28,14,492,17.3
2016,7,28,15,351,17.7
2016,7,28,16,178,17.4
2016,7,28,17,20,16.6
2016,7,28,18,0,15.4
2016,7,28,19,0,14.1
2016,7,28,20,0,13.2
2016,7,28,21,0,12.6
2016,7,28,22,0,12.1
2016,7,28,23,0,11.6
2016,7,29,0,0,11.2
2016,7,29,1,0,10.8
2016,7,29,2,0,10.6
2016,7,29,3,0,10.4
2016,7,29,4,0,10.2
2016,7,29,5,0,10
2016,7,29,6,0,9.6
2016,7,29,7,17,9.9
2016,7,29,8,178,11.1
2016,7,29,9,355,12.3
2016,7,29,10,503,13.6
2016,7,29,11,597,14.6
2016,7,29,12,631,15.5
2016,7,29,13,601,16.2
2016,7,29,14,507,16.6
2016,7,29,15,363,16.9
2016,7,29,16,189,16.6
2016,7,29,17,23,16
2016,7,29,18,0,15.2
2016,7,29,19,0,14.1
2016,7,29,20,0,13
2016,7,29,21,0,12.5
2016,7,29,22,0,12.1
2016,7,29,23,0,11.8
2016,7,30,0,0,11.6
2016,7,30,1,0,11.5
2016,7,30,2,0,11.5
2016,7,30,3,0,11.5
2016,7,30,4,0,11.4
2016,7,30,5,0,11.3
2016,7,30,6,0,11.2
2016,7,30,7,17,11.8
2016,7,30,8,171,13.2
2016,7,30,9,343,14.5
2016,7,30,10,486,15.6
2016,7,30,11,577,16.4
2016,7,30,12,610,16.9
2016,7,30,13,581,17.2
2016,7,30,14,340,17.2
2016,7,30,15,353,17.1
2016,7,30,16,182,16.5
2016,7,30,17,12,15.7
2016,7,30,18,0,15.4
2016,7,30,19,0,15.1
2016,7,30,20,0,14.9
2016,7,30,21,0,14.8
2016,7,30,22,0,14.4
2016,7,30,23,0,13.8
2016,7,31,0,0,13.1
2016,7,31,1,0,12.6
2016,7,31,2,0,12.1
2016,7,31,3,0,11.6
2016,7,31,4,0,11.3
2016,7,31,5,0,11.1
2016,7,31,6,0,11.1
2016,7,31,7,10,11.5
2016,7,31,8,111,12.5
2016,7,31,9,13,13.9
2016,7,31,10,129,15.7
2016,7,31,11,262,17
2016,7,31,12,270,17.8
2016,7,31,13,159,18.5
2016,7,31,14,249,19.1
2016,7,31,15,353,19.4
2016,7,31,16,183,19
2016,7,31,17,24,18.4
2016,7,31,18,0,17.7
2016,7,31,19,0,16.9
2016,7,31,20,0,16
2016,7,31,21,0,15.3
2016,7,31,22,0,14.6
2016,7,31,23,0,14
2016,8,1,0,0,13.5
2016,8,1,1,0,13.2
2016,8,1,2,0,12.9
2016,8,1,3,0,12.6
2016,8,1,4,0,12.3
2016,8,1,5,0,12
2016,8,1,6,0,11.6
2016,8,1,7,5,11.9
2016,8,1,8,34,12.8
2016,8,1,9,291,14.3
2016,8,1,10,91,16.2
2016,8,1,11,217,17.7
2016,8,1,12,314,18.5
2016,8,1,13,119,18.8
2016,8,1,14,252,19
2016,8,1,15,168,19
2016,8,1,16,93,18.2
2016,8,1,17,13,17.3
2016,8,1,18,0,16.7
2016,8,1,19,0,16.6
2016,8,1,20,0,16.6
2016,8,1,21,0,16.2
2016,8,1,22,0,15.6
2016,8,1,23,0,15
2016,8,2,0,0,14.4
2016,8,2,1,0,14.1
2016,8,2,2,0,14.1
2016,8,2,3,0,14.1
2016,8,2,4,0,14.2
2016,8,2,5,0,14.2
2016,8,2,6,0,14.1
2016,8,2,7,8,14.2
2016,8,2,8,65,14.6
2016,8,2,9,191,15.1
2016,8,2,10,347,15.6
2016,8,2,11,411,15.8
2016,8,2,12,215,15.5
2016,8,2,13,253,14.7
2016,8,2,14,25,14
2016,8,2,15,91,13.5
2016,8,2,16,93,13.2
2016,8,2,17,13,13.1
2016,8,2,18,0,13.1
2016,8,2,19,0,13.4
2016,8,2,20,0,13.7
2016,8,2,21,0,13.9
2016,8,2,22,0,14.1
2016,8,2,23,0,14.5
2016,8,3,0,0,14.7
2016,8,3,1,0,14.9
2016,8,3,2,0,15.1
2016,8,3,3,0,15.1
2016,8,3,4,0,15.1
2016,8,3,5,0,15.2
2016,8,3,6,0,15.2
2016,8,3,7,7,15.4
2016,8,3,8,42,15.6
2016,8,3,9,90,15.6
2016,8,3,10,34,15.4
2016,8,3,11,295,15.3
2016,8,3,12,254,15.2
2016,8,3,13,323,15.1
2016,8,3,14,83,15.1
2016,8,3,15,120,15.1
2016,8,3,16,14,15.1
2016,8,3,17,4,15
2016,8,3,18,0,14.9
2016,8,3,19,0,14.9
2016,8,3,20,0,14.9
2016,8,3,21,0,14.8
2016,8,3,22,0,14.8
2016,8,3,23,0,14.9
2016,8,4,0,0,14.9
2016,8,4,1,0,14.8
2016,8,4,2,0,14.6
2016,8,4,3,0,14.3
2016,8,4,4,0,14.3
2016,8,4,5,0,14.2
2016,8,4,6,0,14.2
2016,8,4,7,2,14.7
2016,8,4,8,166,15.3
2016,8,4,9,65,15.8
2016,8,4,10,489,16.2
2016,8,4,11,512,16.3
2016,8,4,12,302,16.4
2016,8,4,13,434,16.4
2016,8,4,14,261,16.4
2016,8,4,15,361,16.2
2016,8,4,16,79,15.7
2016,8,4,17,10,15.2
2016,8,4,18,0,15.2
2016,8,4,19,0,15.3
2016,8,4,20,0,15.3
2016,8,4,21,0,15.3
2016,8,4,22,0,15.2
2016,8,4,23,0,15.1
2016,8,5,0,0,15
2016,8,5,1,0,14.8
2016,8,5,2,0,14.5
2016,8,5,3,0,14.3
2016,8,5,4,0,14.2
2016,8,5,5,0,14.1
2016,8,5,6,0,14.1
2016,8,5,7,8,14.3
2016,8,5,8,175,14.6
2016,8,5,9,346,14.8
2016,8,5,10,196,15
2016,8,5,11,180,15.1
2016,8,5,12,309,15
2016,8,5,13,346,14.9
2016,8,5,14,493,15.1
2016,8,5,15,356,15.1
2016,8,5,16,185,15
2016,8,5,17,15,14.9
2016,8,5,18,0,14.9
2016,8,5,19,0,14.7
2016,8,5,20,0,14.4
2016,8,5,21,0,14.3
2016,8,5,22,0,14.1
2016,8,5,23,0,13.9
2016,8,6,0,0,13.6
2016,8,6,1,0,13.4
2016,8,6,2,0,13.4
2016,8,6,3,0,13.2
2016,8,6,4,0,12.9
2016,8,6,5,0,12.6
2016,8,6,6,0,12.5
2016,8,6,7,9,13
2016,8,6,8,188,13.9
2016,8,6,9,143,14.7
2016,8,6,10,350,15.4
2016,8,6,11,49,15.8
2016,8,6,12,115,15.9
2016,8,6,13,136,15.9
2016,8,6,14,285,15.7
2016,8,6,15,202,15.6
2016,8,6,16,79,15.3
2016,8,6,17,14,14.6
2016,8,6,18,0,14.4
2016,8,6,19,0,14.4
2016,8,6,20,0,14.5
2016,8,6,21,0,14.6
2016,8,6,22,0,14.5
2016,8,6,23,0,14.4
2016,8,7,0,0,14.2
2016,8,7,1,0,13.8
2016,8,7,2,0,13.4
2016,8,7,3,0,13.2
2016,8,7,4,0,13
2016,8,7,5,0,12.9
2016,8,7,6,0,12.7
2016,8,7,7,21,13.1
2016,8,7,8,103,14.1
2016,8,7,9,195,14.8
2016,8,7,10,316,15.4
2016,8,7,11,348,15.7
2016,8,7,12,346,15.9
2016,8,7,13,410,16
2016,8,7,14,304,16
2016,8,7,15,266,15.8
2016,8,7,16,92,15.4
2016,8,7,17,13,14.8
2016,8,7,18,0,14.7
2016,8,7,19,0,14.8
2016,8,7,20,0,14.9
2016,8,7,21,0,14.7
2016,8,7,22,0,14.2
2016,8,7,23,0,13.7
2016,8,8,0,0,13.5
2016,8,8,1,0,13.2
2016,8,8,2,0,13.1
2016,8,8,3,0,12.9
2016,8,8,4,0,12.8
2016,8,8,5,0,12.9
2016,8,8,6,0,13.1
2016,8,8,7,12,13.6
2016,8,8,8,189,14.6
2016,8,8,9,364,15.1
2016,8,8,10,502,15.5
2016,8,8,11,594,15.8
2016,8,8,12,625,16
2016,8,8,13,600,16.1
2016,8,8,14,510,16.2
2016,8,8,15,371,16.2
2016,8,8,16,199,16.1
2016,8,8,17,34,15.6
2016,8,8,18,0,15.5
2016,8,8,19,0,15.5
2016,8,8,20,0,15.4
2016,8,8,21,0,15
2016,8,8,22,0,14.6
2016,8,8,23,0,14.2
2016,8,9,0,0,13.8
2016,8,9,1,0,13.3
2016,8,9,2,0,12.8
2016,8,9,3,0,12.3
2016,8,9,4,0,11.8
2016,8,9,5,0,11.4
2016,8,9,6,0,11
2016,8,9,7,33,11.4
2016,8,9,8,202,12.3
2016,8,9,9,380,13.6
2016,8,9,10,524,15
2016,8,9,11,550,16.3
2016,8,9,12,649,17.3
2016,8,9,13,477,17.9
2016,8,9,14,373,18.2
2016,8,9,15,180,18.2
2016,8,9,16,84,17.7
2016,8,9,17,16,17
2016,8,9,18,0,16.7
2016,8,9,19,0,16.5
2016,8,9,20,0,16.2
2016,8,9,21,0,15.7
2016,8,9,22,0,15.2
2016,8,9,23,0,14.8
2016,8,10,0,0,14.3
2016,8,10,1,0,14
2016,8,10,2,0,13.7
2016,8,10,3,0,13.6
2016,8,10,4,0,13.5
2016,8,10,5,0,13.4
2016,8,10,6,0,13.4
2016,8,10,7,32,14.1
2016,8,10,8,186,15.3
2016,8,10,9,266,16.3
2016,8,10,10,513,17.9
2016,8,10,11,434,19.4
2016,8,10,12,644,20.4
2016,8,10,13,615,21.1
2016,8,10,14,522,21.4
2016,8,10,15,289,21.5
2016,8,10,16,206,20.9
2016,8,10,17,37,20
2016,8,10,18,0,19.5
2016,8,10,19,0,18.9
2016,8,10,20,0,18.2
2016,8,10,21,0,17.6
2016,8,10,22,0,17.2
2016,8,10,23,0,16.8
2016,8,11,0,0,16.4
2016,8,11,1,0,15.9
2016,8,11,2,0,15.4
2016,8,11,3,0,14.7
2016,8,11,4,0,14
2016,8,11,5,0,13.6
2016,8,11,6,0,13.2
2016,8,11,7,41,13.7
2016,8,11,8,220,14.6
2016,8,11,9,402,15.5
2016,8,11,10,548,16.2
2016,8,11,11,642,16.9
2016,8,11,12,674,17.5
2016,8,11,13,643,17.9
2016,8,11,14,550,18.1
2016,8,11,15,404,17.9
2016,8,11,16,222,17.2
2016,8,11,17,43,16
2016,8,11,18,0,15.3
2016,8,11,19,0,14.5
2016,8,11,20,0,13.7
2016,8,11,21,0,13.1
2016,8,11,22,0,12.5
2016,8,11,23,0,11.9
2016,8,12,0,0,11.4
2016,8,12,1,0,11
2016,8,12,2,0,10.6
2016,8,12,3,0,10.3
2016,8,12,4,0,10
2016,8,12,5,0,9.8
2016,8,12,6,0,9.6
2016,8,12,7,43,10.2
2016,8,12,8,224,11.4
2016,8,12,9,408,12.6
2016,8,12,10,556,13.8
2016,8,12,11,651,15
2016,8,12,12,683,16
2016,8,12,13,649,16.6
2016,8,12,14,555,16.9
2016,8,12,15,350,16.9
2016,8,12,16,150,16.4
2016,8,12,17,28,15.6
2016,8,12,18,0,15.2
2016,8,12,19,0,14.8
2016,8,12,20,0,14.2
2016,8,12,21,0,13.6
2016,8,12,22,0,12.7
2016,8,12,23,0,11.8
2016,8,13,0,0,11.2
2016,8,13,1,0,10.8
2016,8,13,2,0,10.5
2016,8,13,3,0,10.4
2016,8,13,4,0,10.4
2016,8,13,5,0,10.5
2016,8,13,6,0,10.5
2016,8,13,7,27,11.7
2016,8,13,8,225,13.4
2016,8,13,9,406,14.9
2016,8,13,10,551,16.1
2016,8,13,11,644,17.1
2016,8,13,12,677,17.7
2016,8,13,13,645,18.1
2016,8,13,14,552,18.4
2016,8,13,15,405,18.6
2016,8,13,16,224,18.3
2016,8,13,17,45,17.6
2016,8,13,18,0,17
2016,8,13,19,0,16
2016,8,13,20,0,15
2016,8,13,21,0,14.5
2016,8,13,22,0,14
2016,8,13,23,0,13.4
2016,8,14,0,0,12.9
2016,8,14,1,0,12.6
2016,8,14,2,0,12.4
2016,8,14,3,0,12.3
2016,8,14,4,0,12.2
2016,8,14,5,0,12.2
2016,8,14,6,0,12.1
2016,8,14,7,47,13
2016,8,14,8,228,14.5
2016,8,14,9,408,15.9
2016,8,14,10,552,16.9
2016,8,14,11,645,17.5
2016,8,14,12,473,17.8
2016,8,14,13,365,18
2016,8,14,14,329,18
2016,8,14,15,405,17.8
2016,8,14,16,225,17.3
2016,8,14,17,46,16.5
2016,8,14,18,0,16.1
2016,8,14,19,0,16
2016,8,14,20,0,15.9
2016,8,14,21,0,16
2016,8,14,22,0,16
2016,8,14,23,0,16.2
2016,8,15,0,0,16.2
2016,8,15,1,0,15.5
2016,8,15,2,0,14.5
2016,8,15,3,0,13.7
2016,8,15,4,0,13
2016,8,15,5,0,12.4
2016,8,15,6,0,12
2016,8,15,7,47,12.7
2016,8,15,8,226,14.2
2016,8,15,9,407,15.5
2016,8,15,10,553,17
2016,8,15,11,646,18.2
2016,8,15,12,677,18.9
2016,8,15,13,649,19.3
2016,8,15,14,555,19.4
2016,8,15,15,408,19.2
2016,8,15,16,227,18.5
2016,8,15,17,47,17.3
2016,8,15,18,0,16.7
2016,8,15,19,0,16.3
2016,8,15,20,0,16.1
2016,8,15,21,0,15.8
2016,8,15,22,0,15.5
2016,8,15,23,0,15.1
2016,8,16,0,0,14.7
2016,8,16,1,0,14.2
2016,8,16,2,0,13.8
2016,8,16,3,0,13.4
2016,8,16,4,0,13
2016,8,16,5,0,12.7
2016,8,16,6,0,12.4
2016,8,16,7,51,13.1
2016,8,16,8,233,14.4
2016,8,16,9,419,15.8
2016,8,16,10,567,17.4
2016,8,16,11,661,18.7
2016,8,16,12,693,19.6
2016,8,16,13,662,20.2
2016,8,16,14,566,20.5
2016,8,16,15,418,20.5
2016,8,16,16,233,19.8
2016,8,16,17,50,18.2
2016,8,16,18,0,17.4
2016,8,16,19,0,16.9
2016,8,16,20,0,16.5
2016,8,16,21,0,16.1
2016,8,16,22,0,15.7
2016,8,16,23,0,15.1
2016,8,17,0,0,14.5
2016,8,17,1,0,14
2016,8,17,2,0,13.4
2016,8,17,3,0,12.6
2016,8,17,4,0,11.8
2016,8,17,5,0,11.2
2016,8,17,6,0,10.8
2016,8,17,7,55,11.6
2016,8,17,8,237,13.1
2016,8,17,9,420,15.4
2016,8,17,10,564,17.7
2016,8,17,11,655,19.4
2016,8,17,12,685,20.6
2016,8,17,13,653,21.2
2016,8,17,14,475,21.5
2016,8,17,15,411,21.4
2016,8,17,16,229,20.8
2016,8,17,17,50,19.6
2016,8,17,18,0,18.7
2016,8,17,19,0,18.2
2016,8,17,20,0,17.8
2016,8,17,21,0,17.4
2016,8,17,22,0,16.8
2016,8,17,23,0,16.1
2016,8,18,0,0,15.5
2016,8,18,1,0,15
2016,8,18,2,0,14.7
2016,8,18,3,0,14.3
2016,8,18,4,0,13.9
2016,8,18,5,0,13.4
2016,8,18,6,0,13.1
2016,8,18,7,56,13.8
2016,8,18,8,240,15.2
2016,8,18,9,422,16.9
2016,8,18,10,570,18.7
2016,8,18,11,662,20.1
2016,8,18,12,693,20.7
2016,8,18,13,663,20.9
2016,8,18,14,568,20.9
2016,8,18,15,421,20.6
2016,8,18,16,237,19.8
2016,8,18,17,53,18.3
2016,8,18,18,0,17.6
2016,8,18,19,0,17.3
2016,8,18,20,0,17
2016,8,18,21,0,16.6
2016,8,18,22,0,16.1
2016,8,18,23,0,15.5
2016,8,19,0,0,14.8
2016,8,19,1,0,14
2016,8,19,2,0,13.3
2016,8,19,3,0,12.7
2016,8,19,4,0,12.3
2016,8,19,5,0,11.9
2016,8,19,6,0,11.6
2016,8,19,7,60,12.4
2016,8,19,8,247,13.9
2016,8,19,9,431,16.2
2016,8,19,10,570,18.1
2016,8,19,11,662,19.7
2016,8,19,12,691,20.7
2016,8,19,13,662,21.1
2016,8,19,14,395,21.3
2016,8,19,15,412,21
2016,8,19,16,230,20.4
2016,8,19,17,21,19.4
2016,8,19,18,0,18.8
2016,8,19,19,0,18.4
2016,8,19,20,0,18
2016,8,19,21,0,17.6
2016,8,19,22,0,17.2
2016,8,19,23,0,16.7
2016,8,20,0,0,16.2
2016,8,20,1,0,15.4
2016,8,20,2,0,14.3
2016,8,20,3,0,13.5
2016,8,20,4,0,12.7
2016,8,20,5,0,11.9
2016,8,20,6,0,11.4
2016,8,20,7,67,12
2016,8,20,8,259,12.8
2016,8,20,9,446,13.8
2016,8,20,10,594,14.7
2016,8,20,11,689,15.6
2016,8,20,12,721,16.3
2016,8,20,13,684,16.6
2016,8,20,14,586,16.6
2016,8,20,15,436,16.3
2016,8,20,16,248,15.6
2016,8,20,17,28,14.5
2016,8,20,18,0,13.9
2016,8,20,19,0,13.3
2016,8,20,20,0,12.5
2016,8,20,21,0,11.9
2016,8,20,22,0,11.5
2016,8,20,23,0,11.1
2016,8,21,0,0,10.8
2016,8,21,1,0,10.6
2016,8,21,2,0,10.5
2016,8,21,3,0,10.3
2016,8,21,4,0,10.2
2016,8,21,5,0,10
2016,8,21,6,0,10
2016,8,21,7,70,11
2016,8,21,8,261,12.4
2016,8,21,9,447,13.8
2016,8,21,10,592,15
2016,8,21,11,685,16
2016,8,21,12,716,16.9
2016,8,21,13,680,17.6
2016,8,21,14,583,18.1
2016,8,21,15,434,18.2
2016,8,21,16,248,17.9
2016,8,21,17,60,16.8
2016,8,21,18,0,16.3
2016,8,21,19,0,15.9
2016,8,21,20,0,15.7
2016,8,21,21,0,15.3
2016,8,21,22,0,15.1
2016,8,21,23,0,14.6
2016,8,22,0,0,14.3
2016,8,22,1,0,14
2016,8,22,2,0,13.7
2016,8,22,3,0,13.4
2016,8,22,4,0,13.3
2016,8,22,5,0,13.3
2016,8,22,6,0,13.4
2016,8,22,7,29,13.5
2016,8,22,8,165,14.3
2016,8,22,9,288,15.2
2016,8,22,10,336,16
2016,8,22,11,132,16.7
2016,8,22,12,70,17.2
2016,8,22,13,210,17
2016,8,22,14,157,16.5
2016,8,22,15,20,15.7
2016,8,22,16,142,14.6
2016,8,22,17,33,12.9
2016,8,22,18,0,11.7
2016,8,22,19,0,11.2
2016,8,22,20,0,11
2016,8,22,21,0,10.7
2016,8,22,22,0,10.5
2016,8,22,23,0,10.4
2016,8,23,0,0,10.3
2016,8,23,1,0,10.3
2016,8,23,2,0,10.4
2016,8,23,3,0,10.5
2016,8,23,4,0,10.5
2016,8,23,5,0,10.5
2016,8,23,6,0,10.7
2016,8,23,7,73,11.6
2016,8,23,8,263,12.5
2016,8,23,9,444,13.8
2016,8,23,10,579,14.9
2016,8,23,11,583,15.4
2016,8,23,12,592,15.6
2016,8,23,13,526,15.5
2016,8,23,14,476,15.4
2016,8,23,15,215,15.4
2016,8,23,16,94,15.1
2016,8,23,17,24,14.6
2016,8,23,18,0,14.4
2016,8,23,19,0,14.3
2016,8,23,20,0,14.2
2016,8,23,21,0,14
2016,8,23,22,0,13.9
2016,8,23,23,0,13.8
2016,8,24,0,0,13.9
2016,8,24,1,0,14
2016,8,24,2,0,14.1
2016,8,24,3,0,14.3
2016,8,24,4,0,14.4
2016,8,24,5,0,14.6
2016,8,24,6,0,14.7
2016,8,24,7,5,14.7
2016,8,24,8,41,14.9
2016,8,24,9,201,15.1
2016,8,24,10,29,15.3
2016,8,24,11,68,15.3
2016,8,24,12,115,15.2
2016,8,24,13,36,15
2016,8,24,14,48,14.8
2016,8,24,15,35,14.4
2016,8,24,16,103,14
2016,8,24,17,13,13.6
2016,8,24,18,0,13.6
2016,8,24,19,0,13.7
2016,8,24,20,0,13.5
2016,8,24,21,0,13.2
2016,8,24,22,0,12.7
2016,8,24,23,0,12.3
2016,8,25,0,0,11.8
2016,8,25,1,0,11.7
2016,8,25,2,0,11.8
2016,8,25,3,0,11.8
2016,8,25,4,0,11.9
2016,8,25,5,0,11.8
2016,8,25,6,0,11.7
2016,8,25,7,28,11.8
2016,8,25,8,111,12
2016,8,25,9,197,12.3
2016,8,25,10,457,12.8
2016,8,25,11,693,13.8
2016,8,25,12,583,14.7
2016,8,25,13,691,15.1
2016,8,25,14,218,15.2
2016,8,25,15,408,15.1
2016,8,25,16,256,14.9
2016,8,25,17,67,13.9
2016,8,25,18,0,13.5
2016,8,25,19,0,13.2
2016,8,25,20,0,12.8
2016,8,25,21,0,12.4
2016,8,25,22,0,11.7
2016,8,25,23,0,11
2016,8,26,0,0,10.5
2016,8,26,1,0,10
2016,8,26,2,0,9.7
2016,8,26,3,0,9.5
2016,8,26,4,0,9.6
2016,8,26,5,0,10.1
2016,8,26,6,0,10.7
2016,8,26,7,46,11.6
2016,8,26,8,272,12.3
2016,8,26,9,272,12.9
2016,8,26,10,516,13.4
2016,8,26,11,200,13.7
2016,8,26,12,558,13.8
2016,8,26,13,689,14.1
2016,8,26,14,587,14.3
2016,8,26,15,271,14.4
2016,8,26,16,193,14.4
2016,8,26,17,33,13.9
2016,8,26,18,0,13.6
2016,8,26,19,0,13.4
2016,8,26,20,0,13.4
2016,8,26,21,0,13.2
2016,8,26,22,0,13
2016,8,26,23,0,12.8
2016,8,27,0,0,12.5
2016,8,27,1,0,12.1
2016,8,27,2,0,11.7
2016,8,27,3,0,11.2
2016,8,27,4,0,10.8
2016,8,27,5,0,10.3
2016,8,27,6,0,9.9
2016,8,27,7,95,10.7
2016,8,27,8,297,11.9
2016,8,27,9,489,13.3
2016,8,27,10,639,14.7
2016,8,27,11,733,15.8
2016,8,27,12,763,16.5
2016,8,27,13,725,17
2016,8,27,14,621,17.4
2016,8,27,15,465,17.5
2016,8,27,16,271,17.1
2016,8,27,17,74,15.9
2016,8,27,18,0,15.1
2016,8,27,19,0,14.6
2016,8,27,20,0,14.2
2016,8,27,21,0,13.6
2016,8,27,22,0,12.6
2016,8,27,23,0,11.6
2016,8,28,0,0,10.9
2016,8,28,1,0,10.4
2016,8,28,2,0,10.1
2016,8,28,3,0,9.8
2016,8,28,4,0,9.6
2016,8,28,5,0,9.4
2016,8,28,6,0,9.3
2016,8,28,7,99,10.5
2016,8,28,8,300,12.2
2016,8,28,9,487,14
2016,8,28,10,637,15.4
2016,8,28,11,727,16.4
2016,8,28,12,757,17.2
2016,8,28,13,721,17.6
2016,8,28,14,618,17.8
2016,8,28,15,460,17.9
2016,8,28,16,270,17.4
2016,8,28,17,75,16.3
2016,8,28,18,0,15.7
2016,8,28,19,0,15.4
2016,8,28,20,0,15.4
2016,8,28,21,0,15.2
2016,8,28,22,0,14.8
2016,8,28,23,0,13.8
2016,8,29,0,0,12.6
2016,8,29,1,0,11.5
2016,8,29,2,0,10.7
2016,8,29,3,0,10.2
2016,8,29,4,0,9.7
2016,8,29,5,0,9.4
2016,8,29,6,0,9.4
2016,8,29,7,84,10.4
2016,8,29,8,295,11.5
2016,8,29,9,231,13.7
2016,8,29,10,290,15.5
2016,8,29,11,494,16.7
2016,8,29,12,602,17.1
2016,8,29,13,715,17.4
2016,8,29,14,279,17.7
2016,8,29,15,300,17.7
2016,8,29,16,266,17.3
2016,8,29,17,55,16.2
2016,8,29,18,0,15.7
2016,8,29,19,0,15.5
2016,8,29,20,0,15.4
2016,8,29,21,0,15.3
2016,8,29,22,0,15.1
2016,8,29,23,0,14.9
2016,8,30,0,0,14.7
2016,8,30,1,0,14.4
2016,8,30,2,0,14.4
2016,8,30,3,0,14.3
2016,8,30,4,0,14.2
2016,8,30,5,0,14.1
2016,8,30,6,0,14.1
2016,8,30,7,35,14.4
2016,8,30,8,132,15.3
2016,8,30,9,223,15.9
2016,8,30,10,467,16.5
2016,8,30,11,602,17.2
2016,8,30,12,535,17.7
2016,8,30,13,572,18
2016,8,30,14,464,18.6
2016,8,30,15,448,18.8
2016,8,30,16,266,18.3
2016,8,30,17,59,17.6
2016,8,30,18,0,17.2
2016,8,30,19,0,17.1
2016,8,30,20,0,17.1
2016,8,30,21,0,17.3
2016,8,30,22,0,17.3
2016,8,30,23,0,17.4
2016,8,31,0,0,17.2
2016,8,31,1,0,16.8
2016,8,31,2,0,16.6
2016,8,31,3,0,16.6
2016,8,31,4,0,16.4
2016,8,31,5,0,16.2
2016,8,31,6,0,16.1
2016,8,31,7,54,16.8
2016,8,31,8,173,17.7
2016,8,31,9,194,18.4
2016,8,31,10,236,18.7
2016,8,31,11,426,19
2016,8,31,12,509,19.3
2016,8,31,13,455,19.8
2016,8,31,14,437,20.2
2016,8,31,15,74,20.3
2016,8,31,16,182,20.1
2016,8,31,17,11,19.2
2016,8,31,18,0,18.6
2016,8,31,19,0,18.2
2016,8,31,20,0,17.7
2016,8,31,21,0,17.1
2016,8,31,22,0,16.3
2016,8,31,23,0,15.6
2016,9,1,0,0,15
2016,9,1,1,0,14.5
2016,9,1,2,0,14.1
2016,9,1,3,0,13.8
2016,9,1,4,0,13.5
2016,9,1,5,0,13.3
2016,9,1,6,0,13.1
2016,9,1,7,113,14.1
2016,9,1,8,315,15.7
2016,9,1,9,504,17.5
2016,9,1,10,652,18.6
2016,9,1,11,743,19.3
2016,9,1,12,771,19.8
2016,9,1,13,732,20.1
2016,9,1,14,627,20
2016,9,1,15,470,19.8
2016,9,1,16,187,19
2016,9,1,17,5,17.6
2016,9,1,18,0,16.7
2016,9,1,19,0,16.6
2016,9,1,20,0,16.6
2016,9,1,21,0,16.7
2016,9,1,22,0,16.8
2016,9,1,23,0,16.8
2016,9,2,0,0,16.6
2016,9,2,1,0,16.3
2016,9,2,2,0,16.1
2016,9,2,3,0,15.9
2016,9,2,4,0,15.8
2016,9,2,5,0,15.8
2016,9,2,6,0,15.8
2016,9,2,7,6,15.9
2016,9,2,8,16,16.1
2016,9,2,9,24,16.1
2016,9,2,10,68,16.1
2016,9,2,11,105,16.3
2016,9,2,12,183,16.5
2016,9,2,13,60,16.6
2016,9,2,14,65,16.8
2016,9,2,15,89,16.9
2016,9,2,16,12,17
2016,9,2,17,24,16.9
2016,9,2,18,0,16.9
2016,9,2,19,0,17.1
2016,9,2,20,0,17.5
2016,9,2,21,0,17.6
2016,9,2,22,0,17.6
2016,9,2,23,0,17.4
2016,9,3,0,0,17.1
2016,9,3,1,0,16.8
2016,9,3,2,0,16.3
2016,9,3,3,0,15.8
2016,9,3,4,0,15.5
2016,9,3,5,0,15.3
2016,9,3,6,0,15.3
2016,9,3,7,69,15.7
2016,9,3,8,268,16
2016,9,3,9,501,16.2
2016,9,3,10,489,16.8
2016,9,3,11,614,17.5
2016,9,3,12,277,18
2016,9,3,13,392,18.2
2016,9,3,14,453,18.1
2016,9,3,15,473,17.9
2016,9,3,16,284,17.4
2016,9,3,17,87,16.5
2016,9,3,18,0,15.8
2016,9,3,19,0,15.2
2016,9,3,20,0,14.8
2016,9,3,21,0,14.4
2016,9,3,22,0,14
2016,9,3,23,0,13.7
2016,9,4,0,0,13.4
2016,9,4,1,0,13.2
2016,9,4,2,0,13.1
2016,9,4,3,0,12.9
2016,9,4,4,0,12.7
2016,9,4,5,0,12.6
2016,9,4,6,0,12.7
2016,9,4,7,67,13.7
2016,9,4,8,327,14.7
2016,9,4,9,518,15.6
2016,9,4,10,664,16.3
2016,9,4,11,758,17.1
2016,9,4,12,584,17.7
2016,9,4,13,749,18.2
2016,9,4,14,462,18.4
2016,9,4,15,487,18.4
2016,9,4,16,289,18.1
2016,9,4,17,87,17.1
2016,9,4,18,0,16.5
2016,9,4,19,0,16.1
2016,9,4,20,0,15.6
2016,9,4,21,0,15.2
2016,9,4,22,0,14.3
2016,9,4,23,0,13.1
2016,9,5,0,0,12.1
2016,9,5,1,0,11.7
2016,9,5,2,0,11.4
2016,9,5,3,0,11.2
2016,9,5,4,0,11
2016,9,5,5,0,11
2016,9,5,6,0,11.1
2016,9,5,7,125,12.4
2016,9,5,8,329,13.8
2016,9,5,9,518,15.2
2016,9,5,10,666,16.6
2016,9,5,11,758,17.7
2016,9,5,12,785,18.5
2016,9,5,13,749,18.9
2016,9,5,14,644,19.1
2016,9,5,15,485,19
2016,9,5,16,289,18.4
2016,9,5,17,88,17.1
2016,9,5,18,0,16.1
2016,9,5,19,0,15.8
2016,9,5,20,0,15.6
2016,9,5,21,0,15.6
2016,9,5,22,0,15.5
2016,9,5,23,0,15.1
2016,9,6,0,0,14.6
2016,9,6,1,0,14.1
2016,9,6,2,0,13.7
2016,9,6,3,0,13.3
2016,9,6,4,0,13
2016,9,6,5,0,12.9
2016,9,6,6,0,12.8
2016,9,6,7,124,13.5
2016,9,6,8,325,14.7
2016,9,6,9,515,16.3
2016,9,6,10,666,18
2016,9,6,11,757,19.1
2016,9,6,12,783,19.8
2016,9,6,13,744,20.3
2016,9,6,14,640,20.4
2016,9,6,15,481,20.3
2016,9,6,16,287,19.6
2016,9,6,17,88,18.1
2016,9,6,18,0,17.1
2016,9,6,19,0,16.7
2016,9,6,20,0,16.5
2016,9,6,21,0,16.2
2016,9,6,22,0,16
2016,9,6,23,0,15.9
2016,9,7,0,0,16.1
2016,9,7,1,0,16.1
2016,9,7,2,0,16
2016,9,7,3,0,15.9
2016,9,7,4,0,15.8
2016,9,7,5,0,15.7
2016,9,7,6,0,15.7
2016,9,7,7,127,16.3
2016,9,7,8,326,17.4
2016,9,7,9,234,18.6
2016,9,7,10,472,19.4
2016,9,7,11,473,19.8
2016,9,7,12,774,20.1
2016,9,7,13,732,20.2
2016,9,7,14,627,20.1
2016,9,7,15,471,19.9
2016,9,7,16,280,19.4
2016,9,7,17,86,18.4
2016,9,7,18,0,17.7
2016,9,7,19,0,17.4
2016,9,7,20,0,17.2
2016,9,7,21,0,17.1
2016,9,7,22,0,17
2016,9,7,23,0,16.9
2016,9,8,0,0,16.7
2016,9,8,1,0,16.6
2016,9,8,2,0,16.4
2016,9,8,3,0,16.3
2016,9,8,4,0,16.2
2016,9,8,5,0,15.8
2016,9,8,6,0,15.8
2016,9,8,7,45,16.9
2016,9,8,8,139,18.1
2016,9,8,9,314,19.2
2016,9,8,10,503,19.9
2016,9,8,11,547,20.4
2016,9,8,12,591,20.7
2016,9,8,13,503,20.8
2016,9,8,14,634,20.7
2016,9,8,15,421,20.4
2016,9,8,16,281,19.8
2016,9,8,17,87,18.9
2016,9,8,18,0,18.2
2016,9,8,19,0,18.1
2016,9,8,20,0,18
2016,9,8,21,0,18
2016,9,8,22,0,17.8
2016,9,8,23,0,17.6
2016,9,9,0,0,17.3
2016,9,9,1,0,17
2016,9,9,2,0,16.7
2016,9,9,3,0,16.4
2016,9,9,4,0,16.1
2016,9,9,5,0,15.8
2016,9,9,6,0,15.9
2016,9,9,7,134,16.7
2016,9,9,8,287,17.7
2016,9,9,9,523,19
2016,9,9,10,671,20
2016,9,9,11,761,20.7
2016,9,9,12,786,21.1
2016,9,9,13,747,21.1
2016,9,9,14,642,20.8
2016,9,9,15,398,20.5
2016,9,9,16,266,19.8
2016,9,9,17,89,18.8
2016,9,9,18,0,18.3
2016,9,9,19,0,18.1
2016,9,9,20,0,18.1
2016,9,9,21,0,18.1
2016,9,9,22,0,18
2016,9,9,23,0,17.9
2016,9,10,0,0,17.8
2016,9,10,1,0,17.7
2016,9,10,2,0,17.6
2016,9,10,3,0,17.4
2016,9,10,4,0,17
2016,9,10,5,0,16.4
2016,9,10,6,0,15.7
2016,9,10,7,117,15.6
2016,9,10,8,363,16
2016,9,10,9,553,16.8
2016,9,10,10,693,17.8
2016,9,10,11,780,18.9
2016,9,10,12,803,19.5
2016,9,10,13,616,19.9
2016,9,10,14,489,19.9
2016,9,10,15,357,19.6
2016,9,10,16,304,19.1
2016,9,10,17,61,18.2
2016,9,10,18,0,17.4
2016,9,10,19,0,16.7
2016,9,10,20,0,16.2
2016,9,10,21,0,15.8
2016,9,10,22,0,15.5
2016,9,10,23,0,15.1
2016,9,11,0,0,14.8
2016,9,11,1,0,14.4
2016,9,11,2,0,14
2016,9,11,3,0,13.6
2016,9,11,4,0,13.2
2016,9,11,5,0,12.9
2016,9,11,6,0,12.8
2016,9,11,7,159,13.9
2016,9,11,8,370,15.2
2016,9,11,9,561,16.2
2016,9,11,10,708,17
2016,9,11,11,796,17.7
2016,9,11,12,821,18.2
2016,9,11,13,777,18.5
2016,9,11,14,570,18.5
2016,9,11,15,421,18.3
2016,9,11,16,265,17.7
2016,9,11,17,61,16.4
2016,9,11,18,0,15.5
2016,9,11,19,0,15.3
2016,9,11,20,0,15.3
2016,9,11,21,0,15.5
2016,9,11,22,0,15.5
2016,9,11,23,0,15.4
2016,9,12,0,0,15.1
2016,9,12,1,0,14.7
2016,9,12,2,0,14.4
2016,9,12,3,0,14
2016,9,12,4,0,13.6
2016,9,12,5,0,13.4
2016,9,12,6,0,13.4
2016,9,12,7,153,14.6
2016,9,12,8,358,15.6
2016,9,12,9,546,16.5
2016,9,12,10,701,17.3
2016,9,12,11,789,18
2016,9,12,12,810,18.6
2016,9,12,13,769,19
2016,9,12,14,658,19.1
2016,9,12,15,248,18.9
2016,9,12,16,249,18.5
2016,9,12,17,76,17.4
2016,9,12,18,0,16.6
2016,9,12,19,0,16.4
2016,9,12,20,0,16.4
2016,9,12,21,0,16.5
2016,9,12,22,0,16.6
2016,9,12,23,0,16.6
2016,9,13,0,0,16.9
2016,9,13,1,0,16.9
2016,9,13,2,0,16.4
2016,9,13,3,0,16.2
2016,9,13,4,0,15.9
2016,9,13,5,0,15.9
2016,9,13,6,0,16.2
2016,9,13,7,139,17
2016,9,13,8,85,17.8
2016,9,13,9,309,18.4
2016,9,13,10,388,19
2016,9,13,11,488,19.5
2016,9,13,12,523,19.8
2016,9,13,13,405,20
2016,9,13,14,215,19.9
2016,9,13,15,239,19.7
2016,9,13,16,99,19.3
2016,9,13,17,42,18.1
2016,9,13,18,0,17.1
2016,9,13,19,0,16.7
2016,9,13,20,0,16.7
2016,9,13,21,0,16.7
2016,9,13,22,0,16.6
2016,9,13,23,0,16.6
2016,9,14,0,0,16.5
2016,9,14,1,0,16.3
2016,9,14,2,0,16.2
2016,9,14,3,0,16.2
2016,9,14,4,0,16.2
2016,9,14,5,0,16.2
2016,9,14,6,0,16.3
2016,9,14,7,77,16.8
2016,9,14,8,96,17.6
2016,9,14,9,124,18.4
2016,9,14,10,337,18.8
2016,9,14,11,775,19.3
2016,9,14,12,797,19.8
2016,9,14,13,762,20.2
2016,9,14,14,516,20.5
2016,9,14,15,199,20.7
2016,9,14,16,207,20.6
2016,9,14,17,59,20.1
2016,9,14,18,0,19.8
2016,9,14,19,0,19.8
2016,9,14,20,0,19.3
2016,9,14,21,0,18.6
2016,9,14,22,0,17.8
2016,9,14,23,0,17
2016,9,15,0,0,16.4
2016,9,15,1,0,15.9
2016,9,15,2,0,15.3
2016,9,15,3,0,14.8
2016,9,15,4,0,14.3
2016,9,15,5,0,13.9
2016,9,15,6,0,14
2016,9,15,7,185,15
2016,9,15,8,400,15.7
2016,9,15,9,596,16.6
2016,9,15,10,742,17.8
2016,9,15,11,677,19
2016,9,15,12,667,20
2016,9,15,13,575,20.4
2016,9,15,14,574,20.3
2016,9,15,15,277,20.1
2016,9,15,16,246,19.6
2016,9,15,17,79,18.6
2016,9,15,18,0,17.7
2016,9,15,19,0,17.2
2016,9,15,20,0,16.7
2016,9,15,21,0,16.3
2016,9,15,22,0,15.9
2016,9,15,23,0,15.5
2016,9,16,0,0,15.1
2016,9,16,1,0,14.8
2016,9,16,2,0,14.6
2016,9,16,3,0,14.2
2016,9,16,4,0,14
2016,9,16,5,0,13.8
2016,9,16,6,0,14
2016,9,16,7,48,14.9
2016,9,16,8,128,15.6
2016,9,16,9,440,16.3
2016,9,16,10,597,17.3
2016,9,16,11,582,18.3
2016,9,16,12,422,19.2
2016,9,16,13,793,19.8
2016,9,16,14,687,20.1
2016,9,16,15,526,20.1
2016,9,16,16,326,19.8
2016,9,16,17,116,18.8
2016,9,16,18,0,17.8
2016,9,16,19,0,17.2
2016,9,16,20,0,16.5
2016,9,16,21,0,15.9
2016,9,16,22,0,15.4
2016,9,16,23,0,14.9
2016,9,17,0,0,14.6
2016,9,17,1,0,14.2
2016,9,17,2,0,13.8
2016,9,17,3,0,13.3
2016,9,17,4,0,12.9
2016,9,17,5,0,12.6
2016,9,17,6,14,12.7
2016,9,17,7,192,13.9
2016,9,17,8,404,15.5
2016,9,17,9,596,17.5
2016,9,17,10,746,18.7
2016,9,17,11,835,19.6
2016,9,17,12,858,20
2016,9,17,13,807,20.2
2016,9,17,14,490,20.1
2016,9,17,15,348,19.9
2016,9,17,16,254,19.2
2016,9,17,17,66,18.2
2016,9,17,18,0,17.5
2016,9,17,19,0,17.3
2016,9,17,20,0,17.2
2016,9,17,21,0,17.1
2016,9,17,22,0,16.9
2016,9,17,23,0,16.8
2016,9,18,0,0,16.8
2016,9,18,1,0,16.6
2016,9,18,2,0,16.3
2016,9,18,3,0,16.2
2016,9,18,4,0,16.1
2016,9,18,5,0,16.1
2016,9,18,6,3,16.2
2016,9,18,7,22,16.6
2016,9,18,8,78,16.9
2016,9,18,9,125,16.9
2016,9,18,10,109,16.8
2016,9,18,11,137,17.2
2016,9,18,12,107,17.5
2016,9,18,13,150,17.2
2016,9,18,14,52,16.9
2016,9,18,15,68,16.7
2016,9,18,16,14,16.1
2016,9,18,17,6,15.5
2016,9,18,18,0,15.3
2016,9,18,19,0,14.9
2016,9,18,20,0,14.6
2016,9,18,21,0,14.4
2016,9,18,22,0,14.2
2016,9,18,23,0,14
2016,9,19,0,0,13.9
2016,9,19,1,0,13.9
2016,9,19,2,0,14.2
2016,9,19,3,0,14.3
2016,9,19,4,0,14.1
2016,9,19,5,0,14
2016,9,19,6,18,14.2
2016,9,19,7,89,15.1
2016,9,19,8,412,15.9
2016,9,19,9,605,16.7
2016,9,19,10,752,17.6
2016,9,19,11,840,18.5
2016,9,19,12,865,19.2
2016,9,19,13,819,19.6
2016,9,19,14,707,19.7
2016,9,19,15,541,19.5
2016,9,19,16,337,19.1
2016,9,19,17,124,18
2016,9,19,18,0,16.7
2016,9,19,19,0,15.9
2016,9,19,20,0,15.1
2016,9,19,21,0,14.3
2016,9,19,22,0,13.7
2016,9,19,23,0,13.2
2016,9,20,0,0,12.7
2016,9,20,1,0,12.4
2016,9,20,2,0,12
2016,9,20,3,0,11.7
2016,9,20,4,0,11.4
2016,9,20,5,0,11.2
2016,9,20,6,22,11.4
2016,9,20,7,212,12.5
2016,9,20,8,432,13.9
2016,9,20,9,510,15.3
2016,9,20,10,700,16.4
2016,9,20,11,779,17.3
2016,9,20,12,880,18.1
2016,9,20,13,667,18.3
2016,9,20,14,518,18.4
2016,9,20,15,383,18.3
2016,9,20,16,289,17.8
2016,9,20,17,104,16.9
2016,9,20,18,0,16.1
2016,9,20,19,0,15.9
2016,9,20,20,0,15.8
2016,9,20,21,0,15.8
2016,9,20,22,0,15.7
2016,9,20,23,0,15.7
2016,9,21,0,0,15.6
2016,9,21,1,0,15.4
2016,9,21,2,0,15.3
2016,9,21,3,0,15.2
2016,9,21,4,0,15.3
2016,9,21,5,0,15.3
2016,9,21,6,10,15.7
2016,9,21,7,78,16.8
2016,9,21,8,292,17.7
2016,9,21,9,427,18.4
2016,9,21,10,558,19.2
2016,9,21,11,380,19.3
2016,9,21,12,156,18.4
2016,9,21,13,263,17.5
2016,9,21,14,212,17.4
2016,9,21,15,43,17.9
2016,9,21,16,110,18.2
2016,9,21,17,13,17.8
2016,9,21,18,0,17.1
2016,9,21,19,0,16.8
2016,9,21,20,0,16.5
2016,9,21,21,0,16
2016,9,21,22,0,15.4
2016,9,21,23,0,14.8
2016,9,22,0,0,14.3
2016,9,22,1,0,14.1
2016,9,22,2,0,13.9
2016,9,22,3,0,13.7
2016,9,22,4,0,13.6
2016,9,22,5,0,13.7
2016,9,22,6,15,13.9
2016,9,22,7,206,15
2016,9,22,8,419,16.2
2016,9,22,9,609,17.1
2016,9,22,10,200,17.9
2016,9,22,11,372,18.6
2016,9,22,12,334,19.3
2016,9,22,13,108,19.6
2016,9,22,14,349,19.5
2016,9,22,15,173,19
2016,9,22,16,108,18.4
2016,9,22,17,76,17.5
2016,9,22,18,0,16.7
2016,9,22,19,0,16.5
2016,9,22,20,0,16.4
2016,9,22,21,0,16.5
2016,9,22,22,0,16.6
2016,9,22,23,0,16.6
2016,9,23,0,0,16.5
2016,9,23,1,0,16.2
2016,9,23,2,0,16
2016,9,23,3,0,15.9
2016,9,23,4,0,15.7
2016,9,23,5,0,15.5
2016,9,23,6,6,15.6
2016,9,23,7,206,15.9
2016,9,23,8,85,16.3
2016,9,23,9,322,16.7
2016,9,23,10,536,17.2
2016,9,23,11,823,17.8
2016,9,23,12,629,18.4
2016,9,23,13,800,18.5
2016,9,23,14,689,18.5
2016,9,23,15,524,18.5
2016,9,23,16,325,18.3
2016,9,23,17,120,17.7
2016,9,23,18,0,17
2016,9,23,19,0,16.6
2016,9,23,20,0,16.4
2016,9,23,21,0,16.2
2016,9,23,22,0,16.1
2016,9,23,23,0,15.9
2016,9,24,0,0,15.7
2016,9,24,1,0,15.4
2016,9,24,2,0,15.2
2016,9,24,3,0,14.9
2016,9,24,4,0,14.6
2016,9,24,5,0,14.4
2016,9,24,6,29,14.8
2016,9,24,7,215,15.9
2016,9,24,8,425,17.1
2016,9,24,9,614,18.1
2016,9,24,10,764,19
2016,9,24,11,852,19.8
2016,9,24,12,872,20.4
2016,9,24,13,822,20.7
2016,9,24,14,705,20.8
2016,9,24,15,539,20.6
2016,9,24,16,340,20.2
2016,9,24,17,9,19.1
2016,9,24,18,0,17.9
2016,9,24,19,0,17.7
2016,9,24,20,0,17.5
2016,9,24,21,0,17.4
2016,9,24,22,0,17.2
2016,9,24,23,0,16.9
2016,9,25,0,0,16.7
2016,9,25,1,0,16.5
2016,9,25,2,0,16.2
2016,9,25,3,0,15.8
2016,9,25,4,0,15.4
2016,9,25,5,0,15.2
2016,9,25,6,12,15.4
2016,9,25,7,62,15.6
2016,9,25,8,304,16.2
2016,9,25,9,379,17.5
2016,9,25,10,484,18.6
2016,9,25,11,564,19.3
2016,9,25,12,648,19.8
2016,9,25,13,53,20
2016,9,25,14,48,19.9
2016,9,25,15,169,19.4
2016,9,25,16,151,18.6
2016,9,25,17,33,17.8
2016,9,25,18,0,16.9
2016,9,25,19,0,16.3
2016,9,25,20,0,15.8
2016,9,25,21,0,15.4
2016,9,25,22,0,15.2
2016,9,25,23,0,14.9
2016,9,26,0,0,14.5
2016,9,26,1,0,14.1
2016,9,26,2,0,14
2016,9,26,3,0,13.8
2016,9,26,4,0,13.5
2016,9,26,5,0,13.1
2016,9,26,6,40,13.2
2016,9,26,7,240,14
2016,9,26,8,460,15
2016,9,26,9,654,15.9
2016,9,26,10,804,16.8
2016,9,26,11,890,17.4
2016,9,26,12,905,18.1
2016,9,26,13,855,18.5
2016,9,26,14,738,18.7
2016,9,26,15,567,18.7
2016,9,26,16,358,18.4
2016,9,26,17,30,17.6
2016,9,26,18,0,16.6
2016,9,26,19,0,16.3
2016,9,26,20,0,15.8
2016,9,26,21,0,15.1
2016,9,26,22,0,14.5
2016,9,26,23,0,13.9
2016,9,27,0,0,13.5
2016,9,27,1,0,13.1
2016,9,27,2,0,12.8
2016,9,27,3,0,12.6
2016,9,27,4,0,12.4
2016,9,27,5,0,12.2
2016,9,27,6,40,12.7
2016,9,27,7,154,14
2016,9,27,8,451,15.7
2016,9,27,9,644,17.7
2016,9,27,10,790,19.2
2016,9,27,11,770,20.2
2016,9,27,12,896,20.7
2016,9,27,13,547,20.6
2016,9,27,14,747,19.9
2016,9,27,15,579,19.2
2016,9,27,16,369,18.4
2016,9,27,17,146,17.4
2016,9,27,18,0,16.3
2016,9,27,19,0,15.6
2016,9,27,20,0,15
2016,9,27,21,0,14.4
2016,9,27,22,0,13.9
2016,9,27,23,0,13.5
2016,9,28,0,0,13.1
2016,9,28,1,0,12.8
2016,9,28,2,0,12.7
2016,9,28,3,0,12.5
2016,9,28,4,0,12.3
2016,9,28,5,0,12.2
2016,9,28,6,48,12.7
2016,9,28,7,253,14.2
2016,9,28,8,473,15.7
2016,9,28,9,664,16.9
2016,9,28,10,810,17.8
2016,9,28,11,895,18.3
2016,9,28,12,423,18.8
2016,9,28,13,862,19
2016,9,28,14,747,19
2016,9,28,15,576,18.9
2016,9,28,16,367,18.5
2016,9,28,17,146,17.6
2016,9,28,18,0,16.5
2016,9,28,19,0,16.3
2016,9,28,20,0,16.2
2016,9,28,21,0,16.2
2016,9,28,22,0,16.3
2016,9,28,23,0,16.2
2016,9,29,0,0,16.4
2016,9,29,1,0,16.4
2016,9,29,2,0,16.4
2016,9,29,3,0,16.5
2016,9,29,4,0,16.6
2016,9,29,5,0,16.7
2016,9,29,6,4,17.1
2016,9,29,7,71,17.8
2016,9,29,8,22,17.8
2016,9,29,9,98,17.9
2016,9,29,10,48,17.8
2016,9,29,11,294,18.1
2016,9,29,12,68,18.8
2016,9,29,13,597,19.5
2016,9,29,14,383,20.5
2016,9,29,15,559,21.1
2016,9,29,16,361,20.8
2016,9,29,17,146,19.8
2016,9,29,18,0,18.2
2016,9,29,19,0,17.2
2016,9,29,20,0,16.5
2016,9,29,21,0,15.9
2016,9,29,22,0,15.4
2016,9,29,23,0,14.8
2016,9,30,0,0,14.3
2016,9,30,1,0,14
2016,9,30,2,0,13.8
2016,9,30,3,0,13.7
2016,9,30,4,0,13.4
2016,9,30,5,0,13.1
2016,9,30,6,14,13.4
2016,9,30,7,235,14.3
2016,9,30,8,448,15.2
2016,9,30,9,476,16.2
2016,9,30,10,415,17
2016,9,30,11,620,17.3
2016,9,30,12,526,17.3
2016,9,30,13,614,17
2016,9,30,14,272,17.1
2016,9,30,15,558,17.3
2016,9,30,16,359,17.1
2016,9,30,17,146,16.3
2016,9,30,18,0,15.1
2016,9,30,19,0,14.5
2016,9,30,20,0,14.1
2016,9,30,21,0,14
2016,9,30,22,0,13.9
2016,9,30,23,0,13.8
2016,10,1,0,0,13.7
2016,10,1,1,0,13.7
2016,10,1,2,0,13.7
2016,10,1,3,0,13.8
2016,10,1,4,0,14
2016,10,1,5,0,14.2
2016,10,1,6,45,15.2
2016,10,1,7,262,16.5
2016,10,1,8,480,17.4
2016,10,1,9,671,18.4
2016,10,1,10,818,19.2
2016,10,1,11,905,19.9
2016,10,1,12,926,20.4
2016,10,1,13,872,20.7
2016,10,1,14,758,20.6
2016,10,1,15,586,20.5
2016,10,1,16,378,20.1
2016,10,1,17,157,19.3
2016,10,1,18,0,17.9
2016,10,1,19,0,17.2
2016,10,1,20,0,16.5
2016,10,1,21,0,16
2016,10,1,22,0,15.5
2016,10,1,23,0,15
2016,10,2,0,0,14.5
2016,10,2,1,0,14.2
2016,10,2,2,0,14
2016,10,2,3,0,13.8
2016,10,2,4,0,13.7
2016,10,2,5,0,13.4
2016,10,2,6,60,14
2016,10,2,7,266,15.4
2016,10,2,8,485,17.2
2016,10,2,9,680,19
2016,10,2,10,829,20.4
2016,10,2,11,912,21.6
2016,10,2,12,931,22.5
2016,10,2,13,882,23.1
2016,10,2,14,765,23.3
2016,10,2,15,589,23.3
2016,10,2,16,379,23.1
2016,10,2,17,157,22
2016,10,2,18,0,20.7
2016,10,2,19,0,20.6
2016,10,2,20,0,20.4
2016,10,2,21,0,19.9
2016,10,2,22,0,19.3
2016,10,2,23,0,18.8
2016,10,3,0,0,18.2
2016,10,3,1,0,17.9
2016,10,3,2,0,17.9
2016,10,3,3,0,17.7
2016,10,3,4,0,17.3
2016,10,3,5,0,17.4
2016,10,3,6,44,17.8
2016,10,3,7,139,18.5
2016,10,3,8,305,19.9
2016,10,3,9,496,21.4
2016,10,3,10,778,22.2
2016,10,3,11,858,22.5
2016,10,3,12,890,22.9
2016,10,3,13,532,23.2
2016,10,3,14,139,23
2016,10,3,15,600,22
2016,10,3,16,393,20.5
2016,10,3,17,168,19.1
2016,10,3,18,0,17.8
2016,10,3,19,0,16.9
2016,10,3,20,0,16.2
2016,10,3,21,0,15.7
2016,10,3,22,0,15.4
2016,10,3,23,0,15.1
2016,10,4,0,0,14.9
2016,10,4,1,0,14.7
2016,10,4,2,0,14.5
2016,10,4,3,0,14.3
2016,10,4,4,0,14.1
2016,10,4,5,0,13.8
2016,10,4,6,68,14.4
2016,10,4,7,281,15.2
2016,10,4,8,503,16
2016,10,4,9,693,17
2016,10,4,10,837,18.2
2016,10,4,11,922,19.4
2016,10,4,12,937,20.5
2016,10,4,13,883,21.2
2016,10,4,14,764,21.4
2016,10,4,15,596,21.3
2016,10,4,16,387,20.7
2016,10,4,17,164,19.7
2016,10,4,18,0,18.7
2016,10,4,19,0,17.9
2016,10,4,20,0,16.9
2016,10,4,21,0,16
2016,10,4,22,0,15.4
2016,10,4,23,0,14.7
2016,10,5,0,0,14
2016,10,5,1,0,13.6
2016,10,5,2,0,13.3
2016,10,5,3,0,13
2016,10,5,4,0,12.7
2016,10,5,5,0,12.4
2016,10,5,6,80,12.8
2016,10,5,7,302,13.5
2016,10,5,8,530,14.6
2016,10,5,9,728,15.9
2016,10,5,10,875,17.5
2016,10,5,11,961,18.9
2016,10,5,12,972,20
2016,10,5,13,913,20.8
2016,10,5,14,789,21.2
2016,10,5,15,607,21.2
2016,10,5,16,392,20.8
2016,10,5,17,123,19.9
2016,10,5,18,0,18.5
2016,10,5,19,0,17.5
2016,10,5,20,0,16.7
2016,10,5,21,0,16.1
2016,10,5,22,0,15.7
2016,10,5,23,0,15.4
2016,10,6,0,0,15.2
2016,10,6,1,0,15
2016,10,6,2,0,15
2016,10,6,3,0,15
2016,10,6,4,0,15
2016,10,6,5,0,14.9
2016,10,6,6,76,15.6
2016,10,6,7,289,17.4
2016,10,6,8,511,19.1
2016,10,6,9,622,20.5
2016,10,6,10,739,21.9
2016,10,6,11,775,23
2016,10,6,12,765,24
2016,10,6,13,754,24.6
2016,10,6,14,773,24.8
2016,10,6,15,596,24.8
2016,10,6,16,384,24.4
2016,10,6,17,163,23.4
2016,10,6,18,0,22
2016,10,6,19,0,21.2
2016,10,6,20,0,20.4
2016,10,6,21,0,19.6
2016,10,6,22,0,18.9
2016,10,6,23,0,18.3
2016,10,7,0,0,17.7
2016,10,7,1,0,17.1
2016,10,7,2,0,16.7
2016,10,7,3,0,16.3
2016,10,7,4,0,16
2016,10,7,5,0,16.1
2016,10,7,6,74,16.9
2016,10,7,7,289,18.2
2016,10,7,8,512,20
2016,10,7,9,611,22.3
2016,10,7,10,851,23.9
2016,10,7,11,934,24.9
2016,10,7,12,947,25.7
2016,10,7,13,892,26.1
2016,10,7,14,771,26.3
2016,10,7,15,418,26.2
2016,10,7,16,251,25.9
2016,10,7,17,148,25
2016,10,7,18,0,23.5
2016,10,7,19,0,22.6
2016,10,7,20,0,21.8
2016,10,7,21,0,21.1
2016,10,7,22,0,20.7
2016,10,7,23,0,20.2
2016,10,8,0,0,19.7
2016,10,8,1,0,19.3
2016,10,8,2,0,19
2016,10,8,3,0,18.8
2016,10,8,4,0,19.2
2016,10,8,5,0,19.2
2016,10,8,6,51,19.6
2016,10,8,7,241,20
2016,10,8,8,311,20.4
2016,10,8,9,578,20.7
2016,10,8,10,805,20.5
2016,10,8,11,612,19.9
2016,10,8,12,764,19.2
2016,10,8,13,645,18.4
2016,10,8,14,497,17.9
2016,10,8,15,144,17.5
2016,10,8,16,50,17.1
2016,10,8,17,23,16.8
2016,10,8,18,0,16.6
2016,10,8,19,0,16.6
2016,10,8,20,0,16.7
2016,10,8,21,0,16.6
2016,10,8,22,0,16.4
2016,10,8,23,0,16.1
2016,10,9,0,0,16
2016,10,9,1,0,15.8
2016,10,9,2,0,15.6
2016,10,9,3,0,15.4
2016,10,9,4,0,15.3
2016,10,9,5,0,15.2
2016,10,9,6,66,15.9
2016,10,9,7,314,17.2
2016,10,9,8,455,18.1
2016,10,9,9,727,18.8
2016,10,9,10,746,19.6
2016,10,9,11,798,20.2
2016,10,9,12,954,20.8
2016,10,9,13,682,21.1
2016,10,9,14,664,21.3
2016,10,9,15,298,21
2016,10,9,16,259,20.5
2016,10,9,17,96,19.7
2016,10,9,18,0,18.7
2016,10,9,19,0,18.3
2016,10,9,20,0,18.1
2016,10,9,21,0,18
2016,10,9,22,0,17.8
2016,10,9,23,0,17.5
2016,10,10,0,0,17.2
2016,10,10,1,0,17.1
2016,10,10,2,0,17
2016,10,10,3,0,16.9
2016,10,10,4,0,16.8
2016,10,10,5,0,16.7
2016,10,10,6,36,17.6
2016,10,10,7,297,19.3
2016,10,10,8,469,21.7
2016,10,10,9,597,24.2
2016,10,10,10,678,26.3
2016,10,10,11,753,27.6
2016,10,10,12,756,28.5
2016,10,10,13,653,28.7
2016,10,10,14,559,28.4
2016,10,10,15,435,27.2
2016,10,10,16,286,25.9
2016,10,10,17,72,24.4
2016,10,10,18,0,22.5
2016,10,10,19,0,21
2016,10,10,20,0,19.9
2016,10,10,21,0,18.6
2016,10,10,22,0,17.4
2016,10,10,23,0,16
2016,10,11,0,0,14.6
2016,10,11,1,0,13.8
2016,10,11,2,0,13.8
2016,10,11,3,0,13.6
2016,10,11,4,0,13.4
2016,10,11,5,0,13.3
2016,10,11,6,105,13.7
2016,10,11,7,331,14.1
2016,10,11,8,558,14.9
2016,10,11,9,753,15.9
2016,10,11,10,897,16.8
2016,10,11,11,977,17.7
2016,10,11,12,991,18.4
2016,10,11,13,696,18.8
2016,10,11,14,358,19
2016,10,11,15,445,19
2016,10,11,16,413,18.7
2016,10,11,17,184,18.1
2016,10,11,18,0,16.8
2016,10,11,19,0,16.2
2016,10,11,20,0,15.6
2016,10,11,21,0,14.8
2016,10,11,22,0,14
2016,10,11,23,0,13.4
2016,10,12,0,0,12.9
2016,10,12,1,0,12.5
2016,10,12,2,0,12.2
2016,10,12,3,0,12.1
2016,10,12,4,0,12
2016,10,12,5,0,11.9
2016,10,12,6,74,12.7
2016,10,12,7,315,14
2016,10,12,8,533,15.5
2016,10,12,9,723,16.7
2016,10,12,10,867,17.8
2016,10,12,11,951,18.7
2016,10,12,12,964,19.6
2016,10,12,13,909,20.2
2016,10,12,14,459,20.5
2016,10,12,15,435,20.4
2016,10,12,16,96,20
2016,10,12,17,52,19.2
2016,10,12,18,0,18.3
2016,10,12,19,0,17.8
2016,10,12,20,0,17.4
2016,10,12,21,0,16.8
2016,10,12,22,0,16.2
2016,10,12,23,0,15.6
2016,10,13,0,0,15.1
2016,10,13,1,0,14.8
2016,10,13,2,0,14.5
2016,10,13,3,0,14.1
2016,10,13,4,0,13.7
2016,10,13,5,0,13.4
2016,10,13,6,78,13.7
2016,10,13,7,310,14.4
2016,10,13,8,528,15.2
2016,10,13,9,574,15.9
2016,10,13,10,860,16.3
2016,10,13,11,941,16.7
2016,10,13,12,762,16.8
2016,10,13,13,495,16.9
2016,10,13,14,326,16.8
2016,10,13,15,102,16.6
2016,10,13,16,42,16.3
2016,10,13,17,186,15.8
2016,10,13,18,0,15.2
2016,10,13,19,0,14.9
2016,10,13,20,0,14.9
2016,10,13,21,0,14.8
2016,10,13,22,0,14.8
2016,10,13,23,0,14.7
2016,10,14,0,0,14.6
2016,10,14,1,0,14.3
2016,10,14,2,0,14
2016,10,14,3,0,13.8
2016,10,14,4,0,13.6
2016,10,14,5,0,13.4
2016,10,14,6,110,14.2
2016,10,14,7,330,15.4
2016,10,14,8,552,16.6
2016,10,14,9,744,17.5
2016,10,14,10,886,18.3
2016,10,14,11,967,18.9
2016,10,14,12,984,19.4
2016,10,14,13,927,19.6
2016,10,14,14,806,19.6
2016,10,14,15,629,19.4
2016,10,14,16,416,18.9
2016,10,14,17,189,18.2
2016,10,14,18,13,17
2016,10,14,19,0,16.5
2016,10,14,20,0,16.2
2016,10,14,21,0,15.8
2016,10,14,22,0,15.5
2016,10,14,23,0,15.1
2016,10,15,0,0,14.8
2016,10,15,1,0,14.4
2016,10,15,2,0,14.1
2016,10,15,3,0,13.6
2016,10,15,4,0,13.2
2016,10,15,5,0,12.9
2016,10,15,6,116,13.5
2016,10,15,7,343,15
2016,10,15,8,568,17.3
2016,10,15,9,762,19.6
2016,10,15,10,908,21.3
2016,10,15,11,991,22.7
2016,10,15,12,999,23.6
2016,10,15,13,950,24.2
2016,10,15,14,822,24.3
2016,10,15,15,641,24.3
2016,10,15,16,421,23.9
2016,10,15,17,193,22.7
2016,10,15,18,13,20.8
2016,10,15,19,0,19.7
2016,10,15,20,0,19
2016,10,15,21,0,18.4
2016,10,15,22,0,17.9
2016,10,15,23,0,17.4
2016,10,16,0,0,16.9
2016,10,16,1,0,16.5
2016,10,16,2,0,16.1
2016,10,16,3,0,15.8
2016,10,16,4,0,15.6
2016,10,16,5,0,15.5
2016,10,16,6,117,16.6
2016,10,16,7,341,18.4
2016,10,16,8,563,20.9
2016,10,16,9,754,22.8
2016,10,16,10,898,23.9
2016,10,16,11,975,24.9
2016,10,16,12,987,25.7
2016,10,16,13,928,26.1
2016,10,16,14,803,26.1
2016,10,16,15,627,25.9
2016,10,16,16,338,25.4
2016,10,16,17,152,24.4
2016,10,16,18,14,23.3
2016,10,16,19,0,22.7
2016,10,16,20,0,22.4
2016,10,16,21,0,22.1
2016,10,16,22,0,21.8
2016,10,16,23,0,21.6
2016,10,17,0,0,21.4
2016,10,17,1,0,21.2
2016,10,17,2,0,21.1
2016,10,17,3,0,21.4
2016,10,17,4,0,21.5
2016,10,17,5,0,21.4
2016,10,17,6,7,20.9
2016,10,17,7,35,19.7
2016,10,17,8,38,19
2016,10,17,9,50,18.6
2016,10,17,10,67,18.3
2016,10,17,11,204,18.2
2016,10,17,12,134,17.9
2016,10,17,13,73,17.5
2016,10,17,14,99,17.6
2016,10,17,15,225,18
2016,10,17,16,320,18.4
2016,10,17,17,191,18.5
2016,10,17,18,16,17.7
2016,10,17,19,0,17.4
2016,10,17,20,0,16.9
2016,10,17,21,0,16.1
2016,10,17,22,0,15.6
2016,10,17,23,0,15.3
2016,10,18,0,0,15
2016,10,18,1,0,14.7
2016,10,18,2,0,14.4
2016,10,18,3,0,14.1
2016,10,18,4,0,13.8
2016,10,18,5,0,13.7
2016,10,18,6,79,14.7
2016,10,18,7,355,16
2016,10,18,8,575,17.3
2016,10,18,9,761,18.7
2016,10,18,10,901,20.1
2016,10,18,11,979,21.5
2016,10,18,12,991,22.6
2016,10,18,13,934,23.3
2016,10,18,14,811,23.6
2016,10,18,15,636,23.6
2016,10,18,16,423,23.2
2016,10,18,17,198,22.5
2016,10,18,18,4,21.1
2016,10,18,19,0,20.4
2016,10,18,20,0,19.7
2016,10,18,21,0,19
2016,10,18,22,0,18.4
2016,10,18,23,0,17.8
2016,10,19,0,0,17.2
2016,10,19,1,0,16.7
2016,10,19,2,0,16.4
2016,10,19,3,0,16.1
2016,10,19,4,0,15.9
2016,10,19,5,0,15.7
2016,10,19,6,30,16.5
2016,10,19,7,263,17.4
2016,10,19,8,584,18.2
2016,10,19,9,776,19
2016,10,19,10,916,19.8
2016,10,19,11,995,20.6
2016,10,19,12,1007,21.3
2016,10,19,13,657,21.7
2016,10,19,14,825,21.4
2016,10,19,15,648,20.6
2016,10,19,16,432,19.4
2016,10,19,17,203,17.9
2016,10,19,18,7,16.6
2016,10,19,19,0,16
2016,10,19,20,0,15.8
2016,10,19,21,0,15.7
2016,10,19,22,0,15.7
2016,10,19,23,0,15.6
2016,10,20,0,0,15.5
2016,10,20,1,0,15.5
2016,10,20,2,0,15.6
2016,10,20,3,0,15.7
2016,10,20,4,0,15.9
2016,10,20,5,0,16
2016,10,20,6,68,17.3
2016,10,20,7,224,18.5
2016,10,20,8,398,19.1
2016,10,20,9,448,19.6
2016,10,20,10,685,19.8
2016,10,20,11,781,19.9
2016,10,20,12,961,20.2
2016,10,20,13,764,20.2
2016,10,20,14,610,20
2016,10,20,15,538,19.8
2016,10,20,16,401,19.6
2016,10,20,17,183,19.4
2016,10,20,18,16,18.9
2016,10,20,19,0,18.6
2016,10,20,20,0,18.4
2016,10,20,21,0,18.2
2016,10,20,22,0,18
2016,10,20,23,0,17.7
2016,10,21,0,0,17.5
2016,10,21,1,0,17.3
2016,10,21,2,0,17
2016,10,21,3,0,16.8
2016,10,21,4,0,16.7
2016,10,21,5,0,16.5
2016,10,21,6,124,17.2
2016,10,21,7,340,18.4
2016,10,21,8,530,19.8
2016,10,21,9,754,21.2
2016,10,21,10,696,22.7
2016,10,21,11,850,24
2016,10,21,12,807,24.6
2016,10,21,13,923,24.8
2016,10,21,14,466,24.8
2016,10,21,15,273,24.6
2016,10,21,16,380,24
2016,10,21,17,38,22.8
2016,10,21,18,6,21.7
2016,10,21,19,0,21.1
2016,10,21,20,0,21.2
2016,10,21,21,0,20.8
2016,10,21,22,0,20.5
2016,10,21,23,0,20.5
2016,10,22,0,0,20.1
2016,10,22,1,0,19.5
2016,10,22,2,0,19.1
2016,10,22,3,0,19
2016,10,22,4,0,18.9
2016,10,22,5,0,18.8
2016,10,22,6,32,18.9
2016,10,22,7,16,18.7
2016,10,22,8,56,18
2016,10,22,9,110,17.3
2016,10,22,10,127,17.1
2016,10,22,11,133,17.3
2016,10,22,12,434,17.8
2016,10,22,13,708,18.4
2016,10,22,14,69,18.9
2016,10,22,15,182,19.3
2016,10,22,16,423,19.1
2016,10,22,17,73,18.2
2016,10,22,18,7,16.7
2016,10,22,19,0,15.6
2016,10,22,20,0,15
2016,10,22,21,0,14.5
2016,10,22,22,0,14.1
2016,10,22,23,0,13.7
2016,10,23,0,0,13.4
2016,10,23,1,0,13.1
2016,10,23,2,0,12.8
2016,10,23,3,0,12.7
2016,10,23,4,0,12.6
2016,10,23,5,0,12.6
2016,10,23,6,99,13.2
2016,10,23,7,31,14
2016,10,23,8,346,14.9
2016,10,23,9,757,15.6
2016,10,23,10,911,16.2
2016,10,23,11,989,16.8
2016,10,23,12,1004,17.2
2016,10,23,13,951,17.3
2016,10,23,14,828,17.2
2016,10,23,15,651,16.9
2016,10,23,16,434,16.5
2016,10,23,17,206,16
2016,10,23,18,8,15.4
2016,10,23,19,0,15.1
2016,10,23,20,0,14.9
2016,10,23,21,0,14.8
2016,10,23,22,0,14.6
2016,10,23,23,0,14.5
2016,10,24,0,0,14.2
2016,10,24,1,0,14
2016,10,24,2,0,13.7
2016,10,24,3,0,13.5
2016,10,24,4,0,13.1
2016,10,24,5,0,12.8
2016,10,24,6,152,13.7
2016,10,24,7,381,14.6
2016,10,24,8,605,15.4
2016,10,24,9,799,16.3
2016,10,24,10,940,17.1
2016,10,24,11,1020,18
2016,10,24,12,1031,18.7
2016,10,24,13,970,19.1
2016,10,24,14,847,19.2
2016,10,24,15,666,18.9
2016,10,24,16,449,18.2
2016,10,24,17,218,17.2
2016,10,24,18,27,16
2016,10,24,19,0,15.4
2016,10,24,20,0,15.3
2016,10,24,21,0,15.4
2016,10,24,22,0,15.8
2016,10,24,23,0,15.7
2016,10,25,0,0,15.3
2016,10,25,1,0,14.9
2016,10,25,2,0,14.4
2016,10,25,3,0,14
2016,10,25,4,0,13.7
2016,10,25,5,0,13.6
2016,10,25,6,151,14.7
2016,10,25,7,377,16.2
2016,10,25,8,517,17.9
2016,10,25,9,793,19.6
2016,10,25,10,932,21.1
2016,10,25,11,1008,22.3
2016,10,25,12,1012,23.2
2016,10,25,13,961,23.7
2016,10,25,14,831,24
2016,10,25,15,655,24.1
2016,10,25,16,441,23.8
2016,10,25,17,179,23
2016,10,25,18,27,21.3
2016,10,25,19,0,20.2
2016,10,25,20,0,19.9
2016,10,25,21,0,19.2
2016,10,25,22,0,18.7
2016,10,25,23,0,18.2
2016,10,26,0,0,17.4
2016,10,26,1,0,16.5
2016,10,26,2,0,16
2016,10,26,3,0,15.6
2016,10,26,4,0,15.1
2016,10,26,5,0,14.8
2016,10,26,6,115,15.6
2016,10,26,7,203,17
2016,10,26,8,400,19.6
2016,10,26,9,596,22.5
2016,10,26,10,446,24.5
2016,10,26,11,832,25.4
2016,10,26,12,787,25.8
2016,10,26,13,775,26.2
2016,10,26,14,651,26.2
2016,10,26,15,439,25.9
2016,10,26,16,364,25.5
2016,10,26,17,185,24.5
2016,10,26,18,28,23.4
2016,10,26,19,0,22.6
2016,10,26,20,0,21.9
2016,10,26,21,0,21.5
2016,10,26,22,0,21
2016,10,26,23,0,20.4
2016,10,27,0,0,19.8
2016,10,27,1,0,19.1
2016,10,27,2,0,18.4
2016,10,27,3,0,17.6
2016,10,27,4,0,16.9
2016,10,27,5,0,16.6
2016,10,27,6,149,17.8
2016,10,27,7,363,19.3
2016,10,27,8,357,20.3
2016,10,27,9,344,20.7
2016,10,27,10,313,21
2016,10,27,11,353,21.1
2016,10,27,12,266,20.9
2016,10,27,13,243,20.3
2016,10,27,14,285,19.5
2016,10,27,15,109,18.8
2016,10,27,16,42,18.2
2016,10,27,17,188,17.6
2016,10,27,18,3,17
2016,10,27,19,0,16.6
2016,10,27,20,0,16.5
2016,10,27,21,0,16.5
2016,10,27,22,0,16.4
2016,10,27,23,0,16.3
2016,10,28,0,0,16.2
2016,10,28,1,0,16.1
2016,10,28,2,0,16.1
2016,10,28,3,0,16.2
2016,10,28,4,0,16.2
2016,10,28,5,0,16.3
2016,10,28,6,10,16.8
2016,10,28,7,27,17.2
2016,10,28,8,72,17.8
2016,10,28,9,149,18.4
2016,10,28,10,362,18.8
2016,10,28,11,268,19.1
2016,10,28,12,94,19.2
2016,10,28,13,239,19.4
2016,10,28,14,120,19.5
2016,10,28,15,96,19.4
2016,10,28,16,108,19.2
2016,10,28,17,207,18.9
2016,10,28,18,29,18.4
2016,10,28,19,0,18.1
2016,10,28,20,0,18
2016,10,28,21,0,17.9
2016,10,28,22,0,17.8
2016,10,28,23,0,17.7
2016,10,29,0,0,17.6
2016,10,29,1,0,17.6
2016,10,29,2,0,17.7
2016,10,29,3,0,17.8
2016,10,29,4,0,17.9
2016,10,29,5,0,18
2016,10,29,6,66,19
2016,10,29,7,134,19.9
2016,10,29,8,357,20.9
2016,10,29,9,484,21.8
2016,10,29,10,901,22.5
2016,10,29,11,807,23
2016,10,29,12,818,23.1
2016,10,29,13,750,23
2016,10,29,14,648,22.7
2016,10,29,15,627,22.3
2016,10,29,16,282,21.8
2016,10,29,17,199,21.1
2016,10,29,18,17,20.4
2016,10,29,19,0,20.1
2016,10,29,20,0,20
2016,10,29,21,0,20
2016,10,29,22,0,19.9
2016,10,29,23,0,19.7
2016,10,30,0,0,19.6
2016,10,30,1,0,19.3
2016,10,30,2,0,19.1
2016,10,30,3,0,18.9
2016,10,30,4,0,18.8
2016,10,30,5,0,19
2016,10,30,6,109,19.9
2016,10,30,7,318,20.8
2016,10,30,8,449,21.8
2016,10,30,9,545,22.8
2016,10,30,10,724,23.8
2016,10,30,11,669,24.5
2016,10,30,12,628,25
2016,10,30,13,725,25.2
2016,10,30,14,561,25
2016,10,30,15,162,24.4
2016,10,30,16,40,23.8
2016,10,30,17,15,23.2
2016,10,30,18,5,22.4
2016,10,30,19,0,21.8
2016,10,30,20,0,21.4
2016,10,30,21,0,21
2016,10,30,22,0,20.7
2016,10,30,23,0,20.5
2016,10,31,0,0,20.3
2016,10,31,1,0,20
2016,10,31,2,0,19.7
2016,10,31,3,0,18.8
2016,10,31,4,0,17.3
2016,10,31,5,0,16.1
2016,10,31,6,174,15.9
2016,10,31,7,418,15.9
2016,10,31,8,651,16.4
2016,10,31,9,850,17.2
2016,10,31,10,987,18.2
2016,10,31,11,1066,19.3
2016,10,31,12,1077,20.4
2016,10,31,13,1017,21.2
2016,10,31,14,888,21.6
2016,10,31,15,708,21.5
2016,10,31,16,486,21
2016,10,31,17,251,19.9
2016,10,31,18,43,18.1
2016,10,31,19,0,16.9
2016,10,31,20,0,16.4
2016,10,31,21,0,16
2016,10,31,22,0,15.9
2016,10,31,23,0,15.8
2016,11,1,0,0,15.7
2016,11,1,1,0,15.4
2016,11,1,2,0,15
2016,11,1,3,0,14.4
2016,11,1,4,0,13.8
2016,11,1,5,0,13.5
2016,11,1,6,142,14.3
2016,11,1,7,398,15.4
2016,11,1,8,502,16.8
2016,11,1,9,626,18
2016,11,1,10,774,19.1
2016,11,1,11,1040,20.2
2016,11,1,12,1051,21.2
2016,11,1,13,758,21.7
2016,11,1,14,870,21.8
2016,11,1,15,690,21.5
2016,11,1,16,473,20.8
2016,11,1,17,242,19.6
2016,11,1,18,42,18
2016,11,1,19,0,17
2016,11,1,20,0,16.7
2016,11,1,21,0,16.8
2016,11,1,22,0,17
2016,11,1,23,0,16.7
2016,11,2,0,0,16.3
2016,11,2,1,0,15.9
2016,11,2,2,0,15.7
2016,11,2,3,0,15.5
2016,11,2,4,0,15.2
2016,11,2,5,0,14.9
2016,11,2,6,186,16
2016,11,2,7,415,17.6
2016,11,2,8,637,19
2016,11,2,9,829,19.9
2016,11,2,10,968,20.9
2016,11,2,11,1043,21.8
2016,11,2,12,1049,22.4
2016,11,2,13,991,22.7
2016,11,2,14,866,22.7
2016,11,2,15,688,22.2
2016,11,2,16,474,21.3
2016,11,2,17,246,20.1
2016,11,2,18,45,18.6
2016,11,2,19,0,17.7
2016,11,2,20,0,17.4
2016,11,2,21,0,17.2
2016,11,2,22,0,17
2016,11,2,23,0,16.9
2016,11,3,0,0,16.8
2016,11,3,1,0,16.8
2016,11,3,2,0,16.8
2016,11,3,3,0,16.8
2016,11,3,4,0,16.7
2016,11,3,5,0,16.6
2016,11,3,6,181,17.3
2016,11,3,7,406,18.8
2016,11,3,8,627,20.4
2016,11,3,9,817,21.5
2016,11,3,10,955,22.6
2016,11,3,11,1033,23.4
2016,11,3,12,1041,23.9
2016,11,3,13,983,24.1
2016,11,3,14,858,24
2016,11,3,15,680,23.6
2016,11,3,16,464,22.8
2016,11,3,17,238,21.8
2016,11,3,18,34,20.5
2016,11,3,19,0,19.5
2016,11,3,20,0,19.1
2016,11,3,21,0,18.8
2016,11,3,22,0,18.7
2016,11,3,23,0,18.7
2016,11,4,0,0,18.5
2016,11,4,1,0,18
2016,11,4,2,0,17.5
2016,11,4,3,0,17
2016,11,4,4,0,16.5
2016,11,4,5,13,16.3
2016,11,4,6,186,17.5
2016,11,4,7,416,19.3
2016,11,4,8,638,22
2016,11,4,9,829,23.3
2016,11,4,10,881,24.4
2016,11,4,11,1046,25.8
2016,11,4,12,1053,27
2016,11,4,13,1001,27.7
2016,11,4,14,875,27.9
2016,11,4,15,698,27.7
2016,11,4,16,487,27.2
2016,11,4,17,256,26.3
2016,11,4,18,51,24
2016,11,4,19,0,22.3
2016,11,4,20,0,21.7
2016,11,4,21,0,21.3
2016,11,4,22,0,21.1
2016,11,4,23,0,20.7
2016,11,5,0,0,20.4
2016,11,5,1,0,19.8
2016,11,5,2,0,19.6
2016,11,5,3,0,19.8
2016,11,5,4,0,19.7
2016,11,5,5,14,19.6
2016,11,5,6,187,20.8
2016,11,5,7,414,21.9
2016,11,5,8,642,21.7
2016,11,5,9,847,21.4
2016,11,5,10,999,21.5
2016,11,5,11,1078,21.8
2016,11,5,12,1088,22.1
2016,11,5,13,1024,22.6
2016,11,5,14,895,23
2016,11,5,15,714,23.1
2016,11,5,16,498,22.9
2016,11,5,17,263,22.2
2016,11,5,18,54,21
2016,11,5,19,0,19.7
2016,11,5,20,0,18.7
2016,11,5,21,0,18.1
2016,11,5,22,0,17.6
2016,11,5,23,0,17.2
2016,11,6,0,0,16.8
2016,11,6,1,0,16.5
2016,11,6,2,0,16.4
2016,11,6,3,0,16.3
2016,11,6,4,0,16.1
2016,11,6,5,16,16
2016,11,6,6,154,17.2
2016,11,6,7,426,18.2
2016,11,6,8,649,19.1
2016,11,6,9,839,20
2016,11,6,10,980,20.8
2016,11,6,11,1054,21.6
2016,11,6,12,1064,22.3
2016,11,6,13,1002,22.6
2016,11,6,14,876,22.7
2016,11,6,15,699,22.6
2016,11,6,16,484,22.3
2016,11,6,17,253,21.7
2016,11,6,18,40,20.1
2016,11,6,19,0,18.7
2016,11,6,20,0,18
2016,11,6,21,0,17.6
2016,11,6,22,0,17.3
2016,11,6,23,0,17.1
2016,11,7,0,0,16.8
2016,11,7,1,0,16.7
2016,11,7,2,0,16.6
2016,11,7,3,0,16.3
2016,11,7,4,0,16
2016,11,7,5,15,16
2016,11,7,6,188,17.1
2016,11,7,7,413,19.1
2016,11,7,8,632,21.7
2016,11,7,9,815,23.4
2016,11,7,10,955,24.9
2016,11,7,11,1029,26.4
2016,11,7,12,1036,27.6
2016,11,7,13,977,28.1
2016,11,7,14,854,28.2
2016,11,7,15,677,27.9
2016,11,7,16,465,27.3
2016,11,7,17,242,26.2
2016,11,7,18,51,24.4
2016,11,7,19,0,23.2
2016,11,7,20,0,22.9
2016,11,7,21,0,22.9
2016,11,7,22,0,22.7
2016,11,7,23,0,22.4
2016,11,8,0,0,21.9
2016,11,8,1,0,21.5
2016,11,8,2,0,21.2
2016,11,8,3,0,21
2016,11,8,4,0,20.8
2016,11,8,5,8,20.9
2016,11,8,6,155,22.1
2016,11,8,7,259,23.1
2016,11,8,8,84,24.1
2016,11,8,9,167,25.3
2016,11,8,10,362,27.4
2016,11,8,11,816,29.5
2016,11,8,12,884,29.2
2016,11,8,13,555,27.6
2016,11,8,14,637,25.6
2016,11,8,15,507,23.3
2016,11,8,16,84,21.6
2016,11,8,17,40,20.2
2016,11,8,18,12,19.1
2016,11,8,19,0,18.8
2016,11,8,20,0,18.8
2016,11,8,21,0,18.9
2016,11,8,22,0,18.8
2016,11,8,23,0,18.8
2016,11,9,0,0,18.7
2016,11,9,1,0,18.6
2016,11,9,2,0,18.6
2016,11,9,3,0,18.5
2016,11,9,4,0,18.3
2016,11,9,5,3,18.2
2016,11,9,6,26,18.4
2016,11,9,7,181,18.8
2016,11,9,8,283,19.6
2016,11,9,9,357,20.5
2016,11,9,10,416,21.2
2016,11,9,11,809,21.4
2016,11,9,12,138,21.1
2016,11,9,13,619,20.7
2016,11,9,14,575,19.7
2016,11,9,15,110,18.8
2016,11,9,16,23,18.4
2016,11,9,17,11,17.9
2016,11,9,18,5,17.5
2016,11,9,19,0,17.3
2016,11,9,20,0,17.4
2016,11,9,21,0,17.4
2016,11,9,22,0,17.3
2016,11,9,23,0,17.3
2016,11,10,0,0,17.5
2016,11,10,1,0,17.6
2016,11,10,2,0,17.6
2016,11,10,3,0,17.5
2016,11,10,4,0,17.4
2016,11,10,5,13,17.4
2016,11,10,6,139,17.8
2016,11,10,7,310,18.2
2016,11,10,8,592,18.9
2016,11,10,9,504,20.6
2016,11,10,10,945,22.4
2016,11,10,11,1023,23.5
2016,11,10,12,1035,24.1
2016,11,10,13,976,24.2
2016,11,10,14,856,23.9
2016,11,10,15,683,23.3
2016,11,10,16,328,22.2
2016,11,10,17,254,20.9
2016,11,10,18,32,19.5
2016,11,10,19,0,18.5
2016,11,10,20,0,18.2
2016,11,10,21,0,18
2016,11,10,22,0,17.9
2016,11,10,23,0,17.7
2016,11,11,0,0,17.6
2016,11,11,1,0,17.5
2016,11,11,2,0,17.4
2016,11,11,3,0,17.3
2016,11,11,4,0,17.3
2016,11,11,5,4,17.5
2016,11,11,6,37,18.2
2016,11,11,7,406,18.9
2016,11,11,8,399,19.8
2016,11,11,9,809,20.8
2016,11,11,10,535,21.6
2016,11,11,11,1035,22.1
2016,11,11,12,1041,22.2
2016,11,11,13,985,22
2016,11,11,14,862,21.7
2016,11,11,15,689,21.2
2016,11,11,16,480,20.6
2016,11,11,17,257,19.9
2016,11,11,18,24,19.2
2016,11,11,19,0,18.8
2016,11,11,20,0,18.8
2016,11,11,21,0,18.9
2016,11,11,22,0,19
2016,11,11,23,0,19.2
2016,11,12,0,0,19.4
2016,11,12,1,0,19.5
2016,11,12,2,0,19.7
2016,11,12,3,0,19.8
2016,11,12,4,0,19.9
2016,11,12,5,3,20
2016,11,12,6,10,20.3
2016,11,12,7,240,20.3
2016,11,12,8,384,21.6
2016,11,12,9,556,24
2016,11,12,10,940,26.3
2016,11,12,11,1013,28.3
2016,11,12,12,1013,29.1
2016,11,12,13,956,29.5
2016,11,12,14,836,30
2016,11,12,15,669,29.9
2016,11,12,16,470,29.1
2016,11,12,17,258,28.1
2016,11,12,18,65,26.8
2016,11,12,19,0,25.5
2016,11,12,20,0,24.6
2016,11,12,21,0,23.9
2016,11,12,22,0,23.3
2016,11,12,23,0,22.6
2016,11,13,0,0,21.9
2016,11,13,1,0,21.3
2016,11,13,2,0,20.8
2016,11,13,3,0,20.5
2016,11,13,4,0,20.1
2016,11,13,5,24,19.7
2016,11,13,6,207,20.5
2016,11,13,7,437,22.1
2016,11,13,8,662,23.5
2016,11,13,9,853,24.6
2016,11,13,10,990,25.4
2016,11,13,11,1061,26
2016,11,13,12,1072,26.2
2016,11,13,13,1014,25.9
2016,11,13,14,896,25.3
2016,11,13,15,722,24.5
2016,11,13,16,511,23.9
2016,11,13,17,279,23
2016,11,13,18,69,21.7
2016,11,13,19,0,20.5
2016,11,13,20,0,19.6
2016,11,13,21,0,18.9
2016,11,13,22,0,18.3
2016,11,13,23,0,17.7
2016,11,14,0,0,17.1
2016,11,14,1,0,16.9
2016,11,14,2,0,16.8
2016,11,14,3,0,16.8
2016,11,14,4,0,16.8
2016,11,14,5,17,16.9
2016,11,14,6,80,17.6
2016,11,14,7,69,18.4
2016,11,14,8,532,19.3
2016,11,14,9,410,20.2
2016,11,14,10,384,21
2016,11,14,11,871,21.8
2016,11,14,12,351,22.1
2016,11,14,13,836,21.9
2016,11,14,14,264,21.1
2016,11,14,15,558,19.8
2016,11,14,16,228,18.6
2016,11,14,17,187,17.7
2016,11,14,18,39,17.2
2016,11,14,19,0,16.8
2016,11,14,20,0,16.7
2016,11,14,21,0,16.7
2016,11,14,22,0,16.8
2016,11,14,23,0,16.8
2016,11,15,0,0,16.7
2016,11,15,1,0,16.5
2016,11,15,2,0,16.2
2016,11,15,3,0,15.8
2016,11,15,4,0,15.7
2016,11,15,5,17,15.9
2016,11,15,6,162,16.5
2016,11,15,7,201,17.1
2016,11,15,8,472,17.8
2016,11,15,9,402,18.5
2016,11,15,10,741,19.1
2016,11,15,11,1029,19.8
2016,11,15,12,420,20.5
2016,11,15,13,988,20.9
2016,11,15,14,867,20.9
2016,11,15,15,598,20.5
2016,11,15,16,490,19.7
2016,11,15,17,268,18.7
2016,11,15,18,49,17.6
2016,11,15,19,0,16.8
2016,11,15,20,0,16.6
2016,11,15,21,0,16.6
2016,11,15,22,0,16.5
2016,11,15,23,0,16.4
2016,11,16,0,0,16.4
2016,11,16,1,0,16.4
2016,11,16,2,0,16.3
2016,11,16,3,0,16
2016,11,16,4,0,15.7
2016,11,16,5,27,15.9
2016,11,16,6,208,17.2
2016,11,16,7,430,19.3
2016,11,16,8,645,20.9
2016,11,16,9,829,21.7
2016,11,16,10,971,21.9
2016,11,16,11,1050,21.9
2016,11,16,12,1061,21.6
2016,11,16,13,732,21.2
2016,11,16,14,704,20.7
2016,11,16,15,717,20.2
2016,11,16,16,509,19.6
2016,11,16,17,283,19
2016,11,16,18,77,18.4
2016,11,16,19,0,18
2016,11,16,20,0,17.9
2016,11,16,21,0,17.8
2016,11,16,22,0,17.8
2016,11,16,23,0,17.7
2016,11,17,0,0,17.7
2016,11,17,1,0,17.6
2016,11,17,2,0,17.4
2016,11,17,3,0,17.4
2016,11,17,4,0,17.4
2016,11,17,5,28,17.6
2016,11,17,6,212,18.6
2016,11,17,7,316,19.4
2016,11,17,8,505,20.2
2016,11,17,9,843,21.1
2016,11,17,10,983,22
2016,11,17,11,1064,22.9
2016,11,17,12,1076,23.5
2016,11,17,13,1021,23.7
2016,11,17,14,902,23.7
2016,11,17,15,733,23.4
2016,11,17,16,522,22.7
2016,11,17,17,294,21.6
2016,11,17,18,83,20
2016,11,17,19,0,19
2016,11,17,20,0,18.6
2016,11,17,21,0,18.5
2016,11,17,22,0,18.5
2016,11,17,23,0,18.3
2016,11,18,0,0,18.1
2016,11,18,1,0,17.8
2016,11,18,2,0,17.4
2016,11,18,3,0,17.1
2016,11,18,4,0,16.8
2016,11,18,5,30,16.9
2016,11,18,6,217,18.1
2016,11,18,7,444,20.3
2016,11,18,8,662,23.4
2016,11,18,9,846,26.3
2016,11,18,10,982,28.7
2016,11,18,11,1057,30.5
2016,11,18,12,1066,31.4
2016,11,18,13,1008,31.3
2016,11,18,14,887,30.2
2016,11,18,15,712,29.1
2016,11,18,16,503,28
2016,11,18,17,279,26.6
2016,11,18,18,35,24.9
2016,11,18,19,0,23.7
2016,11,18,20,0,23.4
2016,11,18,21,0,23.2
2016,11,18,22,0,23
2016,11,18,23,0,22.8
2016,11,19,0,0,22.7
2016,11,19,1,0,22.3
2016,11,19,2,0,21.7
2016,11,19,3,0,21.1
2016,11,19,4,0,20.5
2016,11,19,5,25,20.3
2016,11,19,6,192,20.7
2016,11,19,7,234,21.3
2016,11,19,8,494,21.7
2016,11,19,9,503,21.9
2016,11,19,10,670,21.9
2016,11,19,11,801,21.9
2016,11,19,12,693,21.8
2016,11,19,13,712,21.6
2016,11,19,14,546,21.3
2016,11,19,15,476,20.8
2016,11,19,16,264,20.1
2016,11,19,17,135,19.4
2016,11,19,18,31,18.7
2016,11,19,19,0,18.4
2016,11,19,20,0,18.4
2016,11,19,21,0,18.5
2016,11,19,22,0,18.5
2016,11,19,23,0,18.4
2016,11,20,0,0,18.3
2016,11,20,1,0,18.2
2016,11,20,2,0,18.2
2016,11,20,3,0,18.2
2016,11,20,4,0,18.3
2016,11,20,5,25,18.6
2016,11,20,6,192,19.3
2016,11,20,7,404,19.9
2016,11,20,8,569,21.1
2016,11,20,9,735,22.3
2016,11,20,10,878,23.2
2016,11,20,11,1009,23.9
2016,11,20,12,923,24.4
2016,11,20,13,818,24.5
2016,11,20,14,751,24.3
2016,11,20,15,588,23.9
2016,11,20,16,290,23.3
2016,11,20,17,177,22.6
2016,11,20,18,50,21.6
2016,11,20,19,0,20.9
2016,11,20,20,0,20.6
2016,11,20,21,0,20.4
2016,11,20,22,0,20.2
2016,11,20,23,0,20.1
2016,11,21,0,0,20
2016,11,21,1,0,19.9
2016,11,21,2,0,19.8
2016,11,21,3,0,19.8
2016,11,21,4,0,19.7
2016,11,21,5,27,19.9
2016,11,21,6,198,20.9
2016,11,21,7,388,22.4
2016,11,21,8,454,23.9
2016,11,21,9,363,25.3
2016,11,21,10,937,26.7
2016,11,21,11,1011,27.7
2016,11,21,12,888,28.3
2016,11,21,13,792,28.4
2016,11,21,14,733,28.3
2016,11,21,15,320,28.2
2016,11,21,16,26,28.2
2016,11,21,17,24,27.8
2016,11,21,18,8,26.3
2016,11,21,19,0,24.7
2016,11,21,20,0,23.7
2016,11,21,21,0,23
2016,11,21,22,0,22.7
2016,11,21,23,0,22.4
2016,11,22,0,0,22
2016,11,22,1,0,21.7
2016,11,22,2,0,21.4
2016,11,22,3,0,21.1
2016,11,22,4,0,20.8
2016,11,22,5,27,21
2016,11,22,6,199,22
2016,11,22,7,415,23.7
2016,11,22,8,628,25.9
2016,11,22,9,812,28.2
2016,11,22,10,953,29.8
2016,11,22,11,1033,30.3
2016,11,22,12,1045,30.1
2016,11,22,13,989,29.7
2016,11,22,14,710,29
2016,11,22,15,625,28.2
2016,11,22,16,146,27.3
2016,11,22,17,218,26.1
2016,11,22,18,61,24.7
2016,11,22,19,0,23.6
2016,11,22,20,0,23
2016,11,22,21,0,22.6
2016,11,22,22,0,22.3
2016,11,22,23,0,21.8
2016,11,23,0,0,21.4
2016,11,23,1,0,21
2016,11,23,2,0,20.7
2016,11,23,3,0,20.4
2016,11,23,4,0,20.1
2016,11,23,5,23,20.3
2016,11,23,6,199,21
2016,11,23,7,416,22.1
2016,11,23,8,629,23.2
2016,11,23,9,811,24.6
2016,11,23,10,951,26.2
2016,11,23,11,1028,27.8
2016,11,23,12,489,28.9
2016,11,23,13,299,29.3
2016,11,23,14,121,28.5
2016,11,23,15,48,26.3
2016,11,23,16,393,23.7
2016,11,23,17,171,21.8
2016,11,23,18,76,20.3
2016,11,23,19,0,19.3
2016,11,23,20,0,19
2016,11,23,21,0,19.2
2016,11,23,22,0,19.5
2016,11,23,23,0,19.1
2016,11,24,0,0,18.3
2016,11,24,1,0,17.2
2016,11,24,2,0,16.5
2016,11,24,3,0,15.9
2016,11,24,4,0,15.6
2016,11,24,5,38,15.7
2016,11,24,6,233,16.3
2016,11,24,7,464,17.1
2016,11,24,8,688,18
2016,11,24,9,878,19
2016,11,24,10,1018,20.1
2016,11,24,11,1094,20.8
2016,11,24,12,1103,21.2
2016,11,24,13,1045,21.2
2016,11,24,14,923,20.8
2016,11,24,15,749,20.1
2016,11,24,16,537,19.3
2016,11,24,17,309,18.7
2016,11,24,18,98,17.9
2016,11,24,19,0,17.3
2016,11,24,20,0,17.1
2016,11,24,21,0,16.9
2016,11,24,22,0,16.7
2016,11,24,23,0,16.4
2016,11,25,0,0,16.4
2016,11,25,1,0,16.3
2016,11,25,2,0,16.2
2016,11,25,3,0,16
2016,11,25,4,0,15.8
2016,11,25,5,36,16.2
2016,11,25,6,226,17.3
2016,11,25,7,455,19.2
2016,11,25,8,674,20.7
2016,11,25,9,858,21.9
2016,11,25,10,892,22.6
2016,11,25,11,1075,22.8
2016,11,25,12,1088,22.6
2016,11,25,13,1033,22.2
2016,11,25,14,917,21.6
2016,11,25,15,746,21
2016,11,25,16,539,20.3
2016,11,25,17,310,19.6
2016,11,25,18,100,18.7
2016,11,25,19,0,18.1
2016,11,25,20,0,17.9
2016,11,25,21,0,17.8
2016,11,25,22,0,17.6
2016,11,25,23,0,17.4
2016,11,26,0,0,17.3
2016,11,26,1,0,17.2
2016,11,26,2,0,17.1
2016,11,26,3,0,17.2
2016,11,26,4,0,17.3
2016,11,26,5,33,17.8
2016,11,26,6,144,19
2016,11,26,7,437,20.1
2016,11,26,8,655,20.9
2016,11,26,9,557,21.8
2016,11,26,10,983,22.8
2016,11,26,11,1064,23.6
2016,11,26,12,1078,24.2
2016,11,26,13,1029,24.5
2016,11,26,14,913,24.5
2016,11,26,15,744,24
2016,11,26,16,534,23.2
2016,11,26,17,308,22.2
2016,11,26,18,98,21
2016,11,26,19,0,20.2
2016,11,26,20,0,19.9
2016,11,26,21,0,19.8
2016,11,26,22,0,19.7
2016,11,26,23,0,19.7
2016,11,27,0,0,19.5
2016,11,27,1,0,19.2
2016,11,27,2,0,18.9
2016,11,27,3,0,18.7
2016,11,27,4,0,18.5
2016,11,27,5,3,18.7
2016,11,27,6,14,19.3
2016,11,27,7,293,20
2016,11,27,8,228,20.6
2016,11,27,9,247,21.3
2016,11,27,10,129,21.6
2016,11,27,11,428,21.8
2016,11,27,12,618,21.7
2016,11,27,13,654,21.5
2016,11,27,14,250,21.4
2016,11,27,15,141,21.3
2016,11,27,16,198,21.1
2016,11,27,17,116,20.8
2016,11,27,18,94,20.3
2016,11,27,19,0,20
2016,11,27,20,0,19.9
2016,11,27,21,0,19.9
2016,11,27,22,0,19.9
2016,11,27,23,0,19.9
2016,11,28,0,0,19.9
2016,11,28,1,0,19.8
2016,11,28,2,0,19.7
2016,11,28,3,0,19.6
2016,11,28,4,0,19.5
2016,11,28,5,9,19.9
2016,11,28,6,205,21
2016,11,28,7,421,22.2
2016,11,28,8,273,23.2
2016,11,28,9,814,24.2
2016,11,28,10,947,25.1
2016,11,28,11,1026,25.8
2016,11,28,12,1041,26.2
2016,11,28,13,998,26.4
2016,11,28,14,882,26.3
2016,11,28,15,671,26
2016,11,28,16,427,25.3
2016,11,28,17,216,24.3
2016,11,28,18,95,23.1
2016,11,28,19,0,22.2
2016,11,28,20,0,21.8
2016,11,28,21,0,21.6
2016,11,28,22,0,21.4
2016,11,28,23,0,21.4
2016,11,29,0,0,21.3
2016,11,29,1,0,20.6
2016,11,29,2,0,19.9
2016,11,29,3,0,19.5
2016,11,29,4,0,19.3
2016,11,29,5,34,19.6
2016,11,29,6,187,20.3
2016,11,29,7,267,21
2016,11,29,8,304,21.7
2016,11,29,9,530,22.3
2016,11,29,10,619,22.8
2016,11,29,11,909,22.9
2016,11,29,12,908,22.8
2016,11,29,13,783,22.4
2016,11,29,14,685,21.8
2016,11,29,15,724,21.2
2016,11,29,16,523,20.5
2016,11,29,17,170,19.8
2016,11,29,18,100,19.1
2016,11,29,19,0,18.8
2016,11,29,20,0,18.9
2016,11,29,21,0,18.9
2016,11,29,22,0,18.8
2016,11,29,23,0,18.6
2016,11,30,0,0,18.5
2016,11,30,1,0,18.4
2016,11,30,2,0,18.4
2016,11,30,3,0,18.4
2016,11,30,4,0,18.4
2016,11,30,5,25,18.7
2016,11,30,6,168,19.6
2016,11,30,7,263,20.6
2016,11,30,8,149,21.6
2016,11,30,9,437,22.5
2016,11,30,10,620,23.3
2016,11,30,11,565,23.9
2016,11,30,12,643,24.2
2016,11,30,13,1002,24
2016,11,30,14,878,23.6
2016,11,30,15,604,23.2
2016,11,30,16,79,22.6
2016,11,30,17,134,21.9
2016,11,30,18,48,20.9
2016,11,30,19,0,20.4
2016,11,30,20,0,20.2
2016,11,30,21,0,20.2
2016,11,30,22,0,20
2016,11,30,23,0,19.7
2016,12,1,0,0,19.5
2016,12,1,1,0,19.2
2016,12,1,2,0,19
2016,12,1,3,0,18.8
2016,12,1,4,0,18.9
2016,12,1,5,15,19.2
2016,12,1,6,74,19.7
2016,12,1,7,226,20.8
2016,12,1,8,420,23
2016,12,1,9,821,24.8
2016,12,1,10,972,26.1
2016,12,1,11,1051,26.9
2016,12,1,12,1065,27.3
2016,12,1,13,1010,27.5
2016,12,1,14,215,27.2
2016,12,1,15,730,26.7
2016,12,1,16,529,26
2016,12,1,17,311,25.1
2016,12,1,18,108,23.9
2016,12,1,19,0,22.9
2016,12,1,20,0,22.5
2016,12,1,21,0,22.3
2016,12,1,22,0,22.1
2016,12,1,23,0,22
2016,12,2,0,0,21.8
2016,12,2,1,0,21.5
2016,12,2,2,0,21.3
2016,12,2,3,0,21.1
2016,12,2,4,0,20.7
2016,12,2,5,34,20.7
2016,12,2,6,214,21.9
2016,12,2,7,433,23.7
2016,12,2,8,556,26.8
2016,12,2,9,829,29.3
2016,12,2,10,966,30.8
2016,12,2,11,1038,31.5
2016,12,2,12,1044,31.6
2016,12,2,13,985,31.2
2016,12,2,14,764,30.2
2016,12,2,15,587,30.7
2016,12,2,16,129,30.8
2016,12,2,17,281,29.9
2016,12,2,18,61,27.9
2016,12,2,19,0,26.5
2016,12,2,20,0,25.5
2016,12,2,21,0,24.6
2016,12,2,22,0,23.6
2016,12,2,23,0,22.4
2016,12,3,0,0,21.1
2016,12,3,1,0,20.6
2016,12,3,2,0,20.4
2016,12,3,3,0,20.2
2016,12,3,4,0,20.1
2016,12,3,5,20,20.3
2016,12,3,6,137,20.9
2016,12,3,7,126,21.6
2016,12,3,8,271,22.3
2016,12,3,9,267,23
2016,12,3,10,462,23.6
2016,12,3,11,684,24.1
2016,12,3,12,662,24.2
2016,12,3,13,558,23.9
2016,12,3,14,535,23.4
2016,12,3,15,720,22.7
2016,12,3,16,525,22
2016,12,3,17,310,21.4
2016,12,3,18,65,20.7
2016,12,3,19,0,20.3
2016,12,3,20,0,20.3
2016,12,3,21,0,20.3
2016,12,3,22,0,20.2
2016,12,3,23,0,20.1
2016,12,4,0,0,20
2016,12,4,1,0,20
2016,12,4,2,0,20.1
2016,12,4,3,0,20.1
2016,12,4,4,0,20.1
2016,12,4,5,35,20.4
2016,12,4,6,177,21.3
2016,12,4,7,290,22.4
2016,12,4,8,391,23.4
2016,12,4,9,407,24.5
2016,12,4,10,972,25.5
2016,12,4,11,1049,26.3
2016,12,4,12,889,26.8
2016,12,4,13,753,26.5
2016,12,4,14,755,25.8
2016,12,4,15,701,24.9
2016,12,4,16,500,24
2016,12,4,17,291,23
2016,12,4,18,100,22.4
2016,12,4,19,0,22.1
2016,12,4,20,0,22
2016,12,4,21,0,22
2016,12,4,22,0,22
2016,12,4,23,0,21.9
2016,12,5,0,0,21.9
2016,12,5,1,0,21.9
2016,12,5,2,0,21.8
2016,12,5,3,0,21.9
2016,12,5,4,0,21.9
2016,12,5,5,4,22
2016,12,5,6,8,22.2
2016,12,5,7,343,22.4
2016,12,5,8,422,23.9
2016,12,5,9,511,25.8
2016,12,5,10,608,27.3
2016,12,5,11,661,28.9
2016,12,5,12,522,30.8
2016,12,5,13,309,31.9
2016,12,5,14,410,30.8
2016,12,5,15,261,29.5
2016,12,5,16,28,28.3
2016,12,5,17,225,28
2016,12,5,18,25,26.8
2016,12,5,19,0,25.2
2016,12,5,20,0,24.3
2016,12,5,21,0,23.8
2016,12,5,22,0,23.4
2016,12,5,23,0,23
2016,12,6,0,0,22.5
2016,12,6,1,0,22
2016,12,6,2,0,21.5
2016,12,6,3,0,21.2
2016,12,6,4,0,21
2016,12,6,5,5,21
2016,12,6,6,12,21.2
2016,12,6,7,20,21.7
2016,12,6,8,153,22.3
2016,12,6,9,539,23
2016,12,6,10,416,23.8
2016,12,6,11,245,23.9
2016,12,6,12,83,23.5
2016,12,6,13,85,23
2016,12,6,14,95,22.7
2016,12,6,15,140,22.5
2016,12,6,16,80,22.5
2016,12,6,17,86,22.5
2016,12,6,18,65,22.4
2016,12,6,19,0,22.4
2016,12,6,20,0,22.6
2016,12,6,21,0,22.4
2016,12,6,22,0,22
2016,12,6,23,0,21.6
2016,12,7,0,0,21.2
2016,12,7,1,0,20.8
2016,12,7,2,0,20.4
2016,12,7,3,0,20.2
2016,12,7,4,0,19.9
2016,12,7,5,3,19.9
2016,12,7,6,14,20.1
2016,12,7,7,102,20.6
2016,12,7,8,359,21.3
2016,12,7,9,583,22.1
2016,12,7,10,573,22.7
2016,12,7,11,405,23.2
2016,12,7,12,237,23.4
2016,12,7,13,291,23.3
2016,12,7,14,897,23.1
2016,12,7,15,415,22.7
2016,12,7,16,540,22.1
2016,12,7,17,324,21.5
2016,12,7,18,120,20.9
2016,12,7,19,0,20.5
2016,12,7,20,0,20.5
2016,12,7,21,0,20.4
2016,12,7,22,0,20.4
2016,12,7,23,0,20.3
2016,12,8,0,0,20.2
2016,12,8,1,0,20
2016,12,8,2,0,19.7
2016,12,8,3,0,19.5
2016,12,8,4,0,19.4
2016,12,8,5,34,19.9
2016,12,8,6,211,21
2016,12,8,7,425,22.1
2016,12,8,8,636,23.3
2016,12,8,9,821,24.6
2016,12,8,10,966,26
2016,12,8,11,1044,27.2
2016,12,8,12,1054,28.2
2016,12,8,13,999,28.6
2016,12,8,14,886,28.3
2016,12,8,15,727,27.8
2016,12,8,16,534,27.4
2016,12,8,17,325,26.8
2016,12,8,18,124,25.9
2016,12,8,19,0,25.1
2016,12,8,20,0,24.5
2016,12,8,21,0,24.1
2016,12,8,22,0,24
2016,12,8,23,0,22.7
2016,12,9,0,0,20.8
2016,12,9,1,0,20.5
2016,12,9,2,0,19.8
2016,12,9,3,0,18.9
2016,12,9,4,0,18.3
2016,12,9,5,25,18.3
2016,12,9,6,234,18.7
2016,12,9,7,462,19.4
2016,12,9,8,684,20.3
2016,12,9,9,872,21.5
2016,12,9,10,1014,22.6
2016,12,9,11,1099,23.6
2016,12,9,12,1122,24.5
2016,12,9,13,1074,24.9
2016,12,9,14,967,25
2016,12,9,15,802,24.7
2016,12,9,16,593,23.8
2016,12,9,17,361,22.2
2016,12,9,18,138,20.4
2016,12,9,19,0,19.1
2016,12,9,20,0,18.7
2016,12,9,21,0,18.5
2016,12,9,22,0,18.3
2016,12,9,23,0,18.1
2016,12,10,0,0,17.9
2016,12,10,1,0,17.8
2016,12,10,2,0,17.7
2016,12,10,3,0,17.7
2016,12,10,4,0,17.7
2016,12,10,5,33,18.1
2016,12,10,6,193,19.2
2016,12,10,7,408,20
2016,12,10,8,654,20.7
2016,12,10,9,524,21.5
2016,12,10,10,651,22.2
2016,12,10,11,903,22.8
2016,12,10,12,1081,23.1
2016,12,10,13,1038,23.1
2016,12,10,14,925,22.8
2016,12,10,15,762,22.2
2016,12,10,16,558,21.5
2016,12,10,17,338,20.7
2016,12,10,18,128,20
2016,12,10,19,0,19.6
2016,12,10,20,0,19.7
2016,12,10,21,0,19.8
2016,12,10,22,0,19.8
2016,12,10,23,0,19.8
2016,12,11,0,0,19.8
2016,12,11,1,0,19.7
2016,12,11,2,0,19.7
2016,12,11,3,0,19.7
2016,12,11,4,0,19.7
2016,12,11,5,20,20.2
2016,12,11,6,139,21.2
2016,12,11,7,348,22.1
2016,12,11,8,630,23
2016,12,11,9,814,23.7
2016,12,11,10,965,24.3
2016,12,11,11,1045,24.7
2016,12,11,12,1064,25
2016,12,11,13,1016,25
2016,12,11,14,909,24.6
2016,12,11,15,750,24
2016,12,11,16,549,23.3
2016,12,11,17,332,22.7
2016,12,11,18,126,21.9
2016,12,11,19,0,21.4
2016,12,11,20,0,21.2
2016,12,11,21,0,21.1
2016,12,11,22,0,20.9
2016,12,11,23,0,20.7
2016,12,12,0,0,20.5
2016,12,12,1,0,20.4
2016,12,12,2,0,20.2
2016,12,12,3,0,20.1
2016,12,12,4,0,20
2016,12,12,5,20,20.5
2016,12,12,6,142,21.6
2016,12,12,7,338,22.7
2016,12,12,8,630,23.6
2016,12,12,9,814,24.4
2016,12,12,10,952,25.3
2016,12,12,11,1037,26
2016,12,12,12,1055,26.4
2016,12,12,13,1016,26.5
2016,12,12,14,906,26.3
2016,12,12,15,745,25.9
2016,12,12,16,545,25.3
2016,12,12,17,330,24.5
2016,12,12,18,90,23.6
2016,12,12,19,0,22.7
2016,12,12,20,0,22.3
2016,12,12,21,0,22.1
2016,12,12,22,0,21.9
2016,12,12,23,0,21.7
2016,12,13,0,0,21.3
2016,12,13,1,0,21
2016,12,13,2,0,20.7
2016,12,13,3,0,20.4
2016,12,13,4,0,20.2
2016,12,13,5,24,20.6
2016,12,13,6,165,22
2016,12,13,7,360,24.1
2016,12,13,8,640,27.2
2016,12,13,9,829,29.6
2016,12,13,10,974,31.2
2016,12,13,11,1058,32.5
2016,12,13,12,638,33.3
2016,12,13,13,885,33.8
2016,12,13,14,871,33.9
2016,12,13,15,318,33.4
2016,12,13,16,423,32.5
2016,12,13,17,274,30.9
2016,12,13,18,86,28.8
2016,12,13,19,0,27.2
2016,12,13,20,0,26.7
2016,12,13,21,0,26.6
2016,12,13,22,0,26.4
2016,12,13,23,0,26.2
2016,12,14,0,0,26.1
2016,12,14,1,0,25.9
2016,12,14,2,0,25.4
2016,12,14,3,0,25
2016,12,14,4,0,24.7
2016,12,14,5,27,25
2016,12,14,6,165,25.7
2016,12,14,7,386,26.7
2016,12,14,8,556,28.6
2016,12,14,9,531,30.3
2016,12,14,10,245,31.2
2016,12,14,11,558,31.7
2016,12,14,12,692,32
2016,12,14,13,537,32.9
2016,12,14,14,104,33.4
2016,12,14,15,256,32.1
2016,12,14,16,120,29.4
2016,12,14,17,145,26.8
2016,12,14,18,32,24.6
2016,12,14,19,0,23
2016,12,14,20,0,21.9
2016,12,14,21,0,21.3
2016,12,14,22,0,20.8
2016,12,14,23,0,20.3
2016,12,15,0,0,19.8
2016,12,15,1,0,19.5
2016,12,15,2,0,19.3
2016,12,15,3,0,19
2016,12,15,4,0,18.7
2016,12,15,5,3,18.4
2016,12,15,6,21,18.3
2016,12,15,7,19,18.3
2016,12,15,8,36,18.3
2016,12,15,9,105,18.4
2016,12,15,10,175,18.4
2016,12,15,11,117,18.4
2016,12,15,12,214,18.5
2016,12,15,13,90,18.5
2016,12,15,14,63,18.6
2016,12,15,15,44,18.7
2016,12,15,16,93,18.7
2016,12,15,17,34,18.5
2016,12,15,18,8,18.3
2016,12,15,19,0,18.1
2016,12,15,20,0,18.2
2016,12,15,21,0,18.2
2016,12,15,22,0,18.2
2016,12,15,23,0,18.3
2016,12,16,0,0,18.4
2016,12,16,1,0,18.4
2016,12,16,2,0,18.4
2016,12,16,3,0,18.4
2016,12,16,4,0,18.5
2016,12,16,5,4,18.6
2016,12,16,6,10,18.9
2016,12,16,7,250,19.1
2016,12,16,8,32,19.3
2016,12,16,9,103,19.7
2016,12,16,10,77,20.2
2016,12,16,11,94,21.1
2016,12,16,12,183,21.9
2016,12,16,13,150,22.4
2016,12,16,14,267,22.5
2016,12,16,15,109,22.5
2016,12,16,16,107,22.5
2016,12,16,17,157,22.2
2016,12,16,18,13,21.7
2016,12,16,19,0,21.5
2016,12,16,20,0,21.4
2016,12,16,21,0,21.4
2016,12,16,22,0,21.3
2016,12,16,23,0,21.1
2016,12,17,0,0,20.9
2016,12,17,1,0,20.8
2016,12,17,2,0,20.7
2016,12,17,3,0,20.5
2016,12,17,4,0,20.4
2016,12,17,5,25,20.7
2016,12,17,6,204,21.6
2016,12,17,7,361,23.1
2016,12,17,8,637,24.7
2016,12,17,9,822,25.8
2016,12,17,10,671,26.8
2016,12,17,11,936,27.5
2016,12,17,12,911,28.1
2016,12,17,13,845,28.7
2016,12,17,14,685,29
2016,12,17,15,773,29.1
2016,12,17,16,388,28.9
2016,12,17,17,26,28.6
2016,12,17,18,87,27.5
2016,12,17,19,0,25.8
2016,12,17,20,0,24.8
2016,12,17,21,0,24.3
2016,12,17,22,0,22.9
2016,12,17,23,0,20.8
2016,12,18,0,0,19.6
2016,12,18,1,0,19.1
2016,12,18,2,0,18.8
2016,12,18,3,0,18.6
2016,12,18,4,0,18.6
2016,12,18,5,25,18.8
2016,12,18,6,53,19.3
2016,12,18,7,229,19.8
2016,12,18,8,147,20.3
2016,12,18,9,450,20.6
2016,12,18,10,188,20.6
2016,12,18,11,234,20.2
2016,12,18,12,469,19.8
2016,12,18,13,135,19.8
2016,12,18,14,312,19.8
2016,12,18,15,121,19.7
2016,12,18,16,52,19.4
2016,12,18,17,27,19
2016,12,18,18,132,18.6
2016,12,18,19,0,18.3
2016,12,18,20,0,18.1
2016,12,18,21,0,18
2016,12,18,22,0,17.9
2016,12,18,23,0,17.8
2016,12,19,0,0,17.7
2016,12,19,1,0,17.5
2016,12,19,2,0,17.4
2016,12,19,3,0,17.4
2016,12,19,4,0,17.4
2016,12,19,5,8,18
2016,12,19,6,204,19.2
2016,12,19,7,424,19.9
2016,12,19,8,440,20.5
2016,12,19,9,545,21.1
2016,12,19,10,594,21.4
2016,12,19,11,588,21.7
2016,12,19,12,1093,21.9
2016,12,19,13,1052,22
2016,12,19,14,947,21.9
2016,12,19,15,785,21.7
2016,12,19,16,585,21.2
2016,12,19,17,365,20.6
2016,12,19,18,151,19.9
2016,12,19,19,0,19.4
2016,12,19,20,0,19.3
2016,12,19,21,0,19.2
2016,12,19,22,0,19
2016,12,19,23,0,18.8
2016,12,20,0,0,18.6
2016,12,20,1,0,18.3
2016,12,20,2,0,18
2016,12,20,3,0,17.7
2016,12,20,4,0,17.5
2016,12,20,5,29,18
2016,12,20,6,202,19.2
2016,12,20,7,422,20.7
2016,12,20,8,640,22.5
2016,12,20,9,830,24.2
2016,12,20,10,977,25.9
2016,12,20,11,1062,27.6
2016,12,20,12,1084,29
2016,12,20,13,1039,29.8
2016,12,20,14,931,30
2016,12,20,15,771,29.7
2016,12,20,16,572,29.1
2016,12,20,17,68,28.2
2016,12,20,18,150,26.5
2016,12,20,19,0,25
2016,12,20,20,0,24.8
2016,12,20,21,0,24.5
2016,12,20,22,0,24.4
2016,12,20,23,0,24.3
2016,12,21,0,0,23.5
2016,12,21,1,0,22.5
2016,12,21,2,0,21.4
2016,12,21,3,0,20.5
2016,12,21,4,0,19.8
2016,12,21,5,27,19.8
2016,12,21,6,202,20.3
2016,12,21,7,427,21.3
2016,12,21,8,651,22.4
2016,12,21,9,842,23.4
2016,12,21,10,988,24
2016,12,21,11,1074,24.1
2016,12,21,12,1092,23.7
2016,12,21,13,1049,23.2
2016,12,21,14,941,22.7
2016,12,21,15,780,22.2
2016,12,21,16,420,21.6
2016,12,21,17,361,20.9
2016,12,21,18,149,20.2
2016,12,21,19,0,19.8
2016,12,21,20,0,19.7
2016,12,21,21,0,19.6
2016,12,21,22,0,19.3
2016,12,21,23,0,19.1
2016,12,22,0,0,18.9
2016,12,22,1,0,18.7
2016,12,22,2,0,18.8
2016,12,22,3,0,18.8
2016,12,22,4,0,18.9
2016,12,22,5,25,19.4
2016,12,22,6,191,20.1
2016,12,22,7,403,20.9
2016,12,22,8,201,21.5
2016,12,22,9,372,22
2016,12,22,10,570,22.4
2016,12,22,11,793,22.5
2016,12,22,12,836,22.6
2016,12,22,13,785,22.6
2016,12,22,14,709,22.4
2016,12,22,15,764,22.2
2016,12,22,16,430,21.9
2016,12,22,17,162,21.5
2016,12,22,18,94,20.9
2016,12,22,19,0,20.3
2016,12,22,20,0,20
2016,12,22,21,0,19.8
2016,12,22,22,0,19.6
2016,12,22,23,0,19.4
2016,12,23,0,0,19.3
2016,12,23,1,0,19.3
2016,12,23,2,0,19.2
2016,12,23,3,0,19.2
2016,12,23,4,0,19
2016,12,23,5,26,19.6
2016,12,23,6,169,20.9
2016,12,23,7,413,22
2016,12,23,8,627,22.8
2016,12,23,9,486,23.5
2016,12,23,10,419,24.1
2016,12,23,11,631,24.4
2016,12,23,12,928,24.4
2016,12,23,13,1040,24.2
2016,12,23,14,935,23.8
2016,12,23,15,779,23.3
2016,12,23,16,581,22.7
2016,12,23,17,361,22.1
2016,12,23,18,150,21.4
2016,12,23,19,0,20.9
2016,12,23,20,0,20.8
2016,12,23,21,0,20.8
2016,12,23,22,0,20.6
2016,12,23,23,0,20.5
2016,12,24,0,0,20.3
2016,12,24,1,0,20.1
2016,12,24,2,0,20
2016,12,24,3,0,19.9
2016,12,24,4,0,19.9
2016,12,24,5,22,20.4
2016,12,24,6,158,21.7
2016,12,24,7,228,22.9
2016,12,24,8,510,23.9
2016,12,24,9,629,24.8
2016,12,24,10,734,25.3
2016,12,24,11,913,25.7
2016,12,24,12,636,25.6
2016,12,24,13,555,25.4
2016,12,24,14,609,25.2
2016,12,24,15,431,24.9
2016,12,24,16,377,24.4
2016,12,24,17,60,23.3
2016,12,24,18,15,22.5
2016,12,24,19,0,21.7
2016,12,24,20,0,21.4
2016,12,24,21,0,21.2
2016,12,24,22,0,21
2016,12,24,23,0,20.9
2016,12,25,0,0,20.9
2016,12,25,1,0,20.7
2016,12,25,2,0,20.6
2016,12,25,3,0,20.5
2016,12,25,4,0,20.4
2016,12,25,5,5,20.7
2016,12,25,6,176,21.3
2016,12,25,7,385,21.9
2016,12,25,8,596,22.6
2016,12,25,9,784,23.6
2016,12,25,10,946,24.5
2016,12,25,11,1037,25.1
2016,12,25,12,1065,25.6
2016,12,25,13,1029,25.8
2016,12,25,14,931,25.8
2016,12,25,15,777,25.6
2016,12,25,16,583,25.1
2016,12,25,17,365,24.4
2016,12,25,18,153,23.6
2016,12,25,19,0,22.9
2016,12,25,20,0,22.6
2016,12,25,21,0,22.5
2016,12,25,22,0,22.4
2016,12,25,23,0,22.2
2016,12,26,0,0,22
2016,12,26,1,0,21.8
2016,12,26,2,0,21.5
2016,12,26,3,0,21.2
2016,12,26,4,0,21
2016,12,26,5,21,21.3
2016,12,26,6,183,22.2
2016,12,26,7,350,23.5
2016,12,26,8,609,24.9
2016,12,26,9,798,26.3
2016,12,26,10,954,27.5
2016,12,26,11,1043,28.3
2016,12,26,12,1070,28.7
2016,12,26,13,1021,28.7
2016,12,26,14,917,28.4
2016,12,26,15,759,27.8
2016,12,26,16,518,26.8
2016,12,26,17,343,25.8
2016,12,26,18,139,24.7
2016,12,26,19,0,24.1
2016,12,26,20,0,23.8
2016,12,26,21,0,23.7
2016,12,26,22,0,23.6
2016,12,26,23,0,23.4
2016,12,27,0,0,23.2
2016,12,27,1,0,23.1
2016,12,27,2,0,22.9
2016,12,27,3,0,22.7
2016,12,27,4,0,22.6
2016,12,27,5,17,22.5
2016,12,27,6,169,22.5
2016,12,27,7,251,22.7
2016,12,27,8,499,22.9
2016,12,27,9,639,23.3
2016,12,27,10,598,23.6
2016,12,27,11,571,23.9
2016,12,27,12,821,24.4
2016,12,27,13,826,24.8
2016,12,27,14,601,25
2016,12,27,15,452,25.1
2016,12,27,16,561,24.9
2016,12,27,17,352,24.5
2016,12,27,18,81,23.8
2016,12,27,19,9,23.2
2016,12,27,20,0,22.8
2016,12,27,21,0,22.5
2016,12,27,22,0,22.2
2016,12,27,23,0,22
2016,12,28,0,0,21.7
2016,12,28,1,0,21.4
2016,12,28,2,0,21.1
2016,12,28,3,0,20.9
2016,12,28,4,0,20.8
2016,12,28,5,18,21.2
2016,12,28,6,175,22.2
2016,12,28,7,385,23.2
2016,12,28,8,542,24.1
2016,12,28,9,683,25.2
2016,12,28,10,929,26.2
2016,12,28,11,933,27
2016,12,28,12,875,27.3
2016,12,28,13,1011,27.4
2016,12,28,14,776,27.3
2016,12,28,15,548,26.9
2016,12,28,16,380,26.2
2016,12,28,17,329,25.3
2016,12,28,18,111,24.4
2016,12,28,19,8,23.9
2016,12,28,20,0,23.8
2016,12,28,21,0,23.6
2016,12,28,22,0,23.3
2016,12,28,23,0,23.1
2016,12,29,0,0,22.9
2016,12,29,1,0,22.8
2016,12,29,2,0,22.8
2016,12,29,3,0,22.9
2016,12,29,4,0,23
2016,12,29,5,14,23.6
2016,12,29,6,139,24.9
2016,12,29,7,94,26.7
2016,12,29,8,122,28.6
2016,12,29,9,479,30.1
2016,12,29,10,565,31.5
2016,12,29,11,693,32.7
2016,12,29,12,790,33.4
2016,12,29,13,850,33.4
2016,12,29,14,591,32.3
2016,12,29,15,664,30.8
2016,12,29,16,418,29.2
2016,12,29,17,286,27.7
2016,12,29,18,55,26.5
2016,12,29,19,10,25.5
2016,12,29,20,0,25.1
2016,12,29,21,0,24.9
2016,12,29,22,0,24.7
2016,12,29,23,0,24.6
2016,12,30,0,0,24.5
2016,12,30,1,0,24.5
2016,12,30,2,0,24.5
2016,12,30,3,0,24.3
2016,12,30,4,0,24.1
2016,12,30,5,9,23.9
2016,12,30,6,106,24.2
2016,12,30,7,200,25.4
2016,12,30,8,256,27.2
2016,12,30,9,417,29
2016,12,30,10,576,30.7
2016,12,30,11,334,32
2016,12,30,12,300,32.8
2016,12,30,13,201,33.3
2016,12,30,14,573,33.5
2016,12,30,15,522,33.1
2016,12,30,16,308,31.9
2016,12,30,17,325,30
2016,12,30,18,28,28.3
2016,12,30,19,11,27.1
2016,12,30,20,0,26.3
2016,12,30,21,0,26
2016,12,30,22,0,25.9
2016,12,30,23,0,26
2016,12,31,0,0,26.1
2016,12,31,1,0,26.2
2016,12,31,2,0,26.1
2016,12,31,3,0,26
2016,12,31,4,0,25.9
2016,12,31,5,2,25.7
2016,12,31,6,12,25.7
2016,12,31,7,289,25.9
2016,12,31,8,502,26.1
2016,12,31,9,463,26.5
2016,12,31,10,810,27
2016,12,31,11,906,27.3
2016,12,31,12,668,27.4
2016,12,31,13,645,27.2
2016,12,31,14,563,26.7
2016,12,31,15,317,25.8
2016,12,31,16,190,24.8
2016,12,31,17,357,23.6
2016,12,31,18,155,22.6
2016,12,31,19,10,22.2
2016,12,31,20,0,22
2016,12,31,21,0,21.9
2016,12,31,22,0,21.9
2016,12,31,23,0,21.7
2017,1,1,0,0,21.6
2017,1,1,1,0,21.4
2017,1,1,2,0,21.2
2017,1,1,3,0,21
2017,1,1,4,0,20.8
2017,1,1,5,13,21.2
2017,1,1,6,165,22.3
2017,1,1,7,377,23.5
2017,1,1,8,595,24.6
2017,1,1,9,792,25.4
2017,1,1,10,793,25.9
2017,1,1,11,644,26.3
2017,1,1,12,383,26.2
2017,1,1,13,269,25.4
2017,1,1,14,193,24.6
2017,1,1,15,235,24
2017,1,1,16,159,23.6
2017,1,1,17,122,23.2
2017,1,1,18,14,22.7
2017,1,1,19,11,22.3
2017,1,1,20,0,22.3
2017,1,1,21,0,22.3
2017,1,1,22,0,22.3
2017,1,1,23,0,22.3
2017,1,2,0,0,22.2
2017,1,2,1,0,22
2017,1,2,2,0,21.8
2017,1,2,3,0,21.5
2017,1,2,4,0,21.4
2017,1,2,5,6,21.7
2017,1,2,6,43,21.9
2017,1,2,7,127,21.7
2017,1,2,8,346,21.8
2017,1,2,9,285,22.3
2017,1,2,10,305,22.8
2017,1,2,11,606,22.9
2017,1,2,12,680,22.9
2017,1,2,13,657,22.9
2017,1,2,14,348,22.7
2017,1,2,15,445,22.5
2017,1,2,16,211,22.1
2017,1,2,17,376,21.7
2017,1,2,18,164,21.2
2017,1,2,19,12,20.8
2017,1,2,20,0,20.7
2017,1,2,21,0,20.7
2017,1,2,22,0,20.5
2017,1,2,23,0,20.3
2017,1,3,0,0,20.1
2017,1,3,1,0,19.8
2017,1,3,2,0,19.6
2017,1,3,3,0,19.4
2017,1,3,4,0,19.3
2017,1,3,5,15,19.6
2017,1,3,6,169,20.4
2017,1,3,7,273,21.3
2017,1,3,8,418,22.4
2017,1,3,9,794,23.1
2017,1,3,10,945,23.4
2017,1,3,11,732,23.4
2017,1,3,12,644,23.5
2017,1,3,13,239,23.7
2017,1,3,14,550,23.6
2017,1,3,15,432,23.3
2017,1,3,16,417,22.8
2017,1,3,17,386,22.2
2017,1,3,18,172,21.5
2017,1,3,19,14,20.9
2017,1,3,20,0,20.7
2017,1,3,21,0,20.6
2017,1,3,22,0,20.5
2017,1,3,23,0,20.5
2017,1,4,0,0,20.5
2017,1,4,1,0,20.4
2017,1,4,2,0,20.3
2017,1,4,3,0,20.3
2017,1,4,4,0,20.3
2017,1,4,5,15,20.7
2017,1,4,6,121,21.3
2017,1,4,7,164,21.9
2017,1,4,8,297,22.5
2017,1,4,9,502,23.1
2017,1,4,10,687,23.5
2017,1,4,11,1061,23.7
2017,1,4,12,900,23.7
2017,1,4,13,880,23.7
2017,1,4,14,750,23.7
2017,1,4,15,707,23.5
2017,1,4,16,422,22.9
2017,1,4,17,321,22.4
2017,1,4,18,85,21.9
2017,1,4,19,13,21.5
2017,1,4,20,0,21.4
2017,1,4,21,0,21.3
2017,1,4,22,0,21.2
2017,1,4,23,0,21.1
2017,1,5,0,0,21
2017,1,5,1,0,20.9
2017,1,5,2,0,20.9
2017,1,5,3,0,20.8
2017,1,5,4,0,20.8
2017,1,5,5,13,21.2
2017,1,5,6,80,21.8
2017,1,5,7,110,22.2
2017,1,5,8,587,22.7
2017,1,5,9,256,23.3
2017,1,5,10,178,23.9
2017,1,5,11,510,24.3
2017,1,5,12,584,24.4
2017,1,5,13,730,24.3
2017,1,5,14,448,24.1
2017,1,5,15,604,24
2017,1,5,16,589,23.8
2017,1,5,17,377,23.4
2017,1,5,18,94,22.9
2017,1,5,19,13,22.3
2017,1,5,20,0,22.1
2017,1,5,21,0,21.9
2017,1,5,22,0,21.7
2017,1,5,23,0,21.7
2017,1,6,0,0,21.6
2017,1,6,1,0,21.5
2017,1,6,2,0,21.3
2017,1,6,3,0,21.1
2017,1,6,4,0,21
2017,1,6,5,12,21.4
2017,1,6,6,126,22.1
2017,1,6,7,28,23
2017,1,6,8,64,23.8
2017,1,6,9,51,24.5
2017,1,6,10,477,24.9
2017,1,6,11,844,25.2
2017,1,6,12,856,25.3
2017,1,6,13,831,25.2
2017,1,6,14,759,25
2017,1,6,15,437,24.6
2017,1,6,16,254,24
2017,1,6,17,199,23.5
2017,1,6,18,172,22.9
2017,1,6,19,14,22.2
2017,1,6,20,0,21.9
2017,1,6,21,0,21.6
2017,1,6,22,0,21.5
2017,1,6,23,0,21.5
2017,1,7,0,0,21.4
2017,1,7,1,0,21.3
2017,1,7,2,0,21.2
2017,1,7,3,0,21.1
2017,1,7,4,0,20.9
2017,1,7,5,0,21.2
2017,1,7,6,144,22
2017,1,7,7,394,22.7
2017,1,7,8,613,23.7
2017,1,7,9,806,24.6
2017,1,7,10,953,25.2
2017,1,7,11,1049,25.5
2017,1,7,12,1082,25.7
2017,1,7,13,1056,25.7
2017,1,7,14,959,25.6
2017,1,7,15,809,25.3
2017,1,7,16,616,24.7
2017,1,7,17,396,24
2017,1,7,18,176,23.1
2017,1,7,19,15,22.5
2017,1,7,20,0,22.3
2017,1,7,21,0,22.2
2017,1,7,22,0,22
2017,1,7,23,0,21.7
2017,1,8,0,0,21.4
2017,1,8,1,0,21
2017,1,8,2,0,20.6
2017,1,8,3,0,20.3
2017,1,8,4,0,20.1
2017,1,8,5,0,20.5
2017,1,8,6,145,21.8
2017,1,8,7,385,23.1
2017,1,8,8,606,24.5
2017,1,8,9,703,25.7
2017,1,8,10,753,26.7
2017,1,8,11,927,27.3
2017,1,8,12,1078,27.6
2017,1,8,13,1047,27.7
2017,1,8,14,951,27.5
2017,1,8,15,676,27
2017,1,8,16,537,26.3
2017,1,8,17,336,25.5
2017,1,8,18,109,24.7
2017,1,8,19,12,24.1
2017,1,8,20,0,23.8
2017,1,8,21,0,23.6
2017,1,8,22,0,23.4
2017,1,8,23,0,23.1
2017,1,9,0,0,22.8
2017,1,9,1,0,22.5
2017,1,9,2,0,22.2
2017,1,9,3,0,22
2017,1,9,4,0,21.9
2017,1,9,5,0,22.3
2017,1,9,6,148,23.6
2017,1,9,7,356,25
2017,1,9,8,569,26.2
2017,1,9,9,758,27.3
2017,1,9,10,919,28.4
2017,1,9,11,1015,28.9
2017,1,9,12,1049,29
2017,1,9,13,1022,28.9
2017,1,9,14,929,28.6
2017,1,9,15,397,27.9
2017,1,9,16,565,26.9
2017,1,9,17,164,26
2017,1,9,18,11,25
2017,1,9,19,12,24.3
2017,1,9,20,0,23.9
2017,1,9,21,0,23.6
2017,1,9,22,0,23.3
2017,1,9,23,0,23
2017,1,10,0,0,22.7
2017,1,10,1,0,22.5
2017,1,10,2,0,22.4
2017,1,10,3,0,22.3
2017,1,10,4,0,22.3
2017,1,10,5,0,22.4
2017,1,10,6,91,22.9
2017,1,10,7,159,23.6
2017,1,10,8,200,24.2
2017,1,10,9,423,25.2
2017,1,10,10,726,27.1
2017,1,10,11,729,29.1
2017,1,10,12,808,30.6
2017,1,10,13,774,30.9
2017,1,10,14,576,30.2
2017,1,10,15,295,29.4
2017,1,10,16,500,28.7
2017,1,10,17,278,27.9
2017,1,10,18,160,26.9
2017,1,10,19,12,25.8
2017,1,10,20,0,25.3
2017,1,10,21,0,25
2017,1,10,22,0,24.7
2017,1,10,23,0,24.6
2017,1,11,0,0,24.4
2017,1,11,1,0,24.2
2017,1,11,2,0,24
2017,1,11,3,0,24
2017,1,11,4,0,23.9
2017,1,11,5,0,24.3
2017,1,11,6,61,25.3
2017,1,11,7,307,26
2017,1,11,8,541,27.2
2017,1,11,9,766,30.1
2017,1,11,10,765,32.9
2017,1,11,11,892,34.5
2017,1,11,12,824,35.9
2017,1,11,13,843,35.8
2017,1,11,14,759,34.6
2017,1,11,15,410,31.9
2017,1,11,16,574,29.6
2017,1,11,17,221,27.4
2017,1,11,18,153,25.9
2017,1,11,19,10,25
2017,1,11,20,0,24.4
2017,1,11,21,0,23.9
2017,1,11,22,0,23.5
2017,1,11,23,0,23.2
2017,1,12,0,0,22.8
2017,1,12,1,0,22.6
2017,1,12,2,0,22.4
2017,1,12,3,0,22.2
2017,1,12,4,0,22.1
2017,1,12,5,0,22.3
2017,1,12,6,140,22.9
2017,1,12,7,351,23.6
2017,1,12,8,302,24.5
2017,1,12,9,291,25.2
2017,1,12,10,199,25.7
2017,1,12,11,442,25.9
2017,1,12,12,1059,25.7
2017,1,12,13,1032,25.5
2017,1,12,14,937,25.3
2017,1,12,15,785,25
2017,1,12,16,590,24.6
2017,1,12,17,374,24.1
2017,1,12,18,162,23.6
2017,1,12,19,11,23.2
2017,1,12,20,0,23.1
2017,1,12,21,0,22.9
2017,1,12,22,0,22.8
2017,1,12,23,0,22.7
2017,1,13,0,0,22.5
2017,1,13,1,0,22.3
2017,1,13,2,0,22.1
2017,1,13,3,0,22
2017,1,13,4,0,21.8
2017,1,13,5,0,22.1
2017,1,13,6,139,23
2017,1,13,7,345,23.9
2017,1,13,8,557,25.2
2017,1,13,9,749,26.8
2017,1,13,10,907,28.6
2017,1,13,11,1000,30.4
2017,1,13,12,1034,32.1
2017,1,13,13,1004,33.1
2017,1,13,14,910,33.5
2017,1,13,15,761,33.4
2017,1,13,16,571,33.1
2017,1,13,17,359,32.2
2017,1,13,18,153,30.9
2017,1,13,19,9,30.1
2017,1,13,20,0,29.7
2017,1,13,21,0,29.5
2017,1,13,22,0,29.2
2017,1,13,23,0,28.5
2017,1,14,0,0,28.1
2017,1,14,1,0,28
2017,1,14,2,0,27.9
2017,1,14,3,0,27.8
2017,1,14,4,0,27.7
2017,1,14,5,0,27.5
2017,1,14,6,7,27.7
2017,1,14,7,17,27.7
2017,1,14,8,60,27.9
2017,1,14,9,380,28.3
2017,1,14,10,707,29
2017,1,14,11,675,30
2017,1,14,12,853,30.4
2017,1,14,13,1012,30.3
2017,1,14,14,927,29.5
2017,1,14,15,786,28.4
2017,1,14,16,601,27
2017,1,14,17,379,25.5
2017,1,14,18,163,24.1
2017,1,14,19,11,23.4
2017,1,14,20,0,23.2
2017,1,14,21,0,23
2017,1,14,22,0,22.7
2017,1,14,23,0,22.4
2017,1,15,0,0,22.3
2017,1,15,1,0,22.1
2017,1,15,2,0,22.1
2017,1,15,3,0,22
2017,1,15,4,0,22
2017,1,15,5,0,22.5
2017,1,15,6,140,23.3
2017,1,15,7,354,24.1
2017,1,15,8,573,24.8
2017,1,15,9,766,25.3
2017,1,15,10,90,25.6
2017,1,15,11,356,25.7
2017,1,15,12,442,25.7
2017,1,15,13,649,25.6
2017,1,15,14,622,25.3
2017,1,15,15,613,24.9
2017,1,15,16,582,24.4
2017,1,15,17,364,23.8
2017,1,15,18,154,23.2
2017,1,15,19,8,22.8
2017,1,15,20,0,22.7
2017,1,15,21,0,22.5
2017,1,15,22,0,22.4
2017,1,15,23,0,22.2
2017,1,16,0,0,22.1
2017,1,16,1,0,22
2017,1,16,2,0,21.9
2017,1,16,3,0,21.9
2017,1,16,4,0,21.7
2017,1,16,5,0,22
2017,1,16,6,137,22.8
2017,1,16,7,352,23.9
2017,1,16,8,576,24.8
2017,1,16,9,776,25.8
2017,1,16,10,945,26.7
2017,1,16,11,1047,27.4
2017,1,16,12,1085,27.8
2017,1,16,13,1057,27.9
2017,1,16,14,963,27.5
2017,1,16,15,809,26.9
2017,1,16,16,614,26
2017,1,16,17,392,25
2017,1,16,18,171,23.9
2017,1,16,19,12,23.2
2017,1,16,20,0,23
2017,1,16,21,0,22.8
2017,1,16,22,0,22.6
2017,1,16,23,0,22.4
2017,1,17,0,0,22.1
2017,1,17,1,0,21.8
2017,1,17,2,0,21.5
2017,1,17,3,0,21.4
2017,1,17,4,0,21.3
2017,1,17,5,0,21.7
2017,1,17,6,136,23.1
2017,1,17,7,350,24.9
2017,1,17,8,571,26.8
2017,1,17,9,770,29.4
2017,1,17,10,927,32.3
2017,1,17,11,1028,34.6
2017,1,17,12,1061,35.9
2017,1,17,13,1029,35.7
2017,1,17,14,930,34.8
2017,1,17,15,776,33.4
2017,1,17,16,580,32.3
2017,1,17,17,366,31.1
2017,1,17,18,156,29.6
2017,1,17,19,10,28.3
2017,1,17,20,0,27.7
2017,1,17,21,0,27.3
2017,1,17,22,0,27
2017,1,17,23,0,27.1
2017,1,18,0,0,27.4
2017,1,18,1,0,27.5
2017,1,18,2,0,27.6
2017,1,18,3,0,27.5
2017,1,18,4,0,27.4
2017,1,18,5,0,27.7
2017,1,18,6,133,28.9
2017,1,18,7,349,30.4
2017,1,18,8,572,31.5
2017,1,18,9,765,31.6
2017,1,18,10,918,31.6
2017,1,18,11,1014,31.3
2017,1,18,12,1046,30.5
2017,1,18,13,1017,29.3
2017,1,18,14,916,27.6
2017,1,18,15,580,25.9
2017,1,18,16,216,24.4
2017,1,18,17,102,23
2017,1,18,18,143,21.8
2017,1,18,19,4,21.3
2017,1,18,20,0,21.3
2017,1,18,21,0,21.3
2017,1,18,22,0,21.1
2017,1,18,23,0,20.9
2017,1,19,0,0,20.7
2017,1,19,1,0,20.5
2017,1,19,2,0,20.5
2017,1,19,3,0,20.4
2017,1,19,4,0,20.5
2017,1,19,5,0,20.9
2017,1,19,6,9,21.7
2017,1,19,7,25,22.3
2017,1,19,8,45,22.7
2017,1,19,9,115,22.9
2017,1,19,10,75,23.1
2017,1,19,11,321,23.1
2017,1,19,12,263,23
2017,1,19,13,174,23
2017,1,19,14,218,23
2017,1,19,15,341,22.9
2017,1,19,16,169,22.6
2017,1,19,17,76,22.2
2017,1,19,18,147,21.9
2017,1,19,19,6,21.6
2017,1,19,20,0,21.6
2017,1,19,21,0,21.5
2017,1,19,22,0,21.4
2017,1,19,23,0,21.3
2017,1,20,0,0,21.2
2017,1,20,1,0,21.1
2017,1,20,2,0,20.9
2017,1,20,3,0,20.8
2017,1,20,4,0,20.7
2017,1,20,5,0,20.9
2017,1,20,6,112,21.6
2017,1,20,7,257,22.5
2017,1,20,8,453,23.3
2017,1,20,9,43,23.9
2017,1,20,10,66,24.7
2017,1,20,11,89,25.9
2017,1,20,12,585,27.1
2017,1,20,13,812,28
2017,1,20,14,283,28.5
2017,1,20,15,278,29.1
2017,1,20,16,32,29.1
2017,1,20,17,17,28.6
2017,1,20,18,36,27.8
2017,1,20,19,0,27
2017,1,20,20,0,26.2
2017,1,20,21,0,24.8
2017,1,20,22,0,23.2
2017,1,20,23,0,22.4
2017,1,21,0,0,21.8
2017,1,21,1,0,21.4
2017,1,21,2,0,21.1
2017,1,21,3,0,20.8
2017,1,21,4,0,20.4
2017,1,21,5,0,20.4
2017,1,21,6,133,20.9
2017,1,21,7,354,21.5
2017,1,21,8,173,22.2
2017,1,21,9,785,22.8
2017,1,21,10,949,23.4
2017,1,21,11,1055,23.7
2017,1,21,12,1092,23.8
2017,1,21,13,1067,23.7
2017,1,21,14,971,23.4
2017,1,21,15,819,23
2017,1,21,16,621,22.6
2017,1,21,17,397,22.1
2017,1,21,18,171,21.4
2017,1,21,19,0,20.9
2017,1,21,20,0,20.7
2017,1,21,21,0,20.6
2017,1,21,22,0,20.5
2017,1,21,23,0,20.3
2017,1,22,0,0,20.2
2017,1,22,1,0,20.1
2017,1,22,2,0,20
2017,1,22,3,0,19.9
2017,1,22,4,0,19.9
2017,1,22,5,0,20.2
2017,1,22,6,54,21
2017,1,22,7,337,21.8
2017,1,22,8,560,22.8
2017,1,22,9,761,23.7
2017,1,22,10,918,24.5
2017,1,22,11,1023,25.1
2017,1,22,12,1064,25.6
2017,1,22,13,1047,25.7
2017,1,22,14,952,25.5
2017,1,22,15,801,25
2017,1,22,16,605,24.4
2017,1,22,17,382,23.5
2017,1,22,18,162,22.7
2017,1,22,19,0,22.3
2017,1,22,20,0,22.2
2017,1,22,21,0,22.1
2017,1,22,22,0,22
2017,1,22,23,0,21.8
2017,1,23,0,0,21.6
2017,1,23,1,0,21.4
2017,1,23,2,0,21.2
2017,1,23,3,0,21
2017,1,23,4,0,20.8
2017,1,23,5,0,21
2017,1,23,6,116,22.1
2017,1,23,7,328,23.2
2017,1,23,8,550,24.5
2017,1,23,9,751,25.8
2017,1,23,10,917,27.1
2017,1,23,11,1019,28.3
2017,1,23,12,1057,29.2
2017,1,23,13,1026,29.6
2017,1,23,14,930,29.7
2017,1,23,15,778,29.3
2017,1,23,16,573,28.6
2017,1,23,17,358,27.5
2017,1,23,18,148,26.1
2017,1,23,19,0,25.4
2017,1,23,20,0,25.4
2017,1,23,21,0,25.4
2017,1,23,22,0,25.4
2017,1,23,23,0,25.3
2017,1,24,0,0,25.2
2017,1,24,1,0,25.2
2017,1,24,2,0,25.2
2017,1,24,3,0,25
2017,1,24,4,0,24.5
2017,1,24,5,0,24.6
2017,1,24,6,41,25.6
2017,1,24,7,68,26.9
2017,1,24,8,444,29
2017,1,24,9,610,31
2017,1,24,10,545,32.5
2017,1,24,11,499,34.1
2017,1,24,12,501,34.9
2017,1,24,13,441,33.2
2017,1,24,14,477,29.5
2017,1,24,15,46,26.9
2017,1,24,16,198,25.4
2017,1,24,17,54,24
2017,1,24,18,82,22.8
2017,1,24,19,0,22
2017,1,24,20,0,21.5
2017,1,24,21,0,21.1
2017,1,24,22,0,20.8
2017,1,24,23,0,20.5
2017,1,25,0,0,20.2
2017,1,25,1,0,20.1
2017,1,25,2,0,20.1
2017,1,25,3,0,20.2
2017,1,25,4,0,20.3
2017,1,25,5,0,20.5
2017,1,25,6,6,20.9
2017,1,25,7,58,21.4
2017,1,25,8,87,22
2017,1,25,9,173,22.7
2017,1,25,10,248,23.4
2017,1,25,11,260,23.9
2017,1,25,12,302,24.2
2017,1,25,13,191,24.2
2017,1,25,14,259,24.1
2017,1,25,15,465,23.8
2017,1,25,16,326,23.3
2017,1,25,17,244,22.7
2017,1,25,18,105,22.3
2017,1,25,19,0,21.9
2017,1,25,20,0,21.7
2017,1,25,21,0,21.5
2017,1,25,22,0,21.4
2017,1,25,23,0,21.3
2017,1,26,0,0,21.2
2017,1,26,1,0,21.1
2017,1,26,2,0,20.8
2017,1,26,3,0,20.8
2017,1,26,4,0,21
2017,1,26,5,0,21.1
2017,1,26,6,34,21.7
2017,1,26,7,168,22.2
2017,1,26,8,28,22.9
2017,1,26,9,232,23.5
2017,1,26,10,303,24
2017,1,26,11,273,24.3
2017,1,26,12,382,24.5
2017,1,26,13,193,24.4
2017,1,26,14,570,24.3
2017,1,26,15,188,24
2017,1,26,16,165,23.5
2017,1,26,17,176,22.9
2017,1,26,18,146,22.2
2017,1,26,19,0,21.8
2017,1,26,20,0,21.7
2017,1,26,21,0,21.6
2017,1,26,22,0,21.5
2017,1,26,23,0,21.4
2017,1,27,0,0,21.3
2017,1,27,1,0,21.2
2017,1,27,2,0,21.1
2017,1,27,3,0,21
2017,1,27,4,0,21
2017,1,27,5,0,21.1
2017,1,27,6,103,21.7
2017,1,27,7,311,22.3
2017,1,27,8,50,23
2017,1,27,9,121,23.8
2017,1,27,10,431,24.6
2017,1,27,11,997,25.2
2017,1,27,12,1040,25.5
2017,1,27,13,817,25.7
2017,1,27,14,931,25.6
2017,1,27,15,785,25.4
2017,1,27,16,593,25
2017,1,27,17,375,24.4
2017,1,27,18,157,23.8
2017,1,27,19,0,23.2
2017,1,27,20,0,22.9
2017,1,27,21,0,22.7
2017,1,27,22,0,22.5
2017,1,27,23,0,22.3
2017,1,28,0,0,22
2017,1,28,1,0,21.7
2017,1,28,2,0,21.5
2017,1,28,3,0,21.3
2017,1,28,4,0,21.1
2017,1,28,5,0,21.4
2017,1,28,6,106,22.6
2017,1,28,7,317,24.1
2017,1,28,8,538,25.4
2017,1,28,9,737,26.7
2017,1,28,10,902,28.2
2017,1,28,11,1007,29.3
2017,1,28,12,1048,29.9
2017,1,28,13,1018,29.9
2017,1,28,14,922,29.7
2017,1,28,15,772,29.2
2017,1,28,16,577,28.4
2017,1,28,17,362,27.3
2017,1,28,18,149,26.1
2017,1,28,19,0,25.2
2017,1,28,20,0,24.8
2017,1,28,21,0,24.6
2017,1,28,22,0,24.4
2017,1,28,23,0,24.3
2017,1,29,0,0,24.1
2017,1,29,1,0,24
2017,1,29,2,0,23.7
2017,1,29,3,0,23.4
2017,1,29,4,0,23
2017,1,29,5,0,23
2017,1,29,6,93,23.9
2017,1,29,7,295,24.9
2017,1,29,8,217,25.8
2017,1,29,9,468,26.6
2017,1,29,10,862,27.2
2017,1,29,11,965,27.6
2017,1,29,12,1006,27.5
2017,1,29,13,993,27.2
2017,1,29,14,744,26.9
2017,1,29,15,581,26.5
2017,1,29,16,384,26.1
2017,1,29,17,264,25.6
2017,1,29,18,117,25
2017,1,29,19,0,24.5
2017,1,29,20,0,24.4
2017,1,29,21,0,24.2
2017,1,29,22,0,24.1
2017,1,29,23,0,24.1
2017,1,30,0,0,24.1
2017,1,30,1,0,24
2017,1,30,2,0,24
2017,1,30,3,0,23.9
2017,1,30,4,0,23.7
2017,1,30,5,0,23.9
2017,1,30,6,91,24.8
2017,1,30,7,295,26.2
2017,1,30,8,513,28
2017,1,30,9,715,30.2
2017,1,30,10,883,32.3
2017,1,30,11,988,33.8
2017,1,30,12,1029,34.5
2017,1,30,13,745,34.5
2017,1,30,14,905,34.2
2017,1,30,15,502,33.2
2017,1,30,16,260,32
2017,1,30,17,351,30.5
2017,1,30,18,143,28.8
2017,1,30,19,0,27.6
2017,1,30,20,0,27.2
2017,1,30,21,0,27
2017,1,30,22,0,27
2017,1,30,23,0,26.8
2017,1,31,0,0,26.6
2017,1,31,1,0,26.5
2017,1,31,2,0,26.5
2017,1,31,3,0,26.5
2017,1,31,4,0,26.4
2017,1,31,5,0,26.6
2017,1,31,6,68,27.3
2017,1,31,7,232,28.4
2017,1,31,8,219,30.6
2017,1,31,9,532,32.8
2017,1,31,10,561,34.6
2017,1,31,11,344,35.8
2017,1,31,12,1013,34.7
2017,1,31,13,983,32.4
2017,1,31,14,651,29.5
2017,1,31,15,388,27.1
2017,1,31,16,194,25.4
2017,1,31,17,229,23.9
2017,1,31,18,17,23
2017,1,31,19,0,22.7
2017,1,31,20,0,22.7
2017,1,31,21,0,22.6
2017,1,31,22,0,22.4
2017,1,31,23,0,22.3
2017,2,1,0,0,22.1
2017,2,1,1,0,22
2017,2,1,2,0,21.9
2017,2,1,3,0,21.8
2017,2,1,4,0,21.8
2017,2,1,5,0,21.8
2017,2,1,6,16,22.1
2017,2,1,7,50,22.6
2017,2,1,8,127,23.3
2017,2,1,9,53,24
2017,2,1,10,163,24.6
2017,2,1,11,265,25.2
2017,2,1,12,79,25.8
2017,2,1,13,142,26
2017,2,1,14,283,25.7
2017,2,1,15,210,24.9
2017,2,1,16,89,23.9
2017,2,1,17,14,23.1
2017,2,1,18,82,22.5
2017,2,1,19,0,22.4
2017,2,1,20,0,22.6
2017,2,1,21,0,22.6
2017,2,1,22,0,22.7
2017,2,1,23,0,22.8
2017,2,2,0,0,22.8
2017,2,2,1,0,22.7
2017,2,2,2,0,22.7
2017,2,2,3,0,22.9
2017,2,2,4,0,23
2017,2,2,5,0,23
2017,2,2,6,44,23.1
2017,2,2,7,100,23
2017,2,2,8,346,23.1
2017,2,2,9,508,23.6
2017,2,2,10,269,23.9
2017,2,2,11,696,24.1
2017,2,2,12,290,23.9
2017,2,2,13,832,23.8
2017,2,2,14,780,23.6
2017,2,2,15,628,23.3
2017,2,2,16,493,23.1
2017,2,2,17,303,22.8
2017,2,2,18,107,22.5
2017,2,2,19,0,22.4
2017,2,2,20,0,22.4
2017,2,2,21,0,22.4
2017,2,2,22,0,22.4
2017,2,2,23,0,22.3
2017,2,3,0,0,22.3
2017,2,3,1,0,22.2
2017,2,3,2,0,22.1
2017,2,3,3,0,22.1
2017,2,3,4,0,22.2
2017,2,3,5,0,22.4
2017,2,3,6,11,23.3
2017,2,3,7,14,24.1
2017,2,3,8,45,24.7
2017,2,3,9,165,25.3
2017,2,3,10,519,25.8
2017,2,3,11,637,26.2
2017,2,3,12,604,26.5
2017,2,3,13,657,26.6
2017,2,3,14,652,26.6
2017,2,3,15,479,26.2
2017,2,3,16,408,25.7
2017,2,3,17,281,25.1
2017,2,3,18,29,24.5
2017,2,3,19,0,24.1
2017,2,3,20,0,24
2017,2,3,21,0,24
2017,2,3,22,0,23.9
2017,2,3,23,0,23.9
2017,2,4,0,0,23.8
2017,2,4,1,0,23.8
2017,2,4,2,0,23.8
2017,2,4,3,0,23.7
2017,2,4,4,0,23.6
2017,2,4,5,0,23.7
2017,2,4,6,62,24.6
2017,2,4,7,207,25.8
2017,2,4,8,114,26.7
2017,2,4,9,134,27.3
2017,2,4,10,710,27.7
2017,2,4,11,776,28
2017,2,4,12,644,28.4
2017,2,4,13,545,28.7
2017,2,4,14,622,28.7
2017,2,4,15,648,28.7
2017,2,4,16,538,28.2
2017,2,4,17,329,27.3
2017,2,4,18,125,26.4
2017,2,4,19,0,26
2017,2,4,20,0,25.9
2017,2,4,21,0,25.9
2017,2,4,22,0,25.9
2017,2,4,23,0,25.9
2017,2,5,0,0,25.9
2017,2,5,1,0,25.9
2017,2,5,2,0,25.8
2017,2,5,3,0,25.7
2017,2,5,4,0,25.8
2017,2,5,5,0,26.3
2017,2,5,6,75,27.1
2017,2,5,7,180,27.7
2017,2,5,8,306,28.2
2017,2,5,9,330,28.8
2017,2,5,10,687,29.7
2017,2,5,11,716,30.6
2017,2,5,12,719,31.6
2017,2,5,13,731,32.2
2017,2,5,14,654,32.8
2017,2,5,15,530,33.6
2017,2,5,16,198,33.6
2017,2,5,17,244,32.4
2017,2,5,18,36,30.3
2017,2,5,19,0,28.8
2017,2,5,20,0,28.1
2017,2,5,21,0,27.6
2017,2,5,22,0,27.3
2017,2,5,23,0,27
2017,2,6,0,0,26.8
2017,2,6,1,0,26.4
2017,2,6,2,0,26
2017,2,6,3,0,25.5
2017,2,6,4,0,25
2017,2,6,5,0,24.7
2017,2,6,6,78,25.1
2017,2,6,7,282,26.1
2017,2,6,8,506,27.9
2017,2,6,9,711,30.3
2017,2,6,10,877,31.4
2017,2,6,11,983,31.6
2017,2,6,12,1022,31.2
2017,2,6,13,992,30.7
2017,2,6,14,893,29.7
2017,2,6,15,739,28.4
2017,2,6,16,546,27.1
2017,2,6,17,323,26
2017,2,6,18,43,25.1
2017,2,6,19,0,24.4
2017,2,6,20,0,24.1
2017,2,6,21,0,23.9
2017,2,6,22,0,23.8
2017,2,6,23,0,23.7
2017,2,7,0,0,23.6
2017,2,7,1,0,23.5
2017,2,7,2,0,23.5
2017,2,7,3,0,23.5
2017,2,7,4,0,23.6
2017,2,7,5,0,23.7
2017,2,7,6,24,24.1
2017,2,7,7,83,24.4
2017,2,7,8,22,24.9
2017,2,7,9,42,25.1
2017,2,7,10,110,25
2017,2,7,11,87,24.8
2017,2,7,12,86,24.5
2017,2,7,13,73,24.3
2017,2,7,14,177,24.2
2017,2,7,15,186,24
2017,2,7,16,446,23.7
2017,2,7,17,171,23.4
2017,2,7,18,9,23
2017,2,7,19,0,22.9
2017,2,7,20,0,22.9
2017,2,7,21,0,23
2017,2,7,22,0,22.9
2017,2,7,23,0,23
2017,2,8,0,0,22.9
2017,2,8,1,0,23
2017,2,8,2,0,23.1
2017,2,8,3,0,23.1
2017,2,8,4,0,23.2
2017,2,8,5,0,23.3
2017,2,8,6,40,23.6
2017,2,8,7,151,23.9
2017,2,8,8,268,24.5
2017,2,8,9,664,25
2017,2,8,10,326,25.4
2017,2,8,11,434,25.6
2017,2,8,12,837,25.7
2017,2,8,13,581,25.7
2017,2,8,14,346,25.6
2017,2,8,15,521,25.3
2017,2,8,16,218,24.9
2017,2,8,17,333,24.4
2017,2,8,18,121,23.9
2017,2,8,19,0,23.5
2017,2,8,20,0,23.4
2017,2,8,21,0,23.4
2017,2,8,22,0,23.3
2017,2,8,23,0,23.2
2017,2,9,0,0,23.1
2017,2,9,1,0,22.9
2017,2,9,2,0,22.7
2017,2,9,3,0,22.5
2017,2,9,4,0,22.4
2017,2,9,5,0,22.5
2017,2,9,6,68,23.2
2017,2,9,7,270,24.1
2017,2,9,8,491,25.3
2017,2,9,9,695,26.6
2017,2,9,10,870,27.6
2017,2,9,11,978,28.6
2017,2,9,12,1022,29.4
2017,2,9,13,1002,29.8
2017,2,9,14,912,29.9
2017,2,9,15,763,29.7
2017,2,9,16,568,29.2
2017,2,9,17,346,28.2
2017,2,9,18,129,26.8
2017,2,9,19,0,25.8
2017,2,9,20,0,25.3
2017,2,9,21,0,25.1
2017,2,9,22,0,24.8
2017,2,9,23,0,24.6
2017,2,10,0,0,24.4
2017,2,10,1,0,24.2
2017,2,10,2,0,24.1
2017,2,10,3,0,23.9
2017,2,10,4,0,23.7
2017,2,10,5,0,23.7
2017,2,10,6,66,24.7
2017,2,10,7,265,26.2
2017,2,10,8,482,28.7
2017,2,10,9,608,32
2017,2,10,10,845,34.8
2017,2,10,11,952,36.5
2017,2,10,12,997,37.5
2017,2,10,13,975,37.8
2017,2,10,14,886,37.5
2017,2,10,15,738,36.7
2017,2,10,16,545,34.7
2017,2,10,17,327,32
2017,2,10,18,116,29.6
2017,2,10,19,0,27.8
2017,2,10,20,0,26.8
2017,2,10,21,0,26.2
2017,2,10,22,0,25.6
2017,2,10,23,0,25.1
2017,2,11,0,0,24.7
2017,2,11,1,0,24.5
2017,2,11,2,0,24.4
2017,2,11,3,0,24.3
2017,2,11,4,0,24.2
2017,2,11,5,0,24.3
2017,2,11,6,34,25
2017,2,11,7,263,26.4
2017,2,11,8,391,28
2017,2,11,9,687,30
2017,2,11,10,538,32.8
2017,2,11,11,957,35.7
2017,2,11,12,996,38
2017,2,11,13,971,39.8
2017,2,11,14,882,40
2017,2,11,15,738,39.7
2017,2,11,16,546,39.1
2017,2,11,17,327,38.2
2017,2,11,18,8,35.5
2017,2,11,19,0,30.8
2017,2,11,20,0,28.3
2017,2,11,21,0,26.8
2017,2,11,22,0,25.9
2017,2,11,23,0,25.3
2017,2,12,0,0,24.9
2017,2,12,1,0,24.7
2017,2,12,2,0,24.7
2017,2,12,3,0,24.7
2017,2,12,4,0,24.7
2017,2,12,5,0,24.7
2017,2,12,6,59,25.3
2017,2,12,7,254,26.2
2017,2,12,8,474,27.3
2017,2,12,9,678,28.9
2017,2,12,10,839,30.4
2017,2,12,11,940,31.4
2017,2,12,12,974,31.4
2017,2,12,13,538,30.4
2017,2,12,14,329,28.9
2017,2,12,15,60,27.5
2017,2,12,16,244,26
2017,2,12,17,242,24.9
2017,2,12,18,94,23.9
2017,2,12,19,0,23.2
2017,2,12,20,0,22.8
2017,2,12,21,0,22.5
2017,2,12,22,0,22.1
2017,2,12,23,0,21.6
2017,2,13,0,0,21.2
2017,2,13,1,0,20.7
2017,2,13,2,0,20.2
2017,2,13,3,0,19.7
2017,2,13,4,0,19.3
2017,2,13,5,0,19.1
2017,2,13,6,71,20
2017,2,13,7,287,21
2017,2,13,8,517,22
2017,2,13,9,725,23
2017,2,13,10,894,23.9
2017,2,13,11,1005,24.6
2017,2,13,12,1050,25.1
2017,2,13,13,1025,25.3
2017,2,13,14,929,24.9
2017,2,13,15,773,24.2
2017,2,13,16,573,23.4
2017,2,13,17,346,22.6
2017,2,13,18,122,21.9
2017,2,13,19,0,21.5
2017,2,13,20,0,21.5
2017,2,13,21,0,21.6
2017,2,13,22,0,21.6
2017,2,13,23,0,21.6
2017,2,14,0,0,21.5
2017,2,14,1,0,21.4
2017,2,14,2,0,21.3
2017,2,14,3,0,21.3
2017,2,14,4,0,21.3
2017,2,14,5,0,21.4
2017,2,14,6,12,22.1
2017,2,14,7,167,22.4
2017,2,14,8,457,22.5
2017,2,14,9,339,22.9
2017,2,14,10,73,22.9
2017,2,14,11,78,22.7
2017,2,14,12,173,22.6
2017,2,14,13,510,22.6
2017,2,14,14,589,22.4
2017,2,14,15,247,22.2
2017,2,14,16,338,22.1
2017,2,14,17,23,21.8
2017,2,14,18,8,21.4
2017,2,14,19,0,21.1
2017,2,14,20,0,21.1
2017,2,14,21,0,21.1
2017,2,14,22,0,21.1
2017,2,14,23,0,21.1
2017,2,15,0,0,21
2017,2,15,1,0,20.8
2017,2,15,2,0,20.6
2017,2,15,3,0,20.4
2017,2,15,4,0,20.3
2017,2,15,5,0,20.3
2017,2,15,6,55,21
2017,2,15,7,256,21.5
2017,2,15,8,479,22.3
2017,2,15,9,440,23.3
2017,2,15,10,527,24.2
2017,2,15,11,92,25
2017,2,15,12,1012,25.7
2017,2,15,13,701,26.2
2017,2,15,14,894,26.2
2017,2,15,15,742,25.9
2017,2,15,16,544,25.2
2017,2,15,17,322,24.4
2017,2,15,18,107,23.6
2017,2,15,19,0,23.2
2017,2,15,20,0,23.2
2017,2,15,21,0,23.2
2017,2,15,22,0,23.2
2017,2,15,23,0,23.1
2017,2,16,0,0,23
2017,2,16,1,0,22.6
2017,2,16,2,0,22.2
2017,2,16,3,0,21.8
2017,2,16,4,0,21.5
2017,2,16,5,0,21.3
2017,2,16,6,54,22.2
2017,2,16,7,256,23.6
2017,2,16,8,479,25.6
2017,2,16,9,684,27.5
2017,2,16,10,848,29.2
2017,2,16,11,843,30.2
2017,2,16,12,998,30.6
2017,2,16,13,974,30.7
2017,2,16,14,877,30.4
2017,2,16,15,719,29.9
2017,2,16,16,517,29.2
2017,2,16,17,267,28.1
2017,2,16,18,94,26.9
2017,2,16,19,0,26.3
2017,2,16,20,0,26
2017,2,16,21,0,25.9
2017,2,16,22,0,25.7
2017,2,16,23,0,25.6
2017,2,17,0,0,25.4
2017,2,17,1,0,25.2
2017,2,17,2,0,24.9
2017,2,17,3,0,24.7
2017,2,17,4,0,24.4
2017,2,17,5,0,24.2
2017,2,17,6,48,25.1
2017,2,17,7,197,26.4
2017,2,17,8,461,27.9
2017,2,17,9,663,29.7
2017,2,17,10,718,31.3
2017,2,17,11,934,32.6
2017,2,17,12,974,33.3
2017,2,17,13,110,33.3
2017,2,17,14,67,32.5
2017,2,17,15,47,31.1
2017,2,17,16,118,29.6
2017,2,17,17,15,27.9
2017,2,17,18,82,26.4
2017,2,17,19,0,25.9
2017,2,17,20,0,25.7
2017,2,17,21,0,25.6
2017,2,17,22,0,25.4
2017,2,17,23,0,25
2017,2,18,0,0,24.8
2017,2,18,1,0,24.7
2017,2,18,2,0,24.6
2017,2,18,3,0,24.3
2017,2,18,4,0,23.9
2017,2,18,5,0,23.7
2017,2,18,6,9,24.2
2017,2,18,7,21,25.1
2017,2,18,8,450,26.2
2017,2,18,9,648,27.5
2017,2,18,10,804,28
2017,2,18,11,899,27.4
2017,2,18,12,931,26.6
2017,2,18,13,770,26
2017,2,18,14,668,25.1
2017,2,18,15,49,24.2
2017,2,18,16,443,23.6
2017,2,18,17,14,23.2
2017,2,18,18,6,22.6
2017,2,18,19,0,22.3
2017,2,18,20,0,22.2
2017,2,18,21,0,22.1
2017,2,18,22,0,22.2
2017,2,18,23,0,22.2
2017,2,19,0,0,22.3
2017,2,19,1,0,22.1
2017,2,19,2,0,21.7
2017,2,19,3,0,21.3
2017,2,19,4,0,20.9
2017,2,19,5,0,20.7
2017,2,19,6,32,20.8
2017,2,19,7,173,21.1
2017,2,19,8,208,21.4
2017,2,19,9,329,21.5
2017,2,19,10,607,21.7
2017,2,19,11,780,22.2
2017,2,19,12,845,22.7
2017,2,19,13,709,23.1
2017,2,19,14,848,23.1
2017,2,19,15,700,23
2017,2,19,16,351,22.7
2017,2,19,17,189,22.3
2017,2,19,18,6,21.8
2017,2,19,19,0,21.4
2017,2,19,20,0,21.2
2017,2,19,21,0,21.2
2017,2,19,22,0,21
2017,2,19,23,0,20.9
2017,2,20,0,0,20.5
2017,2,20,1,0,19.9
2017,2,20,2,0,19.1
2017,2,20,3,0,18.5
2017,2,20,4,0,18.1
2017,2,20,5,0,17.7
2017,2,20,6,53,18.2
2017,2,20,7,265,18.9
2017,2,20,8,499,19.9
2017,2,20,9,715,21
2017,2,20,10,886,22.3
2017,2,20,11,999,23.6
2017,2,20,12,1045,24.9
2017,2,20,13,1020,25.8
2017,2,20,14,926,26.4
2017,2,20,15,768,26.6
2017,2,20,16,566,26.4
2017,2,20,17,335,25.5
2017,2,20,18,107,23.6
2017,2,20,19,0,22.7
2017,2,20,20,0,22.3
2017,2,20,21,0,21.9
2017,2,20,22,0,21.5
2017,2,20,23,0,21.3
2017,2,21,0,0,21.1
2017,2,21,1,0,20.8
2017,2,21,2,0,20.5
2017,2,21,3,0,20.3
2017,2,21,4,0,20.1
2017,2,21,5,0,20
2017,2,21,6,26,20.7
2017,2,21,7,149,22
2017,2,21,8,464,23.3
2017,2,21,9,668,24.1
2017,2,21,10,627,24.8
2017,2,21,11,937,25.3
2017,2,21,12,977,25.4
2017,2,21,13,951,25.3
2017,2,21,14,855,25.2
2017,2,21,15,707,25
2017,2,21,16,511,24.8
2017,2,21,17,294,24.4
2017,2,21,18,88,23.8
2017,2,21,19,0,23.5
2017,2,21,20,0,23.3
2017,2,21,21,0,23.1
2017,2,21,22,0,22.9
2017,2,21,23,0,22.7
2017,2,22,0,0,22.4
2017,2,22,1,0,22.1
2017,2,22,2,0,21.8
2017,2,22,3,0,21.5
2017,2,22,4,0,21.3
2017,2,22,5,0,21.2
2017,2,22,6,40,22.3
2017,2,22,7,233,23.8
2017,2,22,8,454,24.9
2017,2,22,9,658,25.7
2017,2,22,10,837,26.5
2017,2,22,11,945,27.1
2017,2,22,12,988,27.5
2017,2,22,13,967,27.6
2017,2,22,14,873,27.4
2017,2,22,15,718,26.9
2017,2,22,16,523,26.1
2017,2,22,17,300,25.1
2017,2,22,18,87,24.2
2017,2,22,19,0,23.8
2017,2,22,20,0,23.6
2017,2,22,21,0,23.4
2017,2,22,22,0,23.2
2017,2,22,23,0,23
2017,2,23,0,0,22.7
2017,2,23,1,0,22.4
2017,2,23,2,0,22.1
2017,2,23,3,0,21.9
2017,2,23,4,0,21.6
2017,2,23,5,0,21.5
2017,2,23,6,38,22.3
2017,2,23,7,230,23.5
2017,2,23,8,452,24.7
2017,2,23,9,657,26
2017,2,23,10,827,27.4
2017,2,23,11,935,28.4
2017,2,23,12,980,29
2017,2,23,13,957,29
2017,2,23,14,865,28.8
2017,2,23,15,713,28.2
2017,2,23,16,515,27.4
2017,2,23,17,292,26.3
2017,2,23,18,82,25.1
2017,2,23,19,0,24.3
2017,2,23,20,0,24
2017,2,23,21,0,23.7
2017,2,23,22,0,23.4
2017,2,23,23,0,23
2017,2,24,0,0,22.7
2017,2,24,1,0,22.3
2017,2,24,2,0,22.1
2017,2,24,3,0,22
2017,2,24,4,0,22
2017,2,24,5,0,22
2017,2,24,6,34,22.9
2017,2,24,7,219,24
2017,2,24,8,115,24.9
2017,2,24,9,437,25.7
2017,2,24,10,147,26.4
2017,2,24,11,431,26.8
2017,2,24,12,611,27
2017,2,24,13,672,26.8
2017,2,24,14,577,26.5
2017,2,24,15,412,26
2017,2,24,16,496,25.3
2017,2,24,17,275,24.5
2017,2,24,18,53,23.7
2017,2,24,19,0,23.3
2017,2,24,20,0,23.1
2017,2,24,21,0,22.9
2017,2,24,22,0,22.6
2017,2,24,23,0,22.4
2017,2,25,0,0,22.2
2017,2,25,1,0,22.1
2017,2,25,2,0,22
2017,2,25,3,0,21.8
2017,2,25,4,0,21.5
2017,2,25,5,0,21.2
2017,2,25,6,8,21.2
2017,2,25,7,54,21.3
2017,2,25,8,74,21.6
2017,2,25,9,145,22
2017,2,25,10,143,22.2
2017,2,25,11,137,22.2
2017,2,25,12,106,22.2
2017,2,25,13,186,22.2
2017,2,25,14,305,22.2
2017,2,25,15,64,22.1
2017,2,25,16,189,21.9
2017,2,25,17,108,21.4
2017,2,25,18,25,20.8
2017,2,25,19,0,20.7
2017,2,25,20,0,20.9
2017,2,25,21,0,21
2017,2,25,22,0,21.1
2017,2,25,23,0,21.2
2017,2,26,0,0,21.3
2017,2,26,1,0,21.3
2017,2,26,2,0,21.3
2017,2,26,3,0,21.3
2017,2,26,4,0,21.2
2017,2,26,5,0,21.2
2017,2,26,6,31,21.5
2017,2,26,7,176,21.9
2017,2,26,8,205,22.5
2017,2,26,9,263,23.1
2017,2,26,10,348,23.3
2017,2,26,11,507,23.6
2017,2,26,12,621,23.8
2017,2,26,13,773,23.8
2017,2,26,14,626,23.7
2017,2,26,15,591,23.7
2017,2,26,16,377,23.3
2017,2,26,17,249,22.8
2017,2,26,18,44,22.3
2017,2,26,19,0,22
2017,2,26,20,0,21.8
2017,2,26,21,0,21.7
2017,2,26,22,0,21.7
2017,2,26,23,0,21.6
2017,2,27,0,0,21.5
2017,2,27,1,0,21.4
2017,2,27,2,0,21.4
2017,2,27,3,0,21.5
2017,2,27,4,0,21.5
2017,2,27,5,0,21.5
2017,2,27,6,32,22.1
2017,2,27,7,15,22.7
2017,2,27,8,443,23.3
2017,2,27,9,233,24.1
2017,2,27,10,466,24.7
2017,2,27,11,926,25
2017,2,27,12,970,25.2
2017,2,27,13,949,25.1
2017,2,27,14,855,25
2017,2,27,15,612,24.6
2017,2,27,16,382,24
2017,2,27,17,280,23.4
2017,2,27,18,35,22.7
2017,2,27,19,0,22.4
2017,2,27,20,0,22.3
2017,2,27,21,0,22.1
2017,2,27,22,0,21.9
2017,2,27,23,0,21.7
2017,2,28,0,0,21.6
2017,2,28,1,0,21.6
2017,2,28,2,0,21.6
2017,2,28,3,0,21.7
2017,2,28,4,0,21.8
2017,2,28,5,0,21.9
2017,2,28,6,17,22.6
2017,2,28,7,142,23
2017,2,28,8,430,23.4
2017,2,28,9,574,24.1
2017,2,28,10,203,24.7
2017,2,28,11,767,25
2017,2,28,12,724,25.2
2017,2,28,13,634,25.2
2017,2,28,14,607,25.1
2017,2,28,15,560,24.9
2017,2,28,16,366,24.6
2017,2,28,17,266,24.1
2017,2,28,18,52,23.4
2017,2,28,19,0,23
2017,2,28,20,0,22.9
2017,2,28,21,0,22.8
2017,2,28,22,0,22.7
2017,2,28,23,0,22.5
2017,3,1,0,0,22.3
2017,3,1,1,0,22.2
2017,3,1,2,0,22.2
2017,3,1,3,0,22.3
2017,3,1,4,0,22.4
2017,3,1,5,0,22.4
2017,3,1,6,3,22.5
2017,3,1,7,9,22.5
2017,3,1,8,260,22.6
2017,3,1,9,318,23
2017,3,1,10,407,23.5
2017,3,1,11,462,24
2017,3,1,12,554,24.1
2017,3,1,13,630,24.1
2017,3,1,14,440,23.8
2017,3,1,15,650,23.4
2017,3,1,16,419,22.9
2017,3,1,17,239,22.5
2017,3,1,18,54,22.3
2017,3,1,19,0,22.4
2017,3,1,20,0,22.6
2017,3,1,21,0,22.6
2017,3,1,22,0,22.6
2017,3,1,23,0,22.6
2017,3,2,0,0,22.5
2017,3,2,1,0,22.4
2017,3,2,2,0,22.2
2017,3,2,3,0,22.2
2017,3,2,4,0,22.3
2017,3,2,5,0,22.2
2017,3,2,6,24,22.5
2017,3,2,7,149,22.7
2017,3,2,8,430,23
2017,3,2,9,509,23.6
2017,3,2,10,65,24.3
2017,3,2,11,139,24.8
2017,3,2,12,261,25.1
2017,3,2,13,669,25.2
2017,3,2,14,720,25
2017,3,2,15,514,24.7
2017,3,2,16,469,24.2
2017,3,2,17,255,23.6
2017,3,2,18,58,22.9
2017,3,2,19,0,22.6
2017,3,2,20,0,22.5
2017,3,2,21,0,22.4
2017,3,2,22,0,22.3
2017,3,2,23,0,22.2
2017,3,3,0,0,22.1
2017,3,3,1,0,21.9
2017,3,3,2,0,21.7
2017,3,3,3,0,21.6
2017,3,3,4,0,21.5
2017,3,3,5,0,21.5
2017,3,3,6,3,21.9
2017,3,3,7,9,22.1
2017,3,3,8,96,22.5
2017,3,3,9,400,23.2
2017,3,3,10,638,23.8
2017,3,3,11,256,24.1
2017,3,3,12,292,24.2
2017,3,3,13,238,24.2
2017,3,3,14,190,24.1
2017,3,3,15,231,23.8
2017,3,3,16,219,23.5
2017,3,3,17,130,23.1
2017,3,3,18,27,22.6
2017,3,3,19,0,22.5
2017,3,3,20,0,22.6
2017,3,3,21,0,22.7
2017,3,3,22,0,22.8
2017,3,3,23,0,22.9
2017,3,4,0,0,23
2017,3,4,1,0,23
2017,3,4,2,0,22.9
2017,3,4,3,0,22.7
2017,3,4,4,0,22.4
2017,3,4,5,0,22
2017,3,4,6,7,22
2017,3,4,7,66,22.2
2017,3,4,8,223,22.5
2017,3,4,9,332,22.9
2017,3,4,10,282,23.3
2017,3,4,11,363,23.5
2017,3,4,12,315,23.4
2017,3,4,13,227,23.1
2017,3,4,14,297,22.7
2017,3,4,15,281,22.3
2017,3,4,16,291,22
2017,3,4,17,147,21.8
2017,3,4,18,31,21.6
2017,3,4,19,0,21.5
2017,3,4,20,0,21.4
2017,3,4,21,0,21.3
2017,3,4,22,0,21.1
2017,3,4,23,0,20.9
2017,3,5,0,0,20.7
2017,3,5,1,0,20.4
2017,3,5,2,0,20.3
2017,3,5,3,0,20.3
2017,3,5,4,0,20.4
2017,3,5,5,0,20.6
2017,3,5,6,5,20.9
2017,3,5,7,42,21.3
2017,3,5,8,33,21.8
2017,3,5,9,204,22.3
2017,3,5,10,149,22.6
2017,3,5,11,195,22.7
2017,3,5,12,146,22.8
2017,3,5,13,218,22.9
2017,3,5,14,484,22.8
2017,3,5,15,155,22.5
2017,3,5,16,252,22.2
2017,3,5,17,52,22
2017,3,5,18,10,21.6
2017,3,5,19,0,21.4
2017,3,5,20,0,21.2
2017,3,5,21,0,21.1
2017,3,5,22,0,20.9
2017,3,5,23,0,20.7
2017,3,6,0,0,20.4
2017,3,6,1,0,20.2
2017,3,6,2,0,20.2
2017,3,6,3,0,20.2
2017,3,6,4,0,20.2
2017,3,6,5,0,20.2
2017,3,6,6,17,20.4
2017,3,6,7,13,20.8
2017,3,6,8,83,21.4
2017,3,6,9,408,22
2017,3,6,10,605,22.5
2017,3,6,11,897,22.8
2017,3,6,12,540,22.9
2017,3,6,13,914,22.8
2017,3,6,14,814,22.7
2017,3,6,15,658,22.4
2017,3,6,16,461,22
2017,3,6,17,240,21.6
2017,3,6,18,45,21.1
2017,3,6,19,0,20.9
2017,3,6,20,0,20.7
2017,3,6,21,0,20.7
2017,3,6,22,0,20.6
2017,3,6,23,0,20.3
2017,3,7,0,0,20.2
2017,3,7,1,0,20.1
2017,3,7,2,0,19.9
2017,3,7,3,0,19.7
2017,3,7,4,0,19.7
2017,3,7,5,0,19.9
2017,3,7,6,10,20.3
2017,3,7,7,140,20.8
2017,3,7,8,144,21.2
2017,3,7,9,611,21.6
2017,3,7,10,383,21.9
2017,3,7,11,188,21.9
2017,3,7,12,78,21.9
2017,3,7,13,894,22.1
2017,3,7,14,670,22
2017,3,7,15,646,21.6
2017,3,7,16,450,21.4
2017,3,7,17,53,21
2017,3,7,18,9,20.5
2017,3,7,19,0,20.3
2017,3,7,20,0,20.2
2017,3,7,21,0,20.2
2017,3,7,22,0,20.2
2017,3,7,23,0,20.2
2017,3,8,0,0,20.1
2017,3,8,1,0,20.1
2017,3,8,2,0,20.1
2017,3,8,3,0,20.1
2017,3,8,4,0,20
2017,3,8,5,0,20
2017,3,8,6,5,20.4
2017,3,8,7,36,20.7
2017,3,8,8,149,21.1
2017,3,8,9,486,21.4
2017,3,8,10,553,21.7
2017,3,8,11,560,21.8
2017,3,8,12,628,21.9
2017,3,8,13,663,21.9
2017,3,8,14,312,21.7
2017,3,8,15,284,21.5
2017,3,8,16,160,21.1
2017,3,8,17,14,20.8
2017,3,8,18,17,20.3
2017,3,8,19,0,20.2
2017,3,8,20,0,20.2
2017,3,8,21,0,20.2
2017,3,8,22,0,20.2
2017,3,8,23,0,20.2
2017,3,9,0,0,20.2
2017,3,9,1,0,20.1
2017,3,9,2,0,20.1
2017,3,9,3,0,20.1
2017,3,9,4,0,20.3
2017,3,9,5,0,20.2
2017,3,9,6,15,20.6
2017,3,9,7,56,21.1
2017,3,9,8,166,21.5
2017,3,9,9,227,21.9
2017,3,9,10,286,22.2
2017,3,9,11,340,22.3
2017,3,9,12,591,22.6
2017,3,9,13,584,22.6
2017,3,9,14,158,22.5
2017,3,9,15,249,22.2
2017,3,9,16,272,21.9
2017,3,9,17,228,21.5
2017,3,9,18,37,21
2017,3,9,19,0,20.9
2017,3,9,20,0,20.6
2017,3,9,21,0,20.5
2017,3,9,22,0,20.6
2017,3,9,23,0,20.5
2017,3,10,0,0,20.4
2017,3,10,1,0,20.3
2017,3,10,2,0,20.1
2017,3,10,3,0,20.1
2017,3,10,4,0,20.1
2017,3,10,5,0,20.1
2017,3,10,6,16,20.5
2017,3,10,7,142,21.1
2017,3,10,8,230,21.7
2017,3,10,9,414,22.2
2017,3,10,10,263,22.6
2017,3,10,11,385,23
2017,3,10,12,698,23.2
2017,3,10,13,909,23.2
2017,3,10,14,811,23.1
2017,3,10,15,656,22.8
2017,3,10,16,462,22.6
2017,3,10,17,238,22.1
2017,3,10,18,17,21.2
2017,3,10,19,0,20.8
2017,3,10,20,0,20.6
2017,3,10,21,0,20.4
2017,3,10,22,0,20.2
2017,3,10,23,0,19.9
2017,3,11,0,0,19.6
2017,3,11,1,0,19.3
2017,3,11,2,0,19
2017,3,11,3,0,18.9
2017,3,11,4,0,18.9
2017,3,11,5,0,18.9
2017,3,11,6,14,19.3
2017,3,11,7,187,20
2017,3,11,8,406,20.8
2017,3,11,9,613,21.6
2017,3,11,10,782,22.4
2017,3,11,11,890,23
2017,3,11,12,933,23.4
2017,3,11,13,906,23.5
2017,3,11,14,809,23.4
2017,3,11,15,653,23.2
2017,3,11,16,451,22.6
2017,3,11,17,228,21.9
2017,3,11,18,34,20.7
2017,3,11,19,0,20.3
2017,3,11,20,0,20.1
2017,3,11,21,0,19.9
2017,3,11,22,0,19.8
2017,3,11,23,0,19.6
2017,3,12,0,0,19.5
2017,3,12,1,0,19.2
2017,3,12,2,0,19
2017,3,12,3,0,18.7
2017,3,12,4,0,18.5
2017,3,12,5,0,18.3
2017,3,12,6,13,18.9
2017,3,12,7,183,20.1
2017,3,12,8,399,21.6
2017,3,12,9,601,22.9
2017,3,12,10,764,24.2
2017,3,12,11,869,25.3
2017,3,12,12,908,26
2017,3,12,13,883,26.4
2017,3,12,14,787,26.4
2017,3,12,15,634,26
2017,3,12,16,439,25.3
2017,3,12,17,221,24.1
2017,3,12,18,25,22.7
2017,3,12,19,0,22.2
2017,3,12,20,0,22
2017,3,12,21,0,21.9
2017,3,12,22,0,21.7
2017,3,12,23,0,21.5
2017,3,13,0,0,21.3
2017,3,13,1,0,21.3
2017,3,13,2,0,21.4
2017,3,13,3,0,21.5
2017,3,13,4,0,21.6
2017,3,13,5,0,21.7
2017,3,13,6,9,22
2017,3,13,7,83,22.5
2017,3,13,8,278,22.9
2017,3,13,9,493,23.3
2017,3,13,10,566,23.8
2017,3,13,11,524,24.4
2017,3,13,12,797,24.7
2017,3,13,13,870,24.8
2017,3,13,14,771,24.7
2017,3,13,15,172,24.3
2017,3,13,16,256,23.9
2017,3,13,17,54,23.6
2017,3,13,18,9,23.2
2017,3,13,19,0,23.1
2017,3,13,20,0,22.9
2017,3,13,21,0,22.7
2017,3,13,22,0,22.5
2017,3,13,23,0,22.5
2017,3,14,0,0,22.5
2017,3,14,1,0,22.4
2017,3,14,2,0,22.3
2017,3,14,3,0,22.4
2017,3,14,4,0,22.4
2017,3,14,5,0,22.4
2017,3,14,6,0,22.6
2017,3,14,7,94,23
2017,3,14,8,104,23.3
2017,3,14,9,219,23.4
2017,3,14,10,492,23.5
2017,3,14,11,459,23.5
2017,3,14,12,68,23.5
2017,3,14,13,62,23.3
2017,3,14,14,67,23.1
2017,3,14,15,224,22.8
2017,3,14,16,228,22.6
2017,3,14,17,117,22.4
2017,3,14,18,14,22.2
2017,3,14,19,0,22.2
2017,3,14,20,0,22.1
2017,3,14,21,0,22.1
2017,3,14,22,0,22.1
2017,3,14,23,0,22.1
2017,3,15,0,0,22.1
2017,3,15,1,0,22
2017,3,15,2,0,21.8
2017,3,15,3,0,21.8
2017,3,15,4,0,21.8
2017,3,15,5,0,21.8
2017,3,15,6,0,22.3
2017,3,15,7,91,22.8
2017,3,15,8,253,23.2
2017,3,15,9,428,23.6
2017,3,15,10,644,24.2
2017,3,15,11,645,24.5
2017,3,15,12,552,24.6
2017,3,15,13,365,24.3
2017,3,15,14,581,23.9
2017,3,15,15,467,23.5
2017,3,15,16,202,23.2
2017,3,15,17,188,22.9
2017,3,15,18,5,22.6
2017,3,15,19,0,22.4
2017,3,15,20,0,22.4
2017,3,15,21,0,22.3
2017,3,15,22,0,22.3
2017,3,15,23,0,22.3
2017,3,16,0,0,22.4
2017,3,16,1,0,22.4
2017,3,16,2,0,22.3
2017,3,16,3,0,22.2
2017,3,16,4,0,22.1
2017,3,16,5,0,22.1
2017,3,16,6,0,22.3
2017,3,16,7,15,22.6
2017,3,16,8,44,23
2017,3,16,9,154,23.4
2017,3,16,10,260,23.8
2017,3,16,11,302,24.1
2017,3,16,12,123,24.2
2017,3,16,13,254,24.2
2017,3,16,14,305,24.2
2017,3,16,15,150,24
2017,3,16,16,20,23.8
2017,3,16,17,80,23.3
2017,3,16,18,2,22.9
2017,3,16,19,0,22.7
2017,3,16,20,0,22.5
2017,3,16,21,0,22.4
2017,3,16,22,0,22.3
2017,3,16,23,0,22.3
2017,3,17,0,0,22.2
2017,3,17,1,0,22.1
2017,3,17,2,0,22
2017,3,17,3,0,22
2017,3,17,4,0,22
2017,3,17,5,0,22
2017,3,17,6,0,21.4
2017,3,17,7,7,21
2017,3,17,8,53,21.3
2017,3,17,9,342,21.7
2017,3,17,10,110,21.9
2017,3,17,11,163,22
2017,3,17,12,172,22
2017,3,17,13,233,22
2017,3,17,14,392,21.9
2017,3,17,15,30,21.8
2017,3,17,16,220,21.7
2017,3,17,17,61,21.5
2017,3,17,18,6,21.3
2017,3,17,19,0,21.2
2017,3,17,20,0,21.1
2017,3,17,21,0,21.1
2017,3,17,22,0,21.5
2017,3,17,23,0,22.3
2017,3,18,0,0,22.6
2017,3,18,1,0,22.5
2017,3,18,2,0,22.4
2017,3,18,3,0,22.3
2017,3,18,4,0,22.3
2017,3,18,5,0,22.3
2017,3,18,6,0,22.6
2017,3,18,7,26,23
2017,3,18,8,27,23.4
2017,3,18,9,132,23.7
2017,3,18,10,392,24
2017,3,18,11,459,24.1
2017,3,18,12,216,24.1
2017,3,18,13,586,24.2
2017,3,18,14,614,24.1
2017,3,18,15,331,23.9
2017,3,18,16,336,23.5
2017,3,18,17,160,23.1
2017,3,18,18,12,22.8
2017,3,18,19,0,22.8
2017,3,18,20,0,22.8
2017,3,18,21,0,22.8
2017,3,18,22,0,22.7
2017,3,18,23,0,22.7
2017,3,19,0,0,22.7
2017,3,19,1,0,22.7
2017,3,19,2,0,22.6
2017,3,19,3,0,22.7
2017,3,19,4,0,22.8
2017,3,19,5,0,22.9
2017,3,19,6,0,23.1
2017,3,19,7,26,23.6
2017,3,19,8,200,24
2017,3,19,9,213,24.5
2017,3,19,10,427,24.9
2017,3,19,11,293,25.1
2017,3,19,12,450,25.2
2017,3,19,13,88,25.2
2017,3,19,14,553,25.1
2017,3,19,15,561,24.9
2017,3,19,16,373,24.6
2017,3,19,17,167,24.2
2017,3,19,18,10,23.8
2017,3,19,19,0,23.8
2017,3,19,20,0,23.7
2017,3,19,21,0,23.7
2017,3,19,22,0,23.6
2017,3,19,23,0,23.5
2017,3,20,0,0,23.4
2017,3,20,1,0,23.3
2017,3,20,2,0,23.2
2017,3,20,3,0,23.2
2017,3,20,4,0,23.1
2017,3,20,5,0,23
2017,3,20,6,0,23.3
2017,3,20,7,82,23.8
2017,3,20,8,121,24.5
2017,3,20,9,349,25.1
2017,3,20,10,428,25.5
2017,3,20,11,520,25.8
2017,3,20,12,634,25.8
2017,3,20,13,562,25.5
2017,3,20,14,426,25.2
2017,3,20,15,271,24.8
2017,3,20,16,210,24.5
2017,3,20,17,62,24.1
2017,3,20,18,0,23.8
2017,3,20,19,0,23.7
2017,3,20,20,0,23.5
2017,3,20,21,0,23.4
2017,3,20,22,0,23.3
2017,3,20,23,0,23.2
2017,3,21,0,0,23.1
2017,3,21,1,0,23
2017,3,21,2,0,23
2017,3,21,3,0,23
2017,3,21,4,0,23
2017,3,21,5,0,23
2017,3,21,6,0,23.2
2017,3,21,7,14,23.6
2017,3,21,8,159,24
2017,3,21,9,340,24.5
2017,3,21,10,369,25
2017,3,21,11,654,25.3
2017,3,21,12,459,25.4
2017,3,21,13,449,25.4
2017,3,21,14,479,25.2
2017,3,21,15,116,25
2017,3,21,16,16,24.6
2017,3,21,17,56,24.2
2017,3,21,18,0,23.9
2017,3,21,19,0,24
2017,3,21,20,0,24
2017,3,21,21,0,23.9
2017,3,21,22,0,23.9
2017,3,21,23,0,23.8
2017,3,22,0,0,23.7
2017,3,22,1,0,23.6
2017,3,22,2,0,23.6
2017,3,22,3,0,23.6
2017,3,22,4,0,23.6
2017,3,22,5,0,23.5
2017,3,22,6,0,23.5
2017,3,22,7,76,23.8
2017,3,22,8,59,24.2
2017,3,22,9,352,24.8
2017,3,22,10,343,25.8
2017,3,22,11,803,26.6
2017,3,22,12,647,27.1
2017,3,22,13,705,27
2017,3,22,14,622,26.4
2017,3,22,15,31,25.6
2017,3,22,16,19,24.9
2017,3,22,17,16,24.1
2017,3,22,18,0,23.5
2017,3,22,19,0,23.1
2017,3,22,20,0,22.8
2017,3,22,21,0,22.5
2017,3,22,22,0,22.2
2017,3,22,23,0,21.8
2017,3,23,0,0,21.5
2017,3,23,1,0,21.4
2017,3,23,2,0,21.4
2017,3,23,3,0,21.3
2017,3,23,4,0,21.2
2017,3,23,5,0,21.2
2017,3,23,6,0,21.3
2017,3,23,7,10,21.7
2017,3,23,8,161,22.2
2017,3,23,9,341,22.6
2017,3,23,10,147,22.9
2017,3,23,11,214,23.1
2017,3,23,12,157,23.2
2017,3,23,13,161,23.1
2017,3,23,14,111,22.8
2017,3,23,15,45,22.3
2017,3,23,16,76,21.7
2017,3,23,17,23,21
2017,3,23,18,0,20.6
2017,3,23,19,0,20.5
2017,3,23,20,0,20.5
2017,3,23,21,0,20.6
2017,3,23,22,0,20.7
2017,3,23,23,0,20.6
2017,3,24,0,0,20.5
2017,3,24,1,0,20.4
2017,3,24,2,0,20.4
2017,3,24,3,0,20.5
2017,3,24,4,0,20.6
2017,3,24,5,0,20.6
2017,3,24,6,0,20.9
2017,3,24,7,147,21.5
2017,3,24,8,357,21.9
2017,3,24,9,555,22.4
2017,3,24,10,715,22.7
2017,3,24,11,118,22.9
2017,3,24,12,569,23
2017,3,24,13,250,22.9
2017,3,24,14,314,22.7
2017,3,24,15,202,22.4
2017,3,24,16,374,22
2017,3,24,17,162,21.4
2017,3,24,18,0,20.8
2017,3,24,19,0,20.7
2017,3,24,20,0,20.6
2017,3,24,21,0,20.6
2017,3,24,22,0,20.6
2017,3,24,23,0,20.5
2017,3,25,0,0,20.5
2017,3,25,1,0,20.5
2017,3,25,2,0,20.5
2017,3,25,3,0,20.4
2017,3,25,4,0,20.2
2017,3,25,5,0,20.2
2017,3,25,6,0,20.2
2017,3,25,7,130,20.8
2017,3,25,8,294,21.6
2017,3,25,9,409,22.2
2017,3,25,10,539,22.7
2017,3,25,11,413,23.1
2017,3,25,12,614,23.3
2017,3,25,13,682,23.5
2017,3,25,14,514,23.4
2017,3,25,15,40,23.1
2017,3,25,16,115,22.6
2017,3,25,17,7,22.1
2017,3,25,18,0,21.8
2017,3,25,19,0,21.7
2017,3,25,20,0,21.6
2017,3,25,21,0,21.5
2017,3,25,22,0,21.5
2017,3,25,23,0,21.4
2017,3,26,0,0,21.5
2017,3,26,1,0,21.5
2017,3,26,2,0,21.4
2017,3,26,3,0,21.3
2017,3,26,4,0,21.2
2017,3,26,5,0,21.1
2017,3,26,6,0,21.2
2017,3,26,7,139,21.9
2017,3,26,8,345,22.8
2017,3,26,9,540,23.7
2017,3,26,10,705,24.5
2017,3,26,11,804,25
2017,3,26,12,838,25.2
2017,3,26,13,810,25.2
2017,3,26,14,714,25.1
2017,3,26,15,559,24.9
2017,3,26,16,366,24.4
2017,3,26,17,155,23.6
2017,3,26,18,0,23
2017,3,26,19,0,22.7
2017,3,26,20,0,22.3
2017,3,26,21,0,22.1
2017,3,26,22,0,21.8
2017,3,26,23,0,21.6
2017,3,27,0,0,21.3
2017,3,27,1,0,21.2
2017,3,27,2,0,21.1
2017,3,27,3,0,20.9
2017,3,27,4,0,20.8
2017,3,27,5,0,20.6
2017,3,27,6,0,20.9
2017,3,27,7,146,21.9
2017,3,27,8,356,22.8
2017,3,27,9,551,23.5
2017,3,27,10,707,24.1
2017,3,27,11,806,24.7
2017,3,27,12,838,25.1
2017,3,27,13,805,25.3
2017,3,27,14,703,25.3
2017,3,27,15,544,25.1
2017,3,27,16,349,24.6
2017,3,27,17,142,23.8
2017,3,27,18,0,23.1
2017,3,27,19,0,22.8
2017,3,27,20,0,22.7
2017,3,27,21,0,22.5
2017,3,27,22,0,22.2
2017,3,27,23,0,22
2017,3,28,0,0,21.8
2017,3,28,1,0,21.6
2017,3,28,2,0,21.6
2017,3,28,3,0,21.4
2017,3,28,4,0,21.6
2017,3,28,5,0,21.9
2017,3,28,6,0,21.9
2017,3,28,7,116,22.2
2017,3,28,8,310,22.4
2017,3,28,9,129,22.7
2017,3,28,10,207,23.1
2017,3,28,11,274,23.4
2017,3,28,12,364,23.6
2017,3,28,13,373,23.6
2017,3,28,14,327,23.4
2017,3,28,15,176,23.1
2017,3,28,16,326,22.8
2017,3,28,17,124,22.3
2017,3,28,18,0,21.8
2017,3,28,19,0,21.7
2017,3,28,20,0,21.7
2017,3,28,21,0,21.7
2017,3,28,22,0,21.7
2017,3,28,23,0,21.7
2017,3,29,0,0,21.6
2017,3,29,1,0,21.5
2017,3,29,2,0,21.4
2017,3,29,3,0,21.4
2017,3,29,4,0,21.4
2017,3,29,5,0,21.5
2017,3,29,6,0,21.8
2017,3,29,7,128,22.6
2017,3,29,8,332,23.6
2017,3,29,9,526,24.7
2017,3,29,10,679,25.6
2017,3,29,11,774,26.3
2017,3,29,12,806,26.9
2017,3,29,13,787,27.5
2017,3,29,14,687,27.8
2017,3,29,15,530,27.6
2017,3,29,16,336,27.1
2017,3,29,17,130,26.4
2017,3,29,18,0,25.7
2017,3,29,19,0,25.5
2017,3,29,20,0,25.3
2017,3,29,21,0,25.1
2017,3,29,22,0,24.9
2017,3,29,23,0,24.7
2017,3,30,0,0,24.5
2017,3,30,1,0,24.4
2017,3,30,2,0,24.3
2017,3,30,3,0,24.3
2017,3,30,4,0,24.3
2017,3,30,5,0,24.3
2017,3,30,6,0,24.2
2017,3,30,7,29,24.3
2017,3,30,8,71,24.1
2017,3,30,9,84,23.7
2017,3,30,10,131,23
2017,3,30,11,69,22.1
2017,3,30,12,109,21.2
2017,3,30,13,52,20.6
2017,3,30,14,118,20.2
2017,3,30,15,24,19.8
2017,3,30,16,13,19.2
2017,3,30,17,22,18.8
2017,3,30,18,0,18.6
2017,3,30,19,0,18.6
2017,3,30,20,0,18.2
2017,3,30,21,0,18.2
2017,3,30,22,0,18.3
2017,3,30,23,0,18.3
2017,3,31,0,0,18.5
2017,3,31,1,0,18.5
2017,3,31,2,0,18.3
2017,3,31,3,0,18.1
2017,3,31,4,0,18
2017,3,31,5,0,17.9
2017,3,31,6,0,18.1
2017,3,31,7,131,18.5
2017,3,31,8,340,19
2017,3,31,9,538,19.6
2017,3,31,10,698,20
2017,3,31,11,798,20.4
2017,3,31,12,831,20.7
2017,3,31,13,798,20.8
2017,3,31,14,698,20.7
2017,3,31,15,539,20.7
2017,3,31,16,340,20.5
2017,3,31,17,39,20.1
2017,3,31,18,0,19.7
2017,3,31,19,0,19.6
2017,3,31,20,0,19.5
2017,3,31,21,0,19.3
2017,3,31,22,0,19.1
2017,3,31,23,0,18.8
2017,4,1,0,0,18.6
2017,4,1,1,0,18.4
2017,4,1,2,0,18.3
2017,4,1,3,0,18
2017,4,1,4,0,17.8
2017,4,1,5,0,17.7
2017,4,1,6,0,17.7
2017,4,1,7,134,18.7
2017,4,1,8,343,19.5
2017,4,1,9,538,20.4
2017,4,1,10,693,21.1
2017,4,1,11,790,21.7
2017,4,1,12,822,22.1
2017,4,1,13,389,22.4
2017,4,1,14,683,22.5
2017,4,1,15,527,22.4
2017,4,1,16,331,22.1
2017,4,1,17,72,21.3
2017,4,1,18,0,20.7
2017,4,1,19,0,20.5
2017,4,1,20,0,20.5
2017,4,1,21,0,20.3
2017,4,1,22,0,20.1
2017,4,1,23,0,19.9
2017,4,2,0,0,19.7
2017,4,2,1,0,19.5
2017,4,2,2,0,19.6
2017,4,2,3,0,19.6
2017,4,2,4,0,19.6
2017,4,2,5,0,19.6
2017,4,2,6,0,19.7
2017,4,2,7,120,20.2
2017,4,2,8,70,20.6
2017,4,2,9,255,20.9
2017,4,2,10,177,20.9
2017,4,2,11,86,20.9
2017,4,2,12,517,20.9
2017,4,2,13,409,21
2017,4,2,14,270,21
2017,4,2,15,42,20.9
2017,4,2,16,318,20.6
2017,4,2,17,55,20.2
2017,4,2,18,0,20
2017,4,2,19,0,20
2017,4,2,20,0,19.9
2017,4,2,21,0,19.7
2017,4,2,22,0,19.4
2017,4,2,23,0,19.2
2017,4,3,0,0,19.1
2017,4,3,1,0,19
2017,4,3,2,0,18.8
2017,4,3,3,0,18.6
2017,4,3,4,0,18.6
2017,4,3,5,0,18.6
2017,4,3,6,0,18.8
2017,4,3,7,33,19.5
2017,4,3,8,333,19.9
2017,4,3,9,168,20.4
2017,4,3,10,328,20.8
2017,4,3,11,403,20.9
2017,4,3,12,383,20.9
2017,4,3,13,358,21
2017,4,3,14,299,21
2017,4,3,15,280,20.9
2017,4,3,16,166,20.5
2017,4,3,17,50,19.8
2017,4,3,18,0,19.4
2017,4,3,19,0,19.3
2017,4,3,20,0,19.3
2017,4,3,21,0,19.3
2017,4,3,22,0,19.3
2017,4,3,23,0,19.4
2017,4,4,0,0,19.4
2017,4,4,1,0,19.3
2017,4,4,2,0,19.2
2017,4,4,3,0,19.1
2017,4,4,4,0,19
2017,4,4,5,0,19
2017,4,4,6,0,19.2
2017,4,4,7,120,19.9
2017,4,4,8,326,20.5
2017,4,4,9,520,20.9
2017,4,4,10,509,21.1
2017,4,4,11,245,21.3
2017,4,4,12,587,21.3
2017,4,4,13,575,21.2
2017,4,4,14,513,21.2
2017,4,4,15,297,21
2017,4,4,16,123,20.7
2017,4,4,17,73,20
2017,4,4,18,0,19.7
2017,4,4,19,0,19.7
2017,4,4,20,0,19.6
2017,4,4,21,0,19.5
2017,4,4,22,0,19.5
2017,4,4,23,0,19.4
2017,4,5,0,0,19.2
2017,4,5,1,0,19.1
2017,4,5,2,0,19
2017,4,5,3,0,19
2017,4,5,4,0,19
2017,4,5,5,0,19
2017,4,5,6,0,19.2
2017,4,5,7,123,19.9
2017,4,5,8,331,20.5
2017,4,5,9,523,20.9
2017,4,5,10,374,21.2
2017,4,5,11,504,21.4
2017,4,5,12,594,21.4
2017,4,5,13,601,21.4
2017,4,5,14,666,21.4
2017,4,5,15,513,21.2
2017,4,5,16,317,20.9
2017,4,5,17,69,20.1
2017,4,5,18,0,19.5
2017,4,5,19,0,19.4
2017,4,5,20,0,19.1
2017,4,5,21,0,18.8
2017,4,5,22,0,18.6
2017,4,5,23,0,18.4
2017,4,6,0,0,18.3
2017,4,6,1,0,18.2
2017,4,6,2,0,18.3
2017,4,6,3,0,18.3
2017,4,6,4,0,18.3
2017,4,6,5,0,18.3
2017,4,6,6,0,18.5
2017,4,6,7,123,19.4
2017,4,6,8,331,20.3
2017,4,6,9,525,20.8
2017,4,6,10,676,21.2
2017,4,6,11,773,21.5
2017,4,6,12,804,21.7
2017,4,6,13,440,21.8
2017,4,6,14,654,21.7
2017,4,6,15,498,21.5
2017,4,6,16,305,21.2
2017,4,6,17,86,20.4
2017,4,6,18,0,20.1
2017,4,6,19,0,20
2017,4,6,20,0,19.9
2017,4,6,21,0,19.8
2017,4,6,22,0,19.7
2017,4,6,23,0,19.7
2017,4,7,0,0,19.6
2017,4,7,1,0,19.6
2017,4,7,2,0,19.5
2017,4,7,3,0,19.5
2017,4,7,4,0,19.3
2017,4,7,5,0,19.1
2017,4,7,6,0,19
2017,4,7,7,122,19.6
2017,4,7,8,328,20.6
2017,4,7,9,520,21.4
2017,4,7,10,664,21.8
2017,4,7,11,758,22.1
2017,4,7,12,788,22.2
2017,4,7,13,757,22.4
2017,4,7,14,656,22.4
2017,4,7,15,500,22.2
2017,4,7,16,307,21.9
2017,4,7,17,102,21
2017,4,7,18,0,20.4
2017,4,7,19,0,20.2
2017,4,7,20,0,20
2017,4,7,21,0,19.8
2017,4,7,22,0,19.5
2017,4,7,23,0,19.2
2017,4,8,0,0,18.8
2017,4,8,1,0,18.5
2017,4,8,2,0,18
2017,4,8,3,0,17.6
2017,4,8,4,0,17.4
2017,4,8,5,0,17.1
2017,4,8,6,0,17.1
2017,4,8,7,75,18.3
2017,4,8,8,320,19.4
2017,4,8,9,512,20.6
2017,4,8,10,564,21.5
2017,4,8,11,756,22.1
2017,4,8,12,788,22.5
2017,4,8,13,749,22.7
2017,4,8,14,648,22.8
2017,4,8,15,494,22.7
2017,4,8,16,299,22.3
2017,4,8,17,64,21.3
2017,4,8,18,0,20.7
2017,4,8,19,0,20.5
2017,4,8,20,0,20.3
2017,4,8,21,0,20
2017,4,8,22,0,19.6
2017,4,8,23,0,19.1
2017,4,9,0,0,18.6
2017,4,9,1,0,18.2
2017,4,9,2,0,17.8
2017,4,9,3,0,17.6
2017,4,9,4,0,17.4
2017,4,9,5,0,17.3
2017,4,9,6,0,17.3
2017,4,9,7,112,18.3
2017,4,9,8,314,19.5
2017,4,9,9,504,21
2017,4,9,10,656,22.3
2017,4,9,11,750,23.3
2017,4,9,12,777,23.9
2017,4,9,13,736,24.2
2017,4,9,14,629,24.3
2017,4,9,15,472,24.2
2017,4,9,16,283,23.6
2017,4,9,17,83,22.8
2017,4,9,18,0,22.1
2017,4,9,19,0,20.8
2017,4,9,20,0,18.8
2017,4,9,21,0,16.9
2017,4,9,22,0,16.2
2017,4,9,23,0,15.5
2017,4,10,0,0,14.6
2017,4,10,1,0,13.8
2017,4,10,2,0,13.5
2017,4,10,3,0,13.2
2017,4,10,4,0,13
2017,4,10,5,0,12.9
2017,4,10,6,0,13.1
2017,4,10,7,57,13.9
2017,4,10,8,273,14.6
2017,4,10,9,365,15.5
2017,4,10,10,657,16.3
2017,4,10,11,579,16.9
2017,4,10,12,178,17.3
2017,4,10,13,51,17.5
2017,4,10,14,82,17.8
2017,4,10,15,290,18.1
2017,4,10,16,284,17.9
2017,4,10,17,86,17.1
2017,4,10,18,0,16.6
2017,4,10,19,0,16.5
2017,4,10,20,0,16.5
2017,4,10,21,0,16.4
2017,4,10,22,0,16.4
2017,4,10,23,0,16.4
2017,4,11,0,0,16.7
2017,4,11,1,0,17.3
2017,4,11,2,0,17.5
2017,4,11,3,0,17.4
2017,4,11,4,0,17.3
2017,4,11,5,0,17.2
2017,4,11,6,0,17.2
2017,4,11,7,53,17.9
2017,4,11,8,289,18.6
2017,4,11,9,133,19.2
2017,4,11,10,210,19.8
2017,4,11,11,381,20.3
2017,4,11,12,468,20.6
2017,4,11,13,352,20.8
2017,4,11,14,407,20.9
2017,4,11,15,249,20.8
2017,4,11,16,250,20.6
2017,4,11,17,46,20.1
2017,4,11,18,0,19.9
2017,4,11,19,0,19.8
2017,4,11,20,0,19.7
2017,4,11,21,0,19.7
2017,4,11,22,0,19.6
2017,4,11,23,0,19.6
2017,4,12,0,0,19.6
2017,4,12,1,0,19.4
2017,4,12,2,0,18.9
2017,4,12,3,0,18.5
2017,4,12,4,0,18.3
2017,4,12,5,0,18.1
2017,4,12,6,0,18.1
2017,4,12,7,95,18.8
2017,4,12,8,287,19.5
2017,4,12,9,470,20.3
2017,4,12,10,624,21
2017,4,12,11,710,21.3
2017,4,12,12,568,21.4
2017,4,12,13,321,21.2
2017,4,12,14,271,20.9
2017,4,12,15,35,20.5
2017,4,12,16,256,20.1
2017,4,12,17,17,19.4
2017,4,12,18,0,19
2017,4,12,19,0,18.8
2017,4,12,20,0,18.7
2017,4,12,21,0,18.6
2017,4,12,22,0,18.4
2017,4,12,23,0,18.4
2017,4,13,0,0,18.3
2017,4,13,1,0,18.3
2017,4,13,2,0,18.2
2017,4,13,3,0,18.1
2017,4,13,4,0,18.1
2017,4,13,5,0,17.9
2017,4,13,6,0,17.8
2017,4,13,7,7,18.5
2017,4,13,8,196,18.9
2017,4,13,9,469,19.4
2017,4,13,10,617,19.9
2017,4,13,11,709,20.3
2017,4,13,12,738,20.5
2017,4,13,13,703,20.6
2017,4,13,14,602,20.7
2017,4,13,15,452,20.6
2017,4,13,16,263,20.3
2017,4,13,17,19,19.5
2017,4,13,18,0,19
2017,4,13,19,0,18.9
2017,4,13,20,0,18.8
2017,4,13,21,0,18.7
2017,4,13,22,0,18.7
2017,4,13,23,0,18.6
2017,4,14,0,0,18.3
2017,4,14,1,0,17.9
2017,4,14,2,0,17.3
2017,4,14,3,0,17
2017,4,14,4,0,16.8
2017,4,14,5,0,16.7
2017,4,14,6,0,16.6
2017,4,14,7,96,17.6
2017,4,14,8,292,18.7
2017,4,14,9,481,19.7
2017,4,14,10,635,20.6
2017,4,14,11,729,21.1
2017,4,14,12,757,21.5
2017,4,14,13,719,21.7
2017,4,14,14,617,21.7
2017,4,14,15,461,21.6
2017,4,14,16,268,21.1
2017,4,14,17,72,20
2017,4,14,18,0,19.4
2017,4,14,19,0,19.2
2017,4,14,20,0,19.3
2017,4,14,21,0,19.4
2017,4,14,22,0,19.7
2017,4,14,23,0,19.7
2017,4,15,0,0,19.5
2017,4,15,1,0,19.2
2017,4,15,2,0,18.9
2017,4,15,3,0,18.7
2017,4,15,4,0,18.5
2017,4,15,5,0,18.3
2017,4,15,6,0,18.1
2017,4,15,7,90,18.4
2017,4,15,8,282,19.2
2017,4,15,9,466,20
2017,4,15,10,620,20.6
2017,4,15,11,710,21.1
2017,4,15,12,369,21.3
2017,4,15,13,699,21.4
2017,4,15,14,596,21.2
2017,4,15,15,441,20.9
2017,4,15,16,252,20.4
2017,4,15,17,63,19.5
2017,4,15,18,0,19.1
2017,4,15,19,0,19
2017,4,15,20,0,18.9
2017,4,15,21,0,19
2017,4,15,22,0,19
2017,4,15,23,0,19
2017,4,16,0,0,18.8
2017,4,16,1,0,18.5
2017,4,16,2,0,18.1
2017,4,16,3,0,17.8
2017,4,16,4,0,17.5
2017,4,16,5,0,17.1
2017,4,16,6,0,16.8
2017,4,16,7,86,17.6
2017,4,16,8,240,18.7
2017,4,16,9,459,19.9
2017,4,16,10,549,21
2017,4,16,11,717,21.8
2017,4,16,12,744,22.5
2017,4,16,13,704,22.9
2017,4,16,14,600,23
2017,4,16,15,259,22.8
2017,4,16,16,15,22
2017,4,16,17,6,20.8
2017,4,16,18,0,20.2
2017,4,16,19,0,19.8
2017,4,16,20,0,19.5
2017,4,16,21,0,19.3
2017,4,16,22,0,19.1
2017,4,16,23,0,18.9
2017,4,17,0,0,18.7
2017,4,17,1,0,18.4
2017,4,17,2,0,18.1
2017,4,17,3,0,17.8
2017,4,17,4,0,17.6
2017,4,17,5,0,17.5
2017,4,17,6,0,17.5
2017,4,17,7,40,18.3
2017,4,17,8,272,19.5
2017,4,17,9,274,20.6
2017,4,17,10,482,21.4
2017,4,17,11,516,21.9
2017,4,17,12,278,22.2
2017,4,17,13,472,22.3
2017,4,17,14,445,22.2
2017,4,17,15,418,21.9
2017,4,17,16,234,21.4
2017,4,17,17,48,20.4
2017,4,17,18,0,19.9
2017,4,17,19,0,19.7
2017,4,17,20,0,19.6
2017,4,17,21,0,19.6
2017,4,17,22,0,19.6
2017,4,17,23,0,19.7
2017,4,18,0,0,19.7
2017,4,18,1,0,19.7
2017,4,18,2,0,19.6
2017,4,18,3,0,19.4
2017,4,18,4,0,19.2
2017,4,18,5,0,18.9
2017,4,18,6,0,18.8
2017,4,18,7,57,19.3
2017,4,18,8,265,20.1
2017,4,18,9,443,21.2
2017,4,18,10,482,21.9
2017,4,18,11,680,22.4
2017,4,18,12,706,22.6
2017,4,18,13,434,22.7
2017,4,18,14,573,22.6
2017,4,18,15,423,22.3
2017,4,18,16,229,21.8
2017,4,18,17,51,20.7
2017,4,18,18,0,20.2
2017,4,18,19,0,19.9
2017,4,18,20,0,19.8
2017,4,18,21,0,19.6
2017,4,18,22,0,19.5
2017,4,18,23,0,19.3
2017,4,19,0,0,19.1
2017,4,19,1,0,19
2017,4,19,2,0,19
2017,4,19,3,0,18.9
2017,4,19,4,0,18.9
2017,4,19,5,0,19
2017,4,19,6,0,19.1
2017,4,19,7,90,20.2
2017,4,19,8,285,21.4
2017,4,19,9,35,22
2017,4,19,10,434,22.3
2017,4,19,11,179,22.5
2017,4,19,12,716,22.6
2017,4,19,13,669,22.6
2017,4,19,14,338,22.5
2017,4,19,15,422,22.2
2017,4,19,16,235,21.8
2017,4,19,17,53,21
2017,4,19,18,0,20.7
2017,4,19,19,0,20.7
2017,4,19,20,0,20.8
2017,4,19,21,0,20.9
2017,4,19,22,0,21
2017,4,19,23,0,20.9
2017,4,20,0,0,20.6
2017,4,20,1,0,20.2
2017,4,20,2,0,19.8
2017,4,20,3,0,19.5
2017,4,20,4,0,19.1
2017,4,20,5,0,18.7
2017,4,20,6,0,18.3
2017,4,20,7,85,19
2017,4,20,8,279,20
2017,4,20,9,462,21.1
2017,4,20,10,606,22.1
2017,4,20,11,695,22.8
2017,4,20,12,723,23.2
2017,4,20,13,685,23.3
2017,4,20,14,583,23.3
2017,4,20,15,429,23
2017,4,20,16,240,22.5
2017,4,20,17,53,21.4
2017,4,20,18,0,20.8
2017,4,20,19,0,20.5
2017,4,20,20,0,20.3
2017,4,20,21,0,20.1
2017,4,20,22,0,20
2017,4,20,23,0,19.8
2017,4,21,0,0,19.7
2017,4,21,1,0,19.3
2017,4,21,2,0,18.9
2017,4,21,3,0,18.5
2017,4,21,4,0,18
2017,4,21,5,0,17.8
2017,4,21,6,0,17.6
2017,4,21,7,76,18.4
2017,4,21,8,273,19.4
2017,4,21,9,454,20.6
2017,4,21,10,592,21.6
2017,4,21,11,570,22.2
2017,4,21,12,580,22.6
2017,4,21,13,553,22.7
2017,4,21,14,382,22.8
2017,4,21,15,357,22.7
2017,4,21,16,88,22.3
2017,4,21,17,19,21.3
2017,4,21,18,0,20.8
2017,4,21,19,0,20.7
2017,4,21,20,0,20.7
2017,4,21,21,0,20.6
2017,4,21,22,0,20.4
2017,4,21,23,0,20.2
2017,4,22,0,0,20
2017,4,22,1,0,19.7
2017,4,22,2,0,19.4
2017,4,22,3,0,19.2
2017,4,22,4,0,19.2
2017,4,22,5,0,19.2
2017,4,22,6,0,19.2
2017,4,22,7,50,19.5
2017,4,22,8,27,19.9
2017,4,22,9,180,20.3
2017,4,22,10,234,21.1
2017,4,22,11,190,22.1
2017,4,22,12,697,22.8
2017,4,22,13,531,23.1
2017,4,22,14,558,23.2
2017,4,22,15,317,23
2017,4,22,16,147,22.4
2017,4,22,17,25,21.3
2017,4,22,18,0,20.7
2017,4,22,19,0,20.4
2017,4,22,20,0,20.3
2017,4,22,21,0,20.2
2017,4,22,22,0,20.1
2017,4,22,23,0,19.9
2017,4,23,0,0,19.6
2017,4,23,1,0,19.2
2017,4,23,2,0,18.8
2017,4,23,3,0,18.5
2017,4,23,4,0,18.3
2017,4,23,5,0,18.1
2017,4,23,6,0,17.8
2017,4,23,7,45,18.4
2017,4,23,8,248,19.5
2017,4,23,9,423,20.7
2017,4,23,10,572,21.8
2017,4,23,11,659,22.6
2017,4,23,12,683,23.1
2017,4,23,13,643,23.4
2017,4,23,14,543,23.4
2017,4,23,15,392,23
2017,4,23,16,210,22.3
2017,4,23,17,38,21
2017,4,23,18,0,20.3
2017,4,23,19,0,20
2017,4,23,20,0,19.9
2017,4,23,21,0,20
2017,4,23,22,0,20.2
2017,4,23,23,0,20.2
2017,4,24,0,0,20.2
2017,4,24,1,0,20.1
2017,4,24,2,0,19.8
2017,4,24,3,0,19.7
2017,4,24,4,0,19.5
2017,4,24,5,0,19.4
2017,4,24,6,0,19.2
2017,4,24,7,45,19.5
2017,4,24,8,246,20.1
2017,4,24,9,421,20.9
2017,4,24,10,567,21.8
2017,4,24,11,655,22.5
2017,4,24,12,679,23
2017,4,24,13,633,23.2
2017,4,24,14,534,23.1
2017,4,24,15,385,22.8
2017,4,24,16,205,22.2
2017,4,24,17,35,21
2017,4,24,18,0,20.4
2017,4,24,19,0,20.1
2017,4,24,20,0,19.9
2017,4,24,21,0,19.7
2017,4,24,22,0,19.5
2017,4,24,23,0,19.3
2017,4,25,0,0,19.1
2017,4,25,1,0,19
2017,4,25,2,0,18.8
2017,4,25,3,0,18.8
2017,4,25,4,0,18.8
2017,4,25,5,0,18.8
2017,4,25,6,0,18.9
2017,4,25,7,56,19.4
2017,4,25,8,174,20.1
2017,4,25,9,352,21.2
2017,4,25,10,67,22.4
2017,4,25,11,535,23.5
2017,4,25,12,574,24.4
2017,4,25,13,253,24.9
2017,4,25,14,183,24.7
2017,4,25,15,68,23.9
2017,4,25,16,121,22.7
2017,4,25,17,20,21.6
2017,4,25,18,0,21.1
2017,4,25,19,0,20.7
2017,4,25,20,0,20.3
2017,4,25,21,0,19.9
2017,4,25,22,0,19.5
2017,4,25,23,0,19.1
2017,4,26,0,0,18.7
2017,4,26,1,0,18.4
2017,4,26,2,0,18.1
2017,4,26,3,0,17.9
2017,4,26,4,0,17.7
2017,4,26,5,0,17.5
2017,4,26,6,0,17.4
2017,4,26,7,71,18
2017,4,26,8,256,19.1
2017,4,26,9,436,20.3
2017,4,26,10,578,21.1
2017,4,26,11,666,21.6
2017,4,26,12,688,21.9
2017,4,26,13,438,21.8
2017,4,26,14,138,21.4
2017,4,26,15,238,20.6
2017,4,26,16,20,19.5
2017,4,26,17,6,18.2
2017,4,26,18,0,16.9
2017,4,26,19,0,16
2017,4,26,20,0,15.5
2017,4,26,21,0,15.3
2017,4,26,22,0,14.9
2017,4,26,23,0,14.8
2017,4,27,0,0,15
2017,4,27,1,0,15.1
2017,4,27,2,0,15
2017,4,27,3,0,14.8
2017,4,27,4,0,14.6
2017,4,27,5,0,14.3
2017,4,27,6,0,14.2
2017,4,27,7,52,14.3
2017,4,27,8,248,14.6
2017,4,27,9,424,15.1
2017,4,27,10,574,16
2017,4,27,11,660,16.8
2017,4,27,12,681,17.4
2017,4,27,13,642,17.7
2017,4,27,14,538,18
2017,4,27,15,381,18
2017,4,27,16,100,17.7
2017,4,27,17,13,17.2
2017,4,27,18,0,17
2017,4,27,19,0,16.9
2017,4,27,20,0,16.6
2017,4,27,21,0,16.4
2017,4,27,22,0,16.3
2017,4,27,23,0,16.1
2017,4,28,0,0,15.9
2017,4,28,1,0,15.5
2017,4,28,2,0,15.1
2017,4,28,3,0,14.7
2017,4,28,4,0,14.4
2017,4,28,5,0,14.1
2017,4,28,6,0,13.7
2017,4,28,7,28,14.3
2017,4,28,8,127,15.3
2017,4,28,9,429,16.3
2017,4,28,10,572,17.1
2017,4,28,11,659,17.7
2017,4,28,12,684,18.2
2017,4,28,13,642,18.5
2017,4,28,14,541,18.6
2017,4,28,15,388,18.6
2017,4,28,16,204,18.1
2017,4,28,17,12,17.2
2017,4,28,18,0,16.9
2017,4,28,19,0,17
2017,4,28,20,0,17.3
2017,4,28,21,0,17.2
2017,4,28,22,0,16.6
2017,4,28,23,0,16
2017,4,29,0,0,15.4
2017,4,29,1,0,15
2017,4,29,2,0,14.7
2017,4,29,3,0,14.1
2017,4,29,4,0,13.7
2017,4,29,5,0,13.4
2017,4,29,6,0,13.2
2017,4,29,7,64,13.9
2017,4,29,8,247,15.3
2017,4,29,9,425,16.9
2017,4,29,10,569,18.3
2017,4,29,11,653,19.2
2017,4,29,12,676,19.9
2017,4,29,13,636,20.3
2017,4,29,14,534,20.4
2017,4,29,15,381,20.2
2017,4,29,16,200,19.6
2017,4,29,17,28,18.5
2017,4,29,18,0,18
2017,4,29,19,0,17.9
2017,4,29,20,0,17.8
2017,4,29,21,0,17.8
2017,4,29,22,0,17.7
2017,4,29,23,0,17.4
2017,4,30,0,0,17.3
2017,4,30,1,0,17.2
2017,4,30,2,0,17
2017,4,30,3,0,16.9
2017,4,30,4,0,16.7
2017,4,30,5,0,16.8
2017,4,30,6,0,16.7
2017,4,30,7,4,17.4
2017,4,30,8,240,18.5
2017,4,30,9,31,19.6
2017,4,30,10,556,20.2
2017,4,30,11,640,20.6
2017,4,30,12,664,20.8
2017,4,30,13,473,20.8
2017,4,30,14,327,20.7
2017,4,30,15,372,20.5
2017,4,30,16,190,19.9
2017,4,30,17,12,18.8
2017,4,30,18,0,18.3
2017,4,30,19,0,18.1
2017,4,30,20,0,18.1
2017,4,30,21,0,18
2017,4,30,22,0,17.8
2017,4,30,23,0,17.6
2017,5,1,0,0,17.3
2017,5,1,1,0,16.9
2017,5,1,2,0,16.4
2017,5,1,3,0,15.9
2017,5,1,4,0,15.5
2017,5,1,5,0,15.2
2017,5,1,6,0,14.9
2017,5,1,7,58,15.6
2017,5,1,8,238,16.9
2017,5,1,9,414,18.4
2017,5,1,10,407,19.9
2017,5,1,11,554,21.1
2017,5,1,12,665,21.9
2017,5,1,13,623,22.5
2017,5,1,14,429,22.7
2017,5,1,15,369,22.6
2017,5,1,16,187,22.1
2017,5,1,17,17,21.1
2017,5,1,18,0,20.4
2017,5,1,19,0,20
2017,5,1,20,0,19.7
2017,5,1,21,0,19.2
2017,5,1,22,0,18.7
2017,5,1,23,0,18.2
2017,5,2,0,0,17.9
2017,5,2,1,0,17.5
2017,5,2,2,0,17.1
2017,5,2,3,0,16.5
2017,5,2,4,0,16
2017,5,2,5,0,15.6
2017,5,2,6,0,15.4
2017,5,2,7,45,16
2017,5,2,8,181,17.1
2017,5,2,9,404,18.9
2017,5,2,10,401,20.4
2017,5,2,11,629,21.2
2017,5,2,12,652,21.7
2017,5,2,13,610,22.1
2017,5,2,14,393,22.2
2017,5,2,15,356,22
2017,5,2,16,121,21.3
2017,5,2,17,18,20.3
2017,5,2,18,0,19.5
2017,5,2,19,0,19.2
2017,5,2,20,0,18.9
2017,5,2,21,0,18.3
2017,5,2,22,0,17.7
2017,5,2,23,0,17.2
2017,5,3,0,0,16.7
2017,5,3,1,0,16.5
2017,5,3,2,0,16.7
2017,5,3,3,0,16.8
2017,5,3,4,0,17
2017,5,3,5,0,17.1
2017,5,3,6,0,17.1
2017,5,3,7,25,17.5
2017,5,3,8,147,18
2017,5,3,9,96,18.4
2017,5,3,10,348,18.7
2017,5,3,11,188,18.8
2017,5,3,12,398,18.9
2017,5,3,13,392,18.9
2017,5,3,14,93,18.7
2017,5,3,15,100,18.5
2017,5,3,16,87,18.1
2017,5,3,17,7,17.3
2017,5,3,18,0,17
2017,5,3,19,0,16.9
2017,5,3,20,0,16.7
2017,5,3,21,0,16.5
2017,5,3,22,0,16.4
2017,5,3,23,0,16.2
2017,5,4,0,0,16.1
2017,5,4,1,0,16
2017,5,4,2,0,15.9
2017,5,4,3,0,15.9
2017,5,4,4,0,15.9
2017,5,4,5,0,16
2017,5,4,6,0,16
2017,5,4,7,19,16.7
2017,5,4,8,96,18.2
2017,5,4,9,412,19.1
2017,5,4,10,412,19.6
2017,5,4,11,289,20
2017,5,4,12,448,20.1
2017,5,4,13,343,20.1
2017,5,4,14,240,20.1
2017,5,4,15,147,19.9
2017,5,4,16,117,19.3
2017,5,4,17,9,18.5
2017,5,4,18,0,18.2
2017,5,4,19,0,18
2017,5,4,20,0,17.9
2017,5,4,21,0,17.9
2017,5,4,22,0,18
2017,5,4,23,0,18
2017,5,5,0,0,18
2017,5,5,1,0,17.8
2017,5,5,2,0,17.6
2017,5,5,3,0,17.5
2017,5,5,4,0,17.3
2017,5,5,5,0,17.1
2017,5,5,6,0,16.8
2017,5,5,7,29,17
2017,5,5,8,223,17.9
2017,5,5,9,396,19.2
2017,5,5,10,535,20.1
2017,5,5,11,619,20.6
2017,5,5,12,639,21
2017,5,5,13,597,21.2
2017,5,5,14,496,21.2
2017,5,5,15,347,21
2017,5,5,16,169,20.4
2017,5,5,17,16,19.3
2017,5,5,18,0,18.9
2017,5,5,19,0,18.7
2017,5,5,20,0,18.5
2017,5,5,21,0,18.3
2017,5,5,22,0,17.9
2017,5,5,23,0,17.4
2017,5,6,0,0,16.9
2017,5,6,1,0,16.5
2017,5,6,2,0,16.1
2017,5,6,3,0,15.7
2017,5,6,4,0,15.4
2017,5,6,5,0,15.2
2017,5,6,6,0,15
2017,5,6,7,28,15.5
2017,5,6,8,222,16.4
2017,5,6,9,395,17.4
2017,5,6,10,421,18.3
2017,5,6,11,515,19.4
2017,5,6,12,634,20.6
2017,5,6,13,595,21.8
2017,5,6,14,494,22.6
2017,5,6,15,344,22.6
2017,5,6,16,112,22
2017,5,6,17,14,21.2
2017,5,6,18,0,20.8
2017,5,6,19,0,20.3
2017,5,6,20,0,19.7
2017,5,6,21,0,19.1
2017,5,6,22,0,18.5
2017,5,6,23,0,17.9
2017,5,7,0,0,17.3
2017,5,7,1,0,16.9
2017,5,7,2,0,16.6
2017,5,7,3,0,16.3
2017,5,7,4,0,16.1
2017,5,7,5,0,15.9
2017,5,7,6,0,15.7
2017,5,7,7,47,16.1
2017,5,7,8,227,17.1
2017,5,7,9,415,17.9
2017,5,7,10,560,18.5
2017,5,7,11,646,18.9
2017,5,7,12,669,19
2017,5,7,13,624,19.2
2017,5,7,14,521,19.2
2017,5,7,15,367,19.1
2017,5,7,16,180,18.3
2017,5,7,17,16,17.2
2017,5,7,18,0,16.8
2017,5,7,19,0,16.5
2017,5,7,20,0,16.5
2017,5,7,21,0,16.5
2017,5,7,22,0,16.6
2017,5,7,23,0,16.5
2017,5,8,0,0,15.8
2017,5,8,1,0,15
2017,5,8,2,0,14.3
2017,5,8,3,0,13.7
2017,5,8,4,0,13.3
2017,5,8,5,0,12.9
2017,5,8,6,0,12.7
2017,5,8,7,23,13.3
2017,5,8,8,218,15
2017,5,8,9,391,16.4
2017,5,8,10,530,17.4
2017,5,8,11,612,18
2017,5,8,12,634,18.4
2017,5,8,13,594,18.5
2017,5,8,14,493,18.3
2017,5,8,15,344,18
2017,5,8,16,164,17.4
2017,5,8,17,13,16.5
2017,5,8,18,0,16.2
2017,5,8,19,0,16.1
2017,5,8,20,0,15.9
2017,5,8,21,0,15.7
2017,5,8,22,0,15.5
2017,5,8,23,0,15.2
2017,5,9,0,0,15.1
2017,5,9,1,0,15.1
2017,5,9,2,0,14.9
2017,5,9,3,0,14.8
2017,5,9,4,0,14.7
2017,5,9,5,0,14.6
2017,5,9,6,0,14.5
2017,5,9,7,22,15.2
2017,5,9,8,206,16.3
2017,5,9,9,159,17.4
2017,5,9,10,517,18.2
2017,5,9,11,600,18.6
2017,5,9,12,622,18.9
2017,5,9,13,583,19
2017,5,9,14,484,19
2017,5,9,15,338,18.8
2017,5,9,16,161,18.2
2017,5,9,17,0,17.3
2017,5,9,18,0,17
2017,5,9,19,0,16.8
2017,5,9,20,0,16.6
2017,5,9,21,0,16.4
2017,5,9,22,0,16.1
2017,5,9,23,0,15.7
2017,5,10,0,0,15.5
2017,5,10,1,0,15.2
2017,5,10,2,0,14.9
2017,5,10,3,0,14.7
2017,5,10,4,0,14.4
2017,5,10,5,0,14.3
2017,5,10,6,0,14.1
2017,5,10,7,40,14.7
2017,5,10,8,210,15.9
2017,5,10,9,381,17.1
2017,5,10,10,517,18.1
2017,5,10,11,600,18.8
2017,5,10,12,395,19.3
2017,5,10,13,583,19.5
2017,5,10,14,486,19.5
2017,5,10,15,338,19.3
2017,5,10,16,161,18.6
2017,5,10,17,0,17.5
2017,5,10,18,0,17
2017,5,10,19,0,16.8
2017,5,10,20,0,16.7
2017,5,10,21,0,16.4
2017,5,10,22,0,16.1
2017,5,10,23,0,15.9
2017,5,11,0,0,15.8
2017,5,11,1,0,15.6
2017,5,11,2,0,15.2
2017,5,11,3,0,14.8
2017,5,11,4,0,14.4
2017,5,11,5,0,14.2
2017,5,11,6,0,14
2017,5,11,7,38,14.6
2017,5,11,8,205,15.9
2017,5,11,9,375,17.3
2017,5,11,10,509,18.5
2017,5,11,11,590,19.2
2017,5,11,12,610,19.7
2017,5,11,13,571,19.9
2017,5,11,14,470,19.9
2017,5,11,15,326,19.6
2017,5,11,16,152,18.8
2017,5,11,17,0,17.8
2017,5,11,18,0,17.5
2017,5,11,19,0,17.2
2017,5,11,20,0,17.2
2017,5,11,21,0,17.2
2017,5,11,22,0,17.2
2017,5,11,23,0,17.2
2017,5,12,0,0,17.2
2017,5,12,1,0,16.9
2017,5,12,2,0,16.5
2017,5,12,3,0,16.2
2017,5,12,4,0,16
2017,5,12,5,0,15.9
2017,5,12,6,0,15.8
2017,5,12,7,21,16.3
2017,5,12,8,84,17.3
2017,5,12,9,27,18.2
2017,5,12,10,23,18.9
2017,5,12,11,435,19.1
2017,5,12,12,377,19.2
2017,5,12,13,230,19.4
2017,5,12,14,216,19.2
2017,5,12,15,129,18.9
2017,5,12,16,49,18.3
2017,5,12,17,0,17.8
2017,5,12,18,0,17.4
2017,5,12,19,0,17.3
2017,5,12,20,0,17.3
2017,5,12,21,0,17.3
2017,5,12,22,0,17.3
2017,5,12,23,0,17.1
2017,5,13,0,0,16.9
2017,5,13,1,0,16.8
2017,5,13,2,0,16.8
2017,5,13,3,0,16.7
2017,5,13,4,0,16.7
2017,5,13,5,0,16.6
2017,5,13,6,0,16.4
2017,5,13,7,11,16.6
2017,5,13,8,190,17.3
2017,5,13,9,353,18.4
2017,5,13,10,495,19.4
2017,5,13,11,575,20.1
2017,5,13,12,596,20.6
2017,5,13,13,555,20.9
2017,5,13,14,455,20.9
2017,5,13,15,280,20.6
2017,5,13,16,117,20
2017,5,13,17,0,19.2
2017,5,13,18,0,18.8
2017,5,13,19,0,18.6
2017,5,13,20,0,18.5
2017,5,13,21,0,18.3
2017,5,13,22,0,18.2
2017,5,13,23,0,18.2
2017,5,14,0,0,18.3
2017,5,14,1,0,18.4
2017,5,14,2,0,18.4
2017,5,14,3,0,18.4
2017,5,14,4,0,18.3
2017,5,14,5,0,18.2
2017,5,14,6,0,17.9
2017,5,14,7,14,17.9
2017,5,14,8,72,18.4
2017,5,14,9,287,19.2
2017,5,14,10,313,19.5
2017,5,14,11,205,19.4
2017,5,14,12,133,19.3
2017,5,14,13,226,19.3
2017,5,14,14,253,19.1
2017,5,14,15,18,18.9
2017,5,14,16,50,18.4
2017,5,14,17,0,17.9
2017,5,14,18,0,17.8
2017,5,14,19,0,17.8
2017,5,14,20,0,17.7
2017,5,14,21,0,17.6
2017,5,14,22,0,17.4
2017,5,14,23,0,17.2
2017,5,15,0,0,17.1
2017,5,15,1,0,16.9
2017,5,15,2,0,16.8
2017,5,15,3,0,16.7
2017,5,15,4,0,16.6
2017,5,15,5,0,16.5
2017,5,15,6,0,16.3
2017,5,15,7,6,16.6
2017,5,15,8,18,17.1
2017,5,15,9,144,17.6
2017,5,15,10,343,18
2017,5,15,11,377,18.3
2017,5,15,12,327,18.4
2017,5,15,13,433,18.5
2017,5,15,14,448,18.5
2017,5,15,15,305,18.3
2017,5,15,16,136,17.9
2017,5,15,17,0,17.2
2017,5,15,18,0,17.1
2017,5,15,19,0,17
2017,5,15,20,0,16.8
2017,5,15,21,0,16.5
2017,5,15,22,0,16.2
2017,5,15,23,0,15.9
2017,5,16,0,0,15.6
2017,5,16,1,0,15.3
2017,5,16,2,0,15
2017,5,16,3,0,14.7
2017,5,16,4,0,14.4
2017,5,16,5,0,14.2
2017,5,16,6,0,14
2017,5,16,7,32,14.4
2017,5,16,8,197,15.5
2017,5,16,9,368,16.7
2017,5,16,10,504,17.6
2017,5,16,11,586,18.2
2017,5,16,12,611,18.7
2017,5,16,13,572,19
2017,5,16,14,473,19.1
2017,5,16,15,325,18.9
2017,5,16,16,148,18.1
2017,5,16,17,0,17
2017,5,16,18,0,16.5
2017,5,16,19,0,16.2
2017,5,16,20,0,16.2
2017,5,16,21,0,16.3
2017,5,16,22,0,16.3
2017,5,16,23,0,16.3
2017,5,17,0,0,16.3
2017,5,17,1,0,16.1
2017,5,17,2,0,15.8
2017,5,17,3,0,15.6
2017,5,17,4,0,15.3
2017,5,17,5,0,15.1
2017,5,17,6,0,14.9
2017,5,17,7,27,15.1
2017,5,17,8,182,16
2017,5,17,9,347,17.1
2017,5,17,10,489,18.1
2017,5,17,11,570,18.7
2017,5,17,12,589,19.2
2017,5,17,13,549,19.6
2017,5,17,14,451,19.7
2017,5,17,15,307,19.5
2017,5,17,16,29,18.8
2017,5,17,17,0,18
2017,5,17,18,0,17.7
2017,5,17,19,0,17.6
2017,5,17,20,0,17.6
2017,5,17,21,0,17.6
2017,5,17,22,0,17.6
2017,5,17,23,0,17.4
2017,5,18,0,0,17.3
2017,5,18,1,0,17.2
2017,5,18,2,0,17.2
2017,5,18,3,0,17.3
2017,5,18,4,0,17.3
2017,5,18,5,0,17.3
2017,5,18,6,0,17.2
2017,5,18,7,9,17.4
2017,5,18,8,178,18.1
2017,5,18,9,340,19
2017,5,18,10,470,20.1
2017,5,18,11,551,20.8
2017,5,18,12,367,21.2
2017,5,18,13,220,21.4
2017,5,18,14,223,21.3
2017,5,18,15,300,20.9
2017,5,18,16,133,20.2
2017,5,18,17,0,19.3
2017,5,18,18,0,18.9
2017,5,18,19,0,18.7
2017,5,18,20,0,18.7
2017,5,18,21,0,18.8
2017,5,18,22,0,18.9
2017,5,18,23,0,19
2017,5,19,0,0,19.1
2017,5,19,1,0,19
2017,5,19,2,0,18.9
2017,5,19,3,0,18.7
2017,5,19,4,0,18.6
2017,5,19,5,0,18.6
2017,5,19,6,0,18.7
2017,5,19,7,8,19.2
2017,5,19,8,27,20
2017,5,19,9,56,20.5
2017,5,19,10,186,20.7
2017,5,19,11,263,20.7
2017,5,19,12,166,20.6
2017,5,19,13,304,20.5
2017,5,19,14,170,20.3
2017,5,19,15,79,20
2017,5,19,16,25,19.5
2017,5,19,17,0,19.2
2017,5,19,18,0,19.2
2017,5,19,19,0,19.1
2017,5,19,20,0,18.8
2017,5,19,21,0,18.6
2017,5,19,22,0,18.5
2017,5,19,23,0,18.3
2017,5,20,0,0,18.1
2017,5,20,1,0,17.7
2017,5,20,2,0,17.3
2017,5,20,3,0,17.1
2017,5,20,4,0,17
2017,5,20,5,0,17.2
2017,5,20,6,0,17.5
2017,5,20,7,15,17.9
2017,5,20,8,115,18.4
2017,5,20,9,230,18.7
2017,5,20,10,406,19
2017,5,20,11,402,19.5
2017,5,20,12,316,20.1
2017,5,20,13,520,20.7
2017,5,20,14,425,21
2017,5,20,15,284,21
2017,5,20,16,53,20.4
2017,5,20,17,0,19.8
2017,5,20,18,0,19.5
2017,5,20,19,0,19.3
2017,5,20,20,0,19.3
2017,5,20,21,0,19.3
2017,5,20,22,0,19.2
2017,5,20,23,0,18.8
2017,5,21,0,0,18.4
2017,5,21,1,0,17.9
2017,5,21,2,0,17.4
2017,5,21,3,0,17
2017,5,21,4,0,16.5
2017,5,21,5,0,16.1
2017,5,21,6,0,15.7
2017,5,21,7,8,15.8
2017,5,21,8,176,16.5
2017,5,21,9,338,17.5
2017,5,21,10,468,18.7
2017,5,21,11,549,19.8
2017,5,21,12,570,20.4
2017,5,21,13,531,20.7
2017,5,21,14,433,20.6
2017,5,21,15,291,20.2
2017,5,21,16,125,19.3
2017,5,21,17,0,18.3
2017,5,21,18,0,17.9
2017,5,21,19,0,17.7
2017,5,21,20,0,17.6
2017,5,21,21,0,17.4
2017,5,21,22,0,17.3
2017,5,21,23,0,17.2
2017,5,22,0,0,17
2017,5,22,1,0,16.8
2017,5,22,2,0,16.5
2017,5,22,3,0,16.3
2017,5,22,4,0,16.1
2017,5,22,5,0,15.9
2017,5,22,6,0,15.7
2017,5,22,7,9,15.9
2017,5,22,8,171,17.2
2017,5,22,9,334,18.3
2017,5,22,10,463,19.4
2017,5,22,11,543,20.1
2017,5,22,12,353,20.5
2017,5,22,13,284,20.7
2017,5,22,14,430,20.6
2017,5,22,15,181,20.3
2017,5,22,16,73,19.6
2017,5,22,17,0,18.8
2017,5,22,18,0,18.4
2017,5,22,19,0,18.1
2017,5,22,20,0,18
2017,5,22,21,0,18
2017,5,22,22,0,17.9
2017,5,22,23,0,17.8
2017,5,23,0,0,17.7
2017,5,23,1,0,17.3
2017,5,23,2,0,16.7
2017,5,23,3,0,16.2
2017,5,23,4,0,15.8
2017,5,23,5,0,15.6
2017,5,23,6,0,15.5
2017,5,23,7,20,15.8
2017,5,23,8,166,17
2017,5,23,9,329,18.3
2017,5,23,10,462,19.8
2017,5,23,11,543,20.9
2017,5,23,12,566,21.7
2017,5,23,13,527,22.1
2017,5,23,14,430,22.2
2017,5,23,15,287,22.1
2017,5,23,16,109,21.2
2017,5,23,17,0,20
2017,5,23,18,0,19.4
2017,5,23,19,0,18.9
2017,5,23,20,0,18.6
2017,5,23,21,0,18.3
2017,5,23,22,0,17.9
2017,5,23,23,0,17.3
2017,5,24,0,0,16.8
2017,5,24,1,0,16.3
2017,5,24,2,0,15.8
2017,5,24,3,0,15.5
2017,5,24,4,0,15.2
2017,5,24,5,0,15
2017,5,24,6,0,15.1
2017,5,24,7,7,15.5
2017,5,24,8,162,16.8
2017,5,24,9,326,18.7
2017,5,24,10,464,20.4
2017,5,24,11,549,21.4
2017,5,24,12,574,21.6
2017,5,24,13,538,21.5
2017,5,24,14,442,21.3
2017,5,24,15,300,20.9
2017,5,24,16,131,19.9
2017,5,24,17,0,18.8
2017,5,24,18,0,18.1
2017,5,24,19,0,17.4
2017,5,24,20,0,16.8
2017,5,24,21,0,16.3
2017,5,24,22,0,15.9
2017,5,24,23,0,15.6
2017,5,25,0,0,15.4
2017,5,25,1,0,15.2
2017,5,25,2,0,15
2017,5,25,3,0,14.8
2017,5,25,4,0,14.5
2017,5,25,5,0,14.2
2017,5,25,6,0,13.9
2017,5,25,7,20,14.1
2017,5,25,8,170,15.3
2017,5,25,9,333,16.6
2017,5,25,10,466,17.6
2017,5,25,11,548,18.3
2017,5,25,12,570,18.8
2017,5,25,13,531,19.1
2017,5,25,14,436,19.2
2017,5,25,15,295,19
2017,5,25,16,126,18.2
2017,5,25,17,0,17.2
2017,5,25,18,0,16.8
2017,5,25,19,0,16.7
2017,5,25,20,0,16.5
2017,5,25,21,0,16.2
2017,5,25,22,0,15.9
2017,5,25,23,0,15.6
2017,5,26,0,0,15.1
2017,5,26,1,0,14.6
2017,5,26,2,0,14.2
2017,5,26,3,0,13.8
2017,5,26,4,0,13.4
2017,5,26,5,0,13.1
2017,5,26,6,0,13.1
2017,5,26,7,19,13.5
2017,5,26,8,169,14.7
2017,5,26,9,333,15.9
2017,5,26,10,464,17.1
2017,5,26,11,545,17.9
2017,5,26,12,566,18.5
2017,5,26,13,527,18.8
2017,5,26,14,432,18.8
2017,5,26,15,290,18.6
2017,5,26,16,123,17.8
2017,5,26,17,0,17
2017,5,26,18,0,16.7
2017,5,26,19,0,16.6
2017,5,26,20,0,16.5
2017,5,26,21,0,16.6
2017,5,26,22,0,16.7
2017,5,26,23,0,16.8
2017,5,27,0,0,16.7
2017,5,27,1,0,16.6
2017,5,27,2,0,16.4
2017,5,27,3,0,16.3
2017,5,27,4,0,16.2
2017,5,27,5,0,16.3
2017,5,27,6,0,16.4
2017,5,27,7,4,16.6
2017,5,27,8,164,17.1
2017,5,27,9,328,18
2017,5,27,10,460,18.8
2017,5,27,11,541,19.5
2017,5,27,12,563,20
2017,5,27,13,525,20.2
2017,5,27,14,430,20.3
2017,5,27,15,288,20.2
2017,5,27,16,122,19.3
2017,5,27,17,0,18.2
2017,5,27,18,0,17.6
2017,5,27,19,0,17.3
2017,5,27,20,0,17
2017,5,27,21,0,16.6
2017,5,27,22,0,16
2017,5,27,23,0,15.5
2017,5,28,0,0,15
2017,5,28,1,0,14.5
2017,5,28,2,0,14.1
2017,5,28,3,0,13.7
2017,5,28,4,0,13.3
2017,5,28,5,0,13.1
2017,5,28,6,0,12.9
2017,5,28,7,15,13.3
2017,5,28,8,157,14.7
2017,5,28,9,318,16.6
2017,5,28,10,451,18.6
2017,5,28,11,533,20.1
2017,5,28,12,555,21.1
2017,5,28,13,517,21.7
2017,5,28,14,421,21.9
2017,5,28,15,153,21.7
2017,5,28,16,55,20.8
2017,5,28,17,0,19.9
2017,5,28,18,0,19.2
2017,5,28,19,0,18.6
2017,5,28,20,0,17.9
2017,5,28,21,0,17.1
2017,5,28,22,0,16.3
2017,5,28,23,0,15.6
2017,5,29,0,0,14.9
2017,5,29,1,0,14.4
2017,5,29,2,0,14
2017,5,29,3,0,13.6
2017,5,29,4,0,13.4
2017,5,29,5,0,13.1
2017,5,29,6,0,12.8
2017,5,29,7,17,12.8
2017,5,29,8,171,13.5
2017,5,29,9,338,14.1
2017,5,29,10,471,14.9
2017,5,29,11,550,15.8
2017,5,29,12,573,16.6
2017,5,29,13,536,17.2
2017,5,29,14,440,17.4
2017,5,29,15,296,17.3
2017,5,29,16,126,16.4
2017,5,29,17,0,15.5
2017,5,29,18,0,15
2017,5,29,19,0,14.2
2017,5,29,20,0,13.3
2017,5,29,21,0,12.6
2017,5,29,22,0,12
2017,5,29,23,0,11.5
2017,5,30,0,0,11.1
2017,5,30,1,0,10.7
2017,5,30,2,0,10.5
2017,5,30,3,0,10.2
2017,5,30,4,0,9.9
2017,5,30,5,0,9.7
2017,5,30,6,0,9.5
2017,5,30,7,16,9.7
2017,5,30,8,166,11
2017,5,30,9,331,12.2
2017,5,30,10,461,13.5
2017,5,30,11,540,14.8
2017,5,30,12,563,15.8
2017,5,30,13,523,16.7
2017,5,30,14,428,17.3
2017,5,30,15,241,17.6
2017,5,30,16,82,17
2017,5,30,17,0,16.1
2017,5,30,18,0,15.2
2017,5,30,19,0,14.4
2017,5,30,20,0,13.8
2017,5,30,21,0,13.4
2017,5,30,22,0,13.1
2017,5,30,23,0,12.9
2017,5,31,0,0,13
2017,5,31,1,0,13.3
2017,5,31,2,0,13.3
2017,5,31,3,0,13.3
2017,5,31,4,0,13.4
2017,5,31,5,0,13.6
2017,5,31,6,0,13.6
2017,5,31,7,13,13.5
2017,5,31,8,96,13.8
2017,5,31,9,255,14.3
2017,5,31,10,448,14.8
2017,5,31,11,529,15.2
2017,5,31,12,460,15.5
2017,5,31,13,345,15.6
2017,5,31,14,407,15.6
2017,5,31,15,262,15.5
2017,5,31,16,79,15.1
2017,5,31,17,0,14.7
2017,5,31,18,0,14.6
2017,5,31,19,0,14.4
2017,5,31,20,0,14.1
2017,5,31,21,0,13.9
2017,5,31,22,0,13.7
2017,5,31,23,0,13.4
2017,6,1,0,0,13.1
2017,6,1,1,0,12.8
2017,6,1,2,0,12.3
2017,6,1,3,0,12
2017,6,1,4,0,11.8
2017,6,1,5,0,11.7
2017,6,1,6,0,11.6
2017,6,1,7,12,11.8
2017,6,1,8,149,12.8
2017,6,1,9,304,14.2
2017,6,1,10,440,15.3
2017,6,1,11,520,15.9
2017,6,1,12,545,16.4
2017,6,1,13,513,16.7
2017,6,1,14,418,17
2017,6,1,15,277,16.8
2017,6,1,16,62,16.1
2017,6,1,17,0,15.4
2017,6,1,18,0,15.1
2017,6,1,19,0,15
2017,6,1,20,0,14.8
2017,6,1,21,0,14.8
2017,6,1,22,0,14.7
2017,6,1,23,0,14.6
2017,6,2,0,0,14.3
2017,6,2,1,0,13.8
2017,6,2,2,0,13.3
2017,6,2,3,0,12.9
2017,6,2,4,0,12.6
2017,6,2,5,0,12.3
2017,6,2,6,0,12.1
2017,6,2,7,12,12.4
2017,6,2,8,148,13.5
2017,6,2,9,309,14.8
2017,6,2,10,436,16
2017,6,2,11,215,16.8
2017,6,2,12,340,17.3
2017,6,2,13,231,17.6
2017,6,2,14,225,17.6
2017,6,2,15,267,17.3
2017,6,2,16,61,16.6
2017,6,2,17,0,16
2017,6,2,18,0,16
2017,6,2,19,0,15.8
2017,6,2,20,0,15.7
2017,6,2,21,0,15.5
2017,6,2,22,0,15.4
2017,6,2,23,0,15.2
2017,6,3,0,0,15
2017,6,3,1,0,14.8
2017,6,3,2,0,14.6
2017,6,3,3,0,14.5
2017,6,3,4,0,14.5
2017,6,3,5,0,14.4
2017,6,3,6,0,14.4
2017,6,3,7,0,14.6
2017,6,3,8,137,15.2
2017,6,3,9,165,15.8
2017,6,3,10,208,16.6
2017,6,3,11,502,17.1
2017,6,3,12,273,17.3
2017,6,3,13,261,17.3
2017,6,3,14,304,17.2
2017,6,3,15,26,17.1
2017,6,3,16,10,16.6
2017,6,3,17,0,16.2
2017,6,3,18,0,16
2017,6,3,19,0,15.7
2017,6,3,20,0,15.5
2017,6,3,21,0,15.4
2017,6,3,22,0,15.3
2017,6,3,23,0,15.2
2017,6,4,0,0,15.1
2017,6,4,1,0,14.9
2017,6,4,2,0,14.7
2017,6,4,3,0,14.6
2017,6,4,4,0,14.5
2017,6,4,5,0,14.3
2017,6,4,6,0,14.1
2017,6,4,7,0,14.3
2017,6,4,8,44,15.2
2017,6,4,9,305,16
2017,6,4,10,431,16.8
2017,6,4,11,512,17.3
2017,6,4,12,344,17.6
2017,6,4,13,224,17.6
2017,6,4,14,169,17.5
2017,6,4,15,148,17.2
2017,6,4,16,110,16.4
2017,6,4,17,0,15.7
2017,6,4,18,0,15.4
2017,6,4,19,0,15.3
2017,6,4,20,0,15.3
2017,6,4,21,0,15.4
2017,6,4,22,0,15.3
2017,6,4,23,0,15.1
2017,6,5,0,0,14.7
2017,6,5,1,0,14.3
2017,6,5,2,0,13.8
2017,6,5,3,0,13.5
2017,6,5,4,0,13.3
2017,6,5,5,0,13.1
2017,6,5,6,0,13
2017,6,5,7,0,13.1
2017,6,5,8,142,14.2
2017,6,5,9,300,15.2
2017,6,5,10,434,16.1
2017,6,5,11,515,16.9
2017,6,5,12,538,17.4
2017,6,5,13,505,17.8
2017,6,5,14,332,17.9
2017,6,5,15,275,17.9
2017,6,5,16,111,17.1
2017,6,5,17,0,16.3
2017,6,5,18,0,16
2017,6,5,19,0,15.8
2017,6,5,20,0,15.8
2017,6,5,21,0,15.1
2017,6,5,22,0,14.1
2017,6,5,23,0,13.2
2017,6,6,0,0,12.5
2017,6,6,1,0,11.9
2017,6,6,2,0,11.3
2017,6,6,3,0,11
2017,6,6,4,0,11
2017,6,6,5,0,11.2
2017,6,6,6,0,11.3
2017,6,6,7,0,11.6
2017,6,6,8,145,12.7
2017,6,6,9,303,14.1
2017,6,6,10,432,15.3
2017,6,6,11,514,15.6
2017,6,6,12,361,15.7
2017,6,6,13,39,15.8
2017,6,6,14,345,15.8
2017,6,6,15,273,15.5
2017,6,6,16,45,14.9
2017,6,6,17,0,14.1
2017,6,6,18,0,13
2017,6,6,19,0,11
2017,6,6,20,0,9.9
2017,6,6,21,0,10.4
2017,6,6,22,0,11.9
2017,6,6,23,0,13.2
2017,6,7,0,0,13.9
2017,6,7,1,0,14.1
2017,6,7,2,0,14.5
2017,6,7,3,0,14.7
2017,6,7,4,0,14.8
2017,6,7,5,0,15.1
2017,6,7,6,0,15.4
2017,6,7,7,0,15.5
2017,6,7,8,14,15.6
2017,6,7,9,13,15.8
2017,6,7,10,17,16
2017,6,7,11,32,16.1
2017,6,7,12,168,16.2
2017,6,7,13,316,16.2
2017,6,7,14,70,16.3
2017,6,7,15,12,16.4
2017,6,7,16,72,16.3
2017,6,7,17,0,16.2
2017,6,7,18,0,16.2
2017,6,7,19,0,16.2
2017,6,7,20,0,16.3
2017,6,7,21,0,16.2
2017,6,7,22,0,16
2017,6,7,23,0,15.9
2017,6,8,0,0,15.8
2017,6,8,1,0,15.7
2017,6,8,2,0,15.7
2017,6,8,3,0,15.7
2017,6,8,4,0,15.8
2017,6,8,5,0,15.9
2017,6,8,6,0,16
2017,6,8,7,0,16.3
2017,6,8,8,7,16.9
2017,6,8,9,44,17.2
2017,6,8,10,372,17.5
2017,6,8,11,430,17.8
2017,6,8,12,316,18
2017,6,8,13,480,18.2
2017,6,8,14,18,18.2
2017,6,8,15,193,18.1
2017,6,8,16,7,17.5
2017,6,8,17,0,17
2017,6,8,18,0,16.9
2017,6,8,19,0,16.7
2017,6,8,20,0,16.6
2017,6,8,21,0,16.4
2017,6,8,22,0,16.1
2017,6,8,23,0,15.9
2017,6,9,0,0,15.8
2017,6,9,1,0,15.7
2017,6,9,2,0,15.6
2017,6,9,3,0,15.5
2017,6,9,4,0,15.5
2017,6,9,5,0,15.4
2017,6,9,6,0,15.4
2017,6,9,7,0,15.6
2017,6,9,8,138,16.5
2017,6,9,9,296,17.2
2017,6,9,10,339,17.8
2017,6,9,11,362,18
2017,6,9,12,148,18
2017,6,9,13,337,17.9
2017,6,9,14,319,17.8
2017,6,9,15,77,17.5
2017,6,9,16,62,17
2017,6,9,17,0,16.8
2017,6,9,18,0,16.9
2017,6,9,19,0,16.9
2017,6,9,20,0,16.8
2017,6,9,21,0,16.7
2017,6,9,22,0,16.6
2017,6,9,23,0,16.6
2017,6,10,0,0,16.6
2017,6,10,1,0,16.6
2017,6,10,2,0,16.7
2017,6,10,3,0,16.7
2017,6,10,4,0,16.7
2017,6,10,5,0,16.7
2017,6,10,6,0,16.7
2017,6,10,7,0,16.9
2017,6,10,8,121,17.3
2017,6,10,9,118,17.6
2017,6,10,10,261,17.8
2017,6,10,11,249,18
2017,6,10,12,256,18.1
2017,6,10,13,346,18.1
2017,6,10,14,240,18
2017,6,10,15,162,17.6
2017,6,10,16,63,17.1
2017,6,10,17,0,16.9
2017,6,10,18,0,16.8
2017,6,10,19,0,16.7
2017,6,10,20,0,16.6
2017,6,10,21,0,16.5
2017,6,10,22,0,16.4
2017,6,10,23,0,16.3
2017,6,11,0,0,16.3
2017,6,11,1,0,16.2
2017,6,11,2,0,16.1
2017,6,11,3,0,15.9
2017,6,11,4,0,15.8
2017,6,11,5,0,15.6
2017,6,11,6,0,15.6
2017,6,11,7,0,15.7
2017,6,11,8,76,16.3
2017,6,11,9,292,16.6
2017,6,11,10,195,16.7
2017,6,11,11,290,16.9
2017,6,11,12,374,17.4
2017,6,11,13,272,17.6
2017,6,11,14,16,17.6
2017,6,11,15,137,17.5
2017,6,11,16,50,17
2017,6,11,17,0,16.6
2017,6,11,18,0,16.4
2017,6,11,19,0,16.3
2017,6,11,20,0,16.2
2017,6,11,21,0,15.9
2017,6,11,22,0,15.7
2017,6,11,23,0,15.5
2017,6,12,0,0,15.1
2017,6,12,1,0,14.6
2017,6,12,2,0,14.1
2017,6,12,3,0,13.9
2017,6,12,4,0,13.7
2017,6,12,5,0,13.5
2017,6,12,6,0,13.3
2017,6,12,7,0,13.6
2017,6,12,8,133,14.8
2017,6,12,9,289,15.8
2017,6,12,10,420,16.9
2017,6,12,11,501,17.7
2017,6,12,12,525,18.1
2017,6,12,13,492,18.3
2017,6,12,14,402,18.2
2017,6,12,15,266,18
2017,6,12,16,107,17.1
2017,6,12,17,0,16.4
2017,6,12,18,0,16.3
2017,6,12,19,0,16.3
2017,6,12,20,0,16.3
2017,6,12,21,0,16.2
2017,6,12,22,0,16.1
2017,6,12,23,0,16
2017,6,13,0,0,15.9
2017,6,13,1,0,15.7
2017,6,13,2,0,15.3
2017,6,13,3,0,14.9
2017,6,13,4,0,14.6
2017,6,13,5,0,14.3
2017,6,13,6,0,14.1
2017,6,13,7,0,14.4
2017,6,13,8,133,15.6
2017,6,13,9,291,16.7
2017,6,13,10,415,17.5
2017,6,13,11,495,17.9
2017,6,13,12,517,18
2017,6,13,13,275,17.9
2017,6,13,14,393,17.8
2017,6,13,15,260,17.6
2017,6,13,16,104,17
2017,6,13,17,0,16.4
2017,6,13,18,0,16.2
2017,6,13,19,0,16.1
2017,6,13,20,0,16.1
2017,6,13,21,0,16.2
2017,6,13,22,0,16.1
2017,6,13,23,0,16.1
2017,6,14,0,0,16.1
2017,6,14,1,0,15.9
2017,6,14,2,0,15.5
2017,6,14,3,0,15.3
2017,6,14,4,0,15.2
2017,6,14,5,0,15.2
2017,6,14,6,0,15.1
2017,6,14,7,0,15.2
2017,6,14,8,132,16.2
2017,6,14,9,289,17.1
2017,6,14,10,416,18
2017,6,14,11,70,18.5
2017,6,14,12,141,18.8
2017,6,14,13,67,19
2017,6,14,14,190,19
2017,6,14,15,266,18.8
2017,6,14,16,110,18.3
2017,6,14,17,0,17.9
2017,6,14,18,0,17.6
2017,6,14,19,0,17.3
2017,6,14,20,0,17
2017,6,14,21,0,16.5
2017,6,14,22,0,15.9
2017,6,14,23,0,15.3
2017,6,15,0,0,14.8
2017,6,15,1,0,14.4
2017,6,15,2,0,14
2017,6,15,3,0,13.7
2017,6,15,4,0,13.5
2017,6,15,5,0,13.2
2017,6,15,6,0,13.1
2017,6,15,7,0,13.2
2017,6,15,8,132,14.2
2017,6,15,9,290,15.3
2017,6,15,10,419,16.5
2017,6,15,11,446,17.5
2017,6,15,12,470,18.3
2017,6,15,13,422,18.7
2017,6,15,14,340,18.7
2017,6,15,15,232,18.7
2017,6,15,16,88,18.4
2017,6,15,17,0,18.3
2017,6,15,18,0,18.2
2017,6,15,19,0,18
2017,6,15,20,0,17.7
2017,6,15,21,0,17.4
2017,6,15,22,0,17
2017,6,15,23,0,16.5
2017,6,16,0,0,15.9
2017,6,16,1,0,15.5
2017,6,16,2,0,15.1
2017,6,16,3,0,14.8
2017,6,16,4,0,14.6
2017,6,16,5,0,14.5
2017,6,16,6,0,14.5
2017,6,16,7,0,14.6
2017,6,16,8,31,15.2
2017,6,16,9,20,15.8
2017,6,16,10,267,16.4
2017,6,16,11,166,17.1
2017,6,16,12,136,17.5
2017,6,16,13,224,17.6
2017,6,16,14,282,17.5
2017,6,16,15,136,17.1
2017,6,16,16,54,16.6
2017,6,16,17,0,16.3
2017,6,16,18,0,16.1
2017,6,16,19,0,16
2017,6,16,20,0,16
2017,6,16,21,0,16
2017,6,16,22,0,16
2017,6,16,23,0,15.9
2017,6,17,0,0,15.7
2017,6,17,1,0,15.6
2017,6,17,2,0,15.6
2017,6,17,3,0,15.6
2017,6,17,4,0,15.8
2017,6,17,5,0,16
2017,6,17,6,0,16
2017,6,17,7,0,16.2
2017,6,17,8,80,16.9
2017,6,17,9,52,17.3
2017,6,17,10,241,17.5
2017,6,17,11,326,17.7
2017,6,17,12,344,17.9
2017,6,17,13,179,18
2017,6,17,14,283,17.9
2017,6,17,15,166,17.7
2017,6,17,16,54,17.2
2017,6,17,17,0,16.9
2017,6,17,18,0,16.8
2017,6,17,19,0,16.6
2017,6,17,20,0,16.5
2017,6,17,21,0,16.3
2017,6,17,22,0,16.2
2017,6,17,23,0,15.9
2017,6,18,0,0,15.7
2017,6,18,1,0,15.5
2017,6,18,2,0,15.4
2017,6,18,3,0,15.2
2017,6,18,4,0,15.1
2017,6,18,5,0,15.1
2017,6,18,6,0,15.1
2017,6,18,7,0,15.4
2017,6,18,8,125,16.4
2017,6,18,9,137,17
2017,6,18,10,141,17.6
2017,6,18,11,38,17.8
2017,6,18,12,346,17.8
2017,6,18,13,213,17.6
2017,6,18,14,384,17.4
2017,6,18,15,256,17.2
2017,6,18,16,102,16.7
2017,6,18,17,0,16.3
2017,6,18,18,0,16.1
2017,6,18,19,0,15.9
2017,6,18,20,0,15.9
2017,6,18,21,0,15.8
2017,6,18,22,0,15.5
2017,6,18,23,0,15.2
2017,6,19,0,0,15.1
2017,6,19,1,0,15.4
2017,6,19,2,0,15.6
2017,6,19,3,0,15.8
2017,6,19,4,0,15.7
2017,6,19,5,0,15.7
2017,6,19,6,0,15.5
2017,6,19,7,0,15.7
2017,6,19,8,126,16.4
2017,6,19,9,282,17
2017,6,19,10,409,17.7
2017,6,19,11,309,18.1
2017,6,19,12,312,18.4
2017,6,19,13,212,18.4
2017,6,19,14,171,18.3
2017,6,19,15,153,18
2017,6,19,16,108,17.4
2017,6,19,17,0,17
2017,6,19,18,0,16.9
2017,6,19,19,0,16.9
2017,6,19,20,0,16.9
2017,6,19,21,0,16.9
2017,6,19,22,0,16.8
2017,6,19,23,0,16.7
2017,6,20,0,0,16.7
2017,6,20,1,0,16.6
2017,6,20,2,0,16.2
2017,6,20,3,0,15.9
2017,6,20,4,0,15.8
2017,6,20,5,0,15.6
2017,6,20,6,0,15.6
2017,6,20,7,0,15.8
2017,6,20,8,123,16.4
2017,6,20,9,122,17
2017,6,20,10,179,17.5
2017,6,20,11,327,18
2017,6,20,12,323,18.2
2017,6,20,13,257,18.3
2017,6,20,14,273,18.3
2017,6,20,15,268,18.2
2017,6,20,16,111,17.6
2017,6,20,17,0,17.4
2017,6,20,18,0,17.3
2017,6,20,19,0,17
2017,6,20,20,0,16.6
2017,6,20,21,0,15.9
2017,6,20,22,0,15.3
2017,6,20,23,0,14.7
2017,6,21,0,0,14.1
2017,6,21,1,0,13.5
2017,6,21,2,0,12.8
2017,6,21,3,0,12.2
2017,6,21,4,0,11.7
2017,6,21,5,0,11.4
2017,6,21,6,0,11.4
2017,6,21,7,0,12
2017,6,21,8,130,13.7
2017,6,21,9,288,15.3
2017,6,21,10,158,16.8
2017,6,21,11,292,17.8
2017,6,21,12,41,18.4
2017,6,21,13,496,18.7
2017,6,21,14,138,18.7
2017,6,21,15,271,18.3
2017,6,21,16,72,17.4
2017,6,21,17,0,16.8
2017,6,21,18,0,16.6
2017,6,21,19,0,16.3
2017,6,21,20,0,16
2017,6,21,21,0,15.8
2017,6,21,22,0,15.5
2017,6,21,23,0,15.3
2017,6,22,0,0,15
2017,6,22,1,0,14.8
2017,6,22,2,0,14.5
2017,6,22,3,0,14.3
2017,6,22,4,0,14.1
2017,6,22,5,0,14
2017,6,22,6,0,13.8
2017,6,22,7,0,14.1
2017,6,22,8,127,15.2
2017,6,22,9,285,16
2017,6,22,10,413,16.7
2017,6,22,11,500,17.1
2017,6,22,12,330,17.3
2017,6,22,13,496,17.4
2017,6,22,14,408,17.4
2017,6,22,15,274,17.2
2017,6,22,16,114,16.6
2017,6,22,17,0,16.2
2017,6,22,18,0,15.9
2017,6,22,19,0,15.7
2017,6,22,20,0,15.5
2017,6,22,21,0,15.2
2017,6,22,22,0,14.9
2017,6,22,23,0,14.6
2017,6,23,0,0,14.3
2017,6,23,1,0,13.9
2017,6,23,2,0,13.4
2017,6,23,3,0,12.9
2017,6,23,4,0,12.4
2017,6,23,5,0,12.1
2017,6,23,6,0,11.9
2017,6,23,7,0,11.8
2017,6,23,8,89,12.6
2017,6,23,9,218,13.7
2017,6,23,10,423,15
2017,6,23,11,506,16.2
2017,6,23,12,431,17.1
2017,6,23,13,344,17.8
2017,6,23,14,262,18.3
2017,6,23,15,150,18.3
2017,6,23,16,59,17.4
2017,6,23,17,0,16.6
2017,6,23,18,0,16.1
2017,6,23,19,0,15.9
2017,6,23,20,0,15.4
2017,6,23,21,0,14.7
2017,6,23,22,0,14.2
2017,6,23,23,0,13.9
2017,6,24,0,0,13.6
2017,6,24,1,0,13.3
2017,6,24,2,0,13.1
2017,6,24,3,0,12.9
2017,6,24,4,0,12.7
2017,6,24,5,0,12.7
2017,6,24,6,0,12.6
2017,6,24,7,0,12.8
2017,6,24,8,106,13.9
2017,6,24,9,241,15.1
2017,6,24,10,358,16.3
2017,6,24,11,442,17.1
2017,6,24,12,530,17.7
2017,6,24,13,432,18.1
2017,6,24,14,408,18.3
2017,6,24,15,273,18
2017,6,24,16,113,17.2
2017,6,24,17,0,16.5
2017,6,24,18,0,16
2017,6,24,19,0,15.3
2017,6,24,20,0,14.8
2017,6,24,21,0,14.4
2017,6,24,22,0,13.9
2017,6,24,23,0,13.4
2017,6,25,0,0,12.9
2017,6,25,1,0,12.6
2017,6,25,2,0,12.2
2017,6,25,3,0,11.9
2017,6,25,4,0,11.6
2017,6,25,5,0,11.3
2017,6,25,6,0,11
2017,6,25,7,0,11.1
2017,6,25,8,129,12
2017,6,25,9,290,13.2
2017,6,25,10,422,14.4
2017,6,25,11,504,15.4
2017,6,25,12,531,16.4
2017,6,25,13,497,17.4
2017,6,25,14,407,18
2017,6,25,15,273,18
2017,6,25,16,71,17
2017,6,25,17,0,16.2
2017,6,25,18,0,15.6
2017,6,25,19,0,15
2017,6,25,20,0,14.5
2017,6,25,21,0,14.1
2017,6,25,22,0,13.8
2017,6,25,23,0,13.5
2017,6,26,0,0,13.1
2017,6,26,1,0,12.7
2017,6,26,2,0,12.3
2017,6,26,3,0,12.2
2017,6,26,4,0,12
2017,6,26,5,0,11.9
2017,6,26,6,0,11.8
2017,6,26,7,0,12
2017,6,26,8,130,13.2
2017,6,26,9,291,14.5
2017,6,26,10,424,15.6
2017,6,26,11,509,16.3
2017,6,26,12,537,16.7
2017,6,26,13,508,17
2017,6,26,14,419,17
2017,6,26,15,284,16.8
2017,6,26,16,121,16
2017,6,26,17,0,15.4
2017,6,26,18,0,15.2
2017,6,26,19,0,15.1
2017,6,26,20,0,15.2
2017,6,26,21,0,15.1
2017,6,26,22,0,15
2017,6,26,23,0,14.8
2017,6,27,0,0,14.5
2017,6,27,1,0,14
2017,6,27,2,0,13.5
2017,6,27,3,0,13.1
2017,6,27,4,0,12.8
2017,6,27,5,0,12.6
2017,6,27,6,0,12.4
2017,6,27,7,0,12.5
2017,6,27,8,125,13.6
2017,6,27,9,236,14.8
2017,6,27,10,319,15.6
2017,6,27,11,392,16.1
2017,6,27,12,524,16.5
2017,6,27,13,376,16.9
2017,6,27,14,215,17
2017,6,27,15,78,16.8
2017,6,27,16,45,16.3
2017,6,27,17,0,16.1
2017,6,27,18,0,15.8
2017,6,27,19,0,15.7
2017,6,27,20,0,15.6
2017,6,27,21,0,15.5
2017,6,27,22,0,15.4
2017,6,27,23,0,15.3
2017,6,28,0,0,15.2
2017,6,28,1,0,15
2017,6,28,2,0,14.6
2017,6,28,3,0,14.2
2017,6,28,4,0,13.7
2017,6,28,5,0,13.2
2017,6,28,6,0,12.9
2017,6,28,7,0,12.9
2017,6,28,8,77,13.2
2017,6,28,9,224,14
2017,6,28,10,313,15
2017,6,28,11,251,15.4
2017,6,28,12,261,15.8
2017,6,28,13,25,16
2017,6,28,14,121,15.9
2017,6,28,15,145,15.7
2017,6,28,16,30,15.2
2017,6,28,17,0,14.8
2017,6,28,18,0,14.8
2017,6,28,19,0,14.7
2017,6,28,20,0,14.4
2017,6,28,21,0,14
2017,6,28,22,0,13.5
2017,6,28,23,0,13.1
2017,6,29,0,0,13
2017,6,29,1,0,12.9
2017,6,29,2,0,12.8
2017,6,29,3,0,12.7
2017,6,29,4,0,12.7
2017,6,29,5,0,12.7
2017,6,29,6,0,12.6
2017,6,29,7,0,12.6
2017,6,29,8,43,13.1
2017,6,29,9,154,13.8
2017,6,29,10,105,14.6
2017,6,29,11,112,15.3
2017,6,29,12,319,15.8
2017,6,29,13,490,16
2017,6,29,14,405,16.1
2017,6,29,15,274,15.9
2017,6,29,16,32,15.4
2017,6,29,17,0,15
2017,6,29,18,0,14.8
2017,6,29,19,0,14.4
2017,6,29,20,0,14.1
2017,6,29,21,0,13.5
2017,6,29,22,0,12.9
2017,6,29,23,0,12.6
2017,6,30,0,0,12.5
2017,6,30,1,0,12.6
2017,6,30,2,0,12.4
2017,6,30,3,0,12.3
2017,6,30,4,0,12.3
2017,6,30,5,0,12.2
2017,6,30,6,0,12
2017,6,30,7,0,12.1
2017,6,30,8,134,12.9
2017,6,30,9,298,13.6
2017,6,30,10,432,14.1
2017,6,30,11,519,14.4
2017,6,30,12,544,14.6
2017,6,30,13,514,14.8
2017,6,30,14,425,14.9
2017,6,30,15,289,14.8
2017,6,30,16,124,14.1
2017,6,30,17,0,13.5
2017,6,30,18,0,13.4
2017,6,30,19,0,13.3
2017,6,30,20,0,13.2
2017,6,30,21,0,13
2017,6,30,22,0,12.6
2017,6,30,23,0,12.3
2017,7,1,0,0,11.9
2017,7,1,1,0,11.4
2017,7,1,2,0,10.9
2017,7,1,3,0,10.5
2017,7,1,4,0,10.2
2017,7,1,5,0,10.1
2017,7,1,6,0,10.1
2017,7,1,7,0,10.4
2017,7,1,8,119,11.4
2017,7,1,9,278,12.7
2017,7,1,10,416,13.9
2017,7,1,11,501,14.7
2017,7,1,12,529,15.1
2017,7,1,13,503,15.4
2017,7,1,14,416,15.5
2017,7,1,15,282,15.4
2017,7,1,16,121,14.5
2017,7,1,17,0,13.8
2017,7,1,18,0,13.6
2017,7,1,19,0,13.5
2017,7,1,20,0,13.5
2017,7,1,21,0,13.2
2017,7,1,22,0,12.9
2017,7,1,23,0,12.4
2017,7,2,0,0,12
2017,7,2,1,0,11.6
2017,7,2,2,0,11.2
2017,7,2,3,0,10.9
2017,7,2,4,0,10.6
2017,7,2,5,0,10.3
2017,7,2,6,0,10.2
2017,7,2,7,0,10.3
2017,7,2,8,130,11.4
2017,7,2,9,293,12.6
2017,7,2,10,427,13.7
2017,7,2,11,514,14.7
2017,7,2,12,543,15.5
2017,7,2,13,512,16
2017,7,2,14,424,16.1
2017,7,2,15,289,16
2017,7,2,16,126,15.1
2017,7,2,17,0,14.2
2017,7,2,18,0,13.8
2017,7,2,19,0,13.6
2017,7,2,20,0,13.3
2017,7,2,21,0,13
2017,7,2,22,0,12.6
2017,7,2,23,0,12.1
2017,7,3,0,0,11.7
2017,7,3,1,0,11.2
2017,7,3,2,0,10.8
2017,7,3,3,0,10.4
2017,7,3,4,0,10
2017,7,3,5,0,9.6
2017,7,3,6,0,9.3
2017,7,3,7,0,9.4
2017,7,3,8,112,10.6
2017,7,3,9,191,11.9
2017,7,3,10,421,13.4
2017,7,3,11,317,14.6
2017,7,3,12,382,15.6
2017,7,3,13,272,16.6
2017,7,3,14,76,16.9
2017,7,3,15,217,16.6
2017,7,3,16,48,16
2017,7,3,17,0,15.4
2017,7,3,18,0,15
2017,7,3,19,0,14.7
2017,7,3,20,0,14.4
2017,7,3,21,0,14
2017,7,3,22,0,13.7
2017,7,3,23,0,13.5
2017,7,4,0,0,13.2
2017,7,4,1,0,13
2017,7,4,2,0,13.2
2017,7,4,3,0,13.5
2017,7,4,4,0,13.6
2017,7,4,5,0,13.7
2017,7,4,6,0,13.8
2017,7,4,7,0,13.9
2017,7,4,8,128,15
2017,7,4,9,294,16.2
2017,7,4,10,428,17.4
2017,7,4,11,515,18.2
2017,7,4,12,541,18.8
2017,7,4,13,508,19.1
2017,7,4,14,419,19.5
2017,7,4,15,286,19.6
2017,7,4,16,123,18.7
2017,7,4,17,0,17.7
2017,7,4,18,0,17
2017,7,4,19,0,16.4
2017,7,4,20,0,15.9
2017,7,4,21,0,15.5
2017,7,4,22,0,15.2
2017,7,4,23,0,14.9
2017,7,5,0,0,14.6
2017,7,5,1,0,14.5
2017,7,5,2,0,14.2
2017,7,5,3,0,14
2017,7,5,4,0,13.7
2017,7,5,5,0,13.4
2017,7,5,6,0,13.2
2017,7,5,7,0,13.2
2017,7,5,8,129,14.2
2017,7,5,9,291,15.4
2017,7,5,10,426,16.7
2017,7,5,11,512,17.6
2017,7,5,12,541,18.1
2017,7,5,13,510,18.5
2017,7,5,14,423,18.8
2017,7,5,15,288,18.7
2017,7,5,16,81,17.8
2017,7,5,17,0,17
2017,7,5,18,0,16.4
2017,7,5,19,0,15.4
2017,7,5,20,0,14.5
2017,7,5,21,0,13.9
2017,7,5,22,0,13.5
2017,7,5,23,0,13.3
2017,7,6,0,0,13
2017,7,6,1,0,12.9
2017,7,6,2,0,12.8
2017,7,6,3,0,12.7
2017,7,6,4,0,12.6
2017,7,6,5,0,12.4
2017,7,6,6,0,12.3
2017,7,6,7,0,12.3
2017,7,6,8,133,13.4
2017,7,6,9,297,14.3
2017,7,6,10,430,15.1
2017,7,6,11,517,15.8
2017,7,6,12,550,16.3
2017,7,6,13,520,16.7
2017,7,6,14,432,16.9
2017,7,6,15,295,16.8
2017,7,6,16,131,16.1
2017,7,6,17,0,15.5
2017,7,6,18,0,15.2
2017,7,6,19,0,14.9
2017,7,6,20,0,14.5
2017,7,6,21,0,13.8
2017,7,6,22,0,13.2
2017,7,6,23,0,12.6
2017,7,7,0,0,12.1
2017,7,7,1,0,11.8
2017,7,7,2,0,11.5
2017,7,7,3,0,11.3
2017,7,7,4,0,11.1
2017,7,7,5,0,11
2017,7,7,6,0,10.8
2017,7,7,7,0,10.9
2017,7,7,8,132,12
2017,7,7,9,295,13.2
2017,7,7,10,430,14.5
2017,7,7,11,517,15.7
2017,7,7,12,547,16.7
2017,7,7,13,517,17.3
2017,7,7,14,430,17.5
2017,7,7,15,296,17.4
2017,7,7,16,69,16.5
2017,7,7,17,0,15.5
2017,7,7,18,0,14.9
2017,7,7,19,0,14.4
2017,7,7,20,0,13.8
2017,7,7,21,0,13.4
2017,7,7,22,0,12.9
2017,7,7,23,0,12.5
2017,7,8,0,0,12
2017,7,8,1,0,11.7
2017,7,8,2,0,11.3
2017,7,8,3,0,11.1
2017,7,8,4,0,10.9
2017,7,8,5,0,10.7
2017,7,8,6,0,10.5
2017,7,8,7,0,10.7
2017,7,8,8,132,11.9
2017,7,8,9,294,13.2
2017,7,8,10,429,14.4
2017,7,8,11,514,15.3
2017,7,8,12,544,15.9
2017,7,8,13,514,16.3
2017,7,8,14,273,16.7
2017,7,8,15,200,16.8
2017,7,8,16,100,16.2
2017,7,8,17,0,15.4
2017,7,8,18,0,14.9
2017,7,8,19,0,14.4
2017,7,8,20,0,13.7
2017,7,8,21,0,13.1
2017,7,8,22,0,12.6
2017,7,8,23,0,12.2
2017,7,9,0,0,11.9
2017,7,9,1,0,11.5
2017,7,9,2,0,11.3
2017,7,9,3,0,11
2017,7,9,4,0,10.7
2017,7,9,5,0,10.5
2017,7,9,6,0,10.3
2017,7,9,7,0,10.3
2017,7,9,8,137,11.5
2017,7,9,9,304,12.7
2017,7,9,10,442,13.8
2017,7,9,11,530,14.8
2017,7,9,12,561,15.6
2017,7,9,13,532,16.4
2017,7,9,14,444,17
2017,7,9,15,307,17
2017,7,9,16,140,16.2
2017,7,9,17,0,15.3
2017,7,9,18,0,14.6
2017,7,9,19,0,13.8
2017,7,9,20,0,13.4
2017,7,9,21,0,13
2017,7,9,22,0,12.6
2017,7,9,23,0,12.1
2017,7,10,0,0,11.7
2017,7,10,1,0,11.3
2017,7,10,2,0,11.1
2017,7,10,3,0,10.9
2017,7,10,4,0,10.6
2017,7,10,5,0,10.3
2017,7,10,6,0,10.1
2017,7,10,7,0,10.2
2017,7,10,8,139,11.5
2017,7,10,9,306,12.9
2017,7,10,10,443,14.3
2017,7,10,11,532,15.3
2017,7,10,12,562,15.8
2017,7,10,13,530,16.2
2017,7,10,14,391,16.4
2017,7,10,15,306,16.3
2017,7,10,16,40,15.8
2017,7,10,17,0,15.1
2017,7,10,18,0,14.6
2017,7,10,19,0,14.1
2017,7,10,20,0,13.5
2017,7,10,21,0,13
2017,7,10,22,0,12.3
2017,7,10,23,0,11.8
2017,7,11,0,0,11.3
2017,7,11,1,0,11
2017,7,11,2,0,10.9
2017,7,11,3,0,10.9
2017,7,11,4,0,10.9
2017,7,11,5,0,11
2017,7,11,6,0,11.1
2017,7,11,7,0,11.4
2017,7,11,8,134,12.7
2017,7,11,9,297,14.1
2017,7,11,10,432,15.3
2017,7,11,11,517,16.1
2017,7,11,12,547,16.5
2017,7,11,13,517,16.7
2017,7,11,14,161,16.6
2017,7,11,15,295,16.2
2017,7,11,16,133,15.4
2017,7,11,17,0,14.8
2017,7,11,18,0,14.6
2017,7,11,19,0,14.5
2017,7,11,20,0,14.3
2017,7,11,21,0,14.3
2017,7,11,22,0,14.3
2017,7,11,23,0,14.3
2017,7,12,0,0,14.3
2017,7,12,1,0,14.1
2017,7,12,2,0,13.8
2017,7,12,3,0,13.4
2017,7,12,4,0,13.1
2017,7,12,5,0,12.9
2017,7,12,6,0,12.8
2017,7,12,7,0,13.1
2017,7,12,8,74,14
2017,7,12,9,193,14.5
2017,7,12,10,267,15.1
2017,7,12,11,291,15.5
2017,7,12,12,46,15.7
2017,7,12,13,165,15.7
2017,7,12,14,280,15.7
2017,7,12,15,197,15.5
2017,7,12,16,86,14.9
2017,7,12,17,0,14.6
2017,7,12,18,0,14.6
2017,7,12,19,0,14.5
2017,7,12,20,0,14.4
2017,7,12,21,0,14.2
2017,7,12,22,0,14
2017,7,12,23,0,13.9
2017,7,13,0,0,14
2017,7,13,1,0,13.7
2017,7,13,2,0,13.4
2017,7,13,3,0,13
2017,7,13,4,0,12.9
2017,7,13,5,0,12.7
2017,7,13,6,0,12.4
2017,7,13,7,0,12.5
2017,7,13,8,129,13.1
2017,7,13,9,290,13.6
2017,7,13,10,427,14.5
2017,7,13,11,515,15.3
2017,7,13,12,546,16
2017,7,13,13,517,16.5
2017,7,13,14,432,16.8
2017,7,13,15,299,16.8
2017,7,13,16,138,16.2
2017,7,13,17,0,15.5
2017,7,13,18,0,15.2
2017,7,13,19,0,14.8
2017,7,13,20,0,14.3
2017,7,13,21,0,13.8
2017,7,13,22,0,13.3
2017,7,13,23,0,12.7
2017,7,14,0,0,12.2
2017,7,14,1,0,11.8
2017,7,14,2,0,11.6
2017,7,14,3,0,11.3
2017,7,14,4,0,11
2017,7,14,5,0,10.7
2017,7,14,6,0,10.5
2017,7,14,7,0,10.7
2017,7,14,8,108,11.9
2017,7,14,9,60,13.4
2017,7,14,10,433,15
2017,7,14,11,521,16.7
2017,7,14,12,550,18
2017,7,14,13,440,18.9
2017,7,14,14,379,19.3
2017,7,14,15,253,19.1
2017,7,14,16,90,18.5
2017,7,14,17,0,17.9
2017,7,14,18,0,17.3
2017,7,14,19,0,16.6
2017,7,14,20,0,16
2017,7,14,21,0,15.6
2017,7,14,22,0,15.3
2017,7,14,23,0,14.8
2017,7,15,0,0,14.3
2017,7,15,1,0,13.9
2017,7,15,2,0,13.7
2017,7,15,3,0,13.4
2017,7,15,4,0,13.3
2017,7,15,5,0,13.2
2017,7,15,6,0,13.2
2017,7,15,7,0,13.5
2017,7,15,8,36,14.2
2017,7,15,9,204,14.5
2017,7,15,10,346,15
2017,7,15,11,362,15.9
2017,7,15,12,553,16.5
2017,7,15,13,526,17
2017,7,15,14,438,17.1
2017,7,15,15,305,16.9
2017,7,15,16,93,16.2
2017,7,15,17,0,15.6
2017,7,15,18,0,15.5
2017,7,15,19,0,15.3
2017,7,15,20,0,15.1
2017,7,15,21,0,14.8
2017,7,15,22,0,14.3
2017,7,15,23,0,13.9
2017,7,16,0,0,13.6
2017,7,16,1,0,13.2
2017,7,16,2,0,12.9
2017,7,16,3,0,12.7
2017,7,16,4,0,12.4
2017,7,16,5,0,12.1
2017,7,16,6,0,11.8
2017,7,16,7,0,11.8
2017,7,16,8,139,12.7
2017,7,16,9,305,13.7
2017,7,16,10,301,14.7
2017,7,16,11,540,15.4
2017,7,16,12,574,15.8
2017,7,16,13,545,16.1
2017,7,16,14,457,16.2
2017,7,16,15,320,16.1
2017,7,16,16,150,15.5
2017,7,16,17,0,14.6
2017,7,16,18,0,14.2
2017,7,16,19,0,14
2017,7,16,20,0,14
2017,7,16,21,0,14
2017,7,16,22,0,14
2017,7,16,23,0,13.9
2017,7,17,0,0,13.6
2017,7,17,1,0,13.4
2017,7,17,2,0,13.1
2017,7,17,3,0,12.8
2017,7,17,4,0,12.3
2017,7,17,5,0,11.7
2017,7,17,6,0,11.2
2017,7,17,7,0,11.1
2017,7,17,8,63,12
2017,7,17,9,222,13.3
2017,7,17,10,233,14.7
2017,7,17,11,529,16.3
2017,7,17,12,558,17.2
2017,7,17,13,406,17.5
2017,7,17,14,188,17.5
2017,7,17,15,133,17.5
2017,7,17,16,38,16.8
2017,7,17,17,0,16
2017,7,17,18,0,15.5
2017,7,17,19,0,15.1
2017,7,17,20,0,14.8
2017,7,17,21,0,14.7
2017,7,17,22,0,14.4
2017,7,17,23,0,13.7
2017,7,18,0,0,13.1
2017,7,18,1,0,12.5
2017,7,18,2,0,12.1
2017,7,18,3,0,11.7
2017,7,18,4,0,11.4
2017,7,18,5,0,11.3
2017,7,18,6,0,11.2
2017,7,18,7,0,11.6
2017,7,18,8,140,13.1
2017,7,18,9,302,15.1
2017,7,18,10,441,17.3
2017,7,18,11,530,18.9
2017,7,18,12,564,20.1
2017,7,18,13,535,20.7
2017,7,18,14,448,21.1
2017,7,18,15,313,21
2017,7,18,16,148,19.9
2017,7,18,17,0,18.8
2017,7,18,18,0,17.8
2017,7,18,19,0,16.7
2017,7,18,20,0,15.9
2017,7,18,21,0,15.2
2017,7,18,22,0,14.5
2017,7,18,23,0,13.8
2017,7,19,0,0,13.3
2017,7,19,1,0,12.9
2017,7,19,2,0,12.5
2017,7,19,3,0,12.2
2017,7,19,4,0,12
2017,7,19,5,0,11.9
2017,7,19,6,0,11.9
2017,7,19,7,0,12
2017,7,19,8,130,12.6
2017,7,19,9,312,13.3
2017,7,19,10,451,14.2
2017,7,19,11,543,14.9
2017,7,19,12,575,15.5
2017,7,19,13,548,15.9
2017,7,19,14,461,16.1
2017,7,19,15,324,16.1
2017,7,19,16,156,15.7
2017,7,19,17,0,14.9
2017,7,19,18,0,14.5
2017,7,19,19,0,14.2
2017,7,19,20,0,13.9
2017,7,19,21,0,13.6
2017,7,19,22,0,13.3
2017,7,19,23,0,13.1
2017,7,20,0,0,12.8
2017,7,20,1,0,12.7
2017,7,20,2,0,12.7
2017,7,20,3,0,12.6
2017,7,20,4,0,12.4
2017,7,20,5,0,12
2017,7,20,6,0,11.6
2017,7,20,7,0,11.6
2017,7,20,8,157,12.4
2017,7,20,9,328,13.2
2017,7,20,10,466,14.2
2017,7,20,11,557,15.2
2017,7,20,12,590,15.9
2017,7,20,13,560,16.4
2017,7,20,14,470,16.4
2017,7,20,15,329,15.7
2017,7,20,16,160,14.5
2017,7,20,17,0,13.6
2017,7,20,18,0,13.1
2017,7,20,19,0,12.8
2017,7,20,20,0,12.5
2017,7,20,21,0,12.3
2017,7,20,22,0,12
2017,7,20,23,0,11.7
2017,7,21,0,0,11.4
2017,7,21,1,0,11.2
2017,7,21,2,0,10.9
2017,7,21,3,0,10.6
2017,7,21,4,0,10.6
2017,7,21,5,0,10.5
2017,7,21,6,0,10.4
2017,7,21,7,0,10.9
2017,7,21,8,135,11.9
2017,7,21,9,302,13.1
2017,7,21,10,452,14.3
2017,7,21,11,543,15
2017,7,21,12,575,15.4
2017,7,21,13,552,15.7
2017,7,21,14,463,15.9
2017,7,21,15,326,15.8
2017,7,21,16,158,15.1
2017,7,21,17,13,14.3
2017,7,21,18,0,14
2017,7,21,19,0,13.8
2017,7,21,20,0,13.6
2017,7,21,21,0,13.4
2017,7,21,22,0,13.1
2017,7,21,23,0,12.9
2017,7,22,0,0,12.7
2017,7,22,1,0,12.4
2017,7,22,2,0,12
2017,7,22,3,0,11.6
2017,7,22,4,0,11.2
2017,7,22,5,0,10.7
2017,7,22,6,0,10.3
2017,7,22,7,0,10.1
2017,7,22,8,159,10.9
2017,7,22,9,332,12.2
2017,7,22,10,474,13.8
2017,7,22,11,566,15.3
2017,7,22,12,599,16.2
2017,7,22,13,569,17.1
2017,7,22,14,480,17.7
2017,7,22,15,341,17.9
2017,7,22,16,169,17.3
2017,7,22,17,14,16.5
2017,7,22,18,0,15.8
2017,7,22,19,0,15.1
2017,7,22,20,0,14.1
2017,7,22,21,0,13.2
2017,7,22,22,0,12.3
2017,7,22,23,0,11.4
2017,7,23,0,0,10.5
2017,7,23,1,0,9.8
2017,7,23,2,0,9.4
2017,7,23,3,0,9.3
2017,7,23,4,0,9.3
2017,7,23,5,0,9.5
2017,7,23,6,0,9.7
2017,7,23,7,0,10.4
2017,7,23,8,154,12.1
2017,7,23,9,322,14.2
2017,7,23,10,461,16.3
2017,7,23,11,554,17.9
2017,7,23,12,586,19.3
2017,7,23,13,557,20.3
2017,7,23,14,470,20.7
2017,7,23,15,333,20.6
2017,7,23,16,164,19.6
2017,7,23,17,14,18.5
2017,7,23,18,0,17.7
2017,7,23,19,0,17
2017,7,23,20,0,16.4
2017,7,23,21,0,15.9
2017,7,23,22,0,15.5
2017,7,23,23,0,15.1
2017,7,24,0,0,14.7
2017,7,24,1,0,14.3
2017,7,24,2,0,13.9
2017,7,24,3,0,13.5
2017,7,24,4,0,13.1
2017,7,24,5,0,12.8
2017,7,24,6,0,12.5
2017,7,24,7,0,12.7
2017,7,24,8,159,14
2017,7,24,9,330,15.3
2017,7,24,10,469,16.7
2017,7,24,11,562,17.6
2017,7,24,12,596,18.4
2017,7,24,13,567,18.9
2017,7,24,14,479,19.2
2017,7,24,15,341,19.2
2017,7,24,16,171,18.2
2017,7,24,17,16,17.2
2017,7,24,18,0,16.3
2017,7,24,19,0,15.5
2017,7,24,20,0,15
2017,7,24,21,0,14.2
2017,7,24,22,0,13.6
2017,7,24,23,0,13.2
2017,7,25,0,0,12.7
2017,7,25,1,0,12.3
2017,7,25,2,0,12.1
2017,7,25,3,0,12
2017,7,25,4,0,11.8
2017,7,25,5,0,11.7
2017,7,25,6,0,11.7
2017,7,25,7,0,12
2017,7,25,8,164,13.3
2017,7,25,9,338,14.6
2017,7,25,10,479,15.9
2017,7,25,11,569,16.8
2017,7,25,12,601,17.6
2017,7,25,13,573,18.4
2017,7,25,14,482,19
2017,7,25,15,342,19.2
2017,7,25,16,171,18.7
2017,7,25,17,16,17.9
2017,7,25,18,0,17
2017,7,25,19,0,16.1
2017,7,25,20,0,15.5
2017,7,25,21,0,15
2017,7,25,22,0,14.6
2017,7,25,23,0,14.1
2017,7,26,0,0,13.6
2017,7,26,1,0,13.3
2017,7,26,2,0,13.2
2017,7,26,3,0,13.2
2017,7,26,4,0,13.4
2017,7,26,5,0,13.6
2017,7,26,6,0,13.7
2017,7,26,7,12,14.2
2017,7,26,8,161,15.7
2017,7,26,9,332,17.3
2017,7,26,10,473,18.7
2017,7,26,11,566,19.5
2017,7,26,12,603,19.8
2017,7,26,13,574,19.8
2017,7,26,14,486,19.7
2017,7,26,15,349,19.3
2017,7,26,16,177,18.4
2017,7,26,17,19,17.2
2017,7,26,18,0,16.6
2017,7,26,19,0,16
2017,7,26,20,0,15.5
2017,7,26,21,0,15
2017,7,26,22,0,14.5
2017,7,26,23,0,14.2
2017,7,27,0,0,13.8
2017,7,27,1,0,13.5
2017,7,27,2,0,13.1
2017,7,27,3,0,12.8
2017,7,27,4,0,12.7
2017,7,27,5,0,12.4
2017,7,27,6,0,12.2
2017,7,27,7,14,12.5
2017,7,27,8,166,13.7
2017,7,27,9,340,14.9
2017,7,27,10,481,15.8
2017,7,27,11,570,16.3
2017,7,27,12,603,16.7
2017,7,27,13,574,16.9
2017,7,27,14,484,16.9
2017,7,27,15,343,16.8
2017,7,27,16,173,16.1
2017,7,27,17,18,15.2
2017,7,27,18,0,14.9
2017,7,27,19,0,14.8
2017,7,27,20,0,14.8
2017,7,27,21,0,14.8
2017,7,27,22,0,14.6
2017,7,27,23,0,14.3
2017,7,28,0,0,14
2017,7,28,1,0,13.8
2017,7,28,2,0,13.6
2017,7,28,3,0,13.4
2017,7,28,4,0,12.9
2017,7,28,5,0,12.6
2017,7,28,6,0,12.1
2017,7,28,7,13,12.1
2017,7,28,8,80,13.4
2017,7,28,9,224,15
2017,7,28,10,485,16.7
2017,7,28,11,580,17.6
2017,7,28,12,615,18.1
2017,7,28,13,586,18.3
2017,7,28,14,497,18.4
2017,7,28,15,357,18.4
2017,7,28,16,183,17.6
2017,7,28,17,22,16.6
2017,7,28,18,0,16
2017,7,28,19,0,15.3
2017,7,28,20,0,14.5
2017,7,28,21,0,13.7
2017,7,28,22,0,13.1
2017,7,28,23,0,12.6
2017,7,29,0,0,12.2
2017,7,29,1,0,11.9
2017,7,29,2,0,11.7
2017,7,29,3,0,11.5
2017,7,29,4,0,11.3
2017,7,29,5,0,11
2017,7,29,6,0,10.8
2017,7,29,7,16,10.9
2017,7,29,8,173,11.9
2017,7,29,9,350,13.3
2017,7,29,10,494,14.7
2017,7,29,11,587,15.9
2017,7,29,12,621,17
2017,7,29,13,597,18
2017,7,29,14,506,18.7
2017,7,29,15,361,19
2017,7,29,16,184,18.1
2017,7,29,17,21,16.8
2017,7,29,18,0,16.2
2017,7,29,19,0,15.6
2017,7,29,20,0,14.9
2017,7,29,21,0,14.2
2017,7,29,22,0,13.6
2017,7,29,23,0,13.2
2017,7,30,0,0,13
2017,7,30,1,0,13
2017,7,30,2,0,13.4
2017,7,30,3,0,13.7
2017,7,30,4,0,13.7
2017,7,30,5,0,13.6
2017,7,30,6,0,14
2017,7,30,7,14,14.7
2017,7,30,8,159,16
2017,7,30,9,327,17.5
2017,7,30,10,473,19.3
2017,7,30,11,296,20.8
2017,7,30,12,225,22.1
2017,7,30,13,463,22.8
2017,7,30,14,389,23.2
2017,7,30,15,204,22.9
2017,7,30,16,122,22
2017,7,30,17,14,21.2
2017,7,30,18,0,20.7
2017,7,30,19,0,20.3
2017,7,30,20,0,19.9
2017,7,30,21,0,19.4
2017,7,30,22,0,19
2017,7,30,23,0,18.7
2017,7,31,0,0,18.5
2017,7,31,1,0,18
2017,7,31,2,0,17.2
2017,7,31,3,0,16.5
2017,7,31,4,0,16.2
2017,7,31,5,0,16.1
2017,7,31,6,0,16
2017,7,31,7,3,16.2
2017,7,31,8,19,16.6
2017,7,31,9,80,16.9
2017,7,31,10,135,16.8
2017,7,31,11,159,16.7
2017,7,31,12,75,16.5
2017,7,31,13,143,16.1
2017,7,31,14,42,15.8
2017,7,31,15,16,15.4
2017,7,31,16,50,14.8
2017,7,31,17,8,13.9
2017,7,31,18,0,13.2
2017,7,31,19,0,12.9
2017,7,31,20,0,12.6
2017,7,31,21,0,12.5
2017,7,31,22,0,12.4
2017,7,31,23,0,12.4
2017,8,1,0,0,12.2
2017,8,1,1,0,12.1
2017,8,1,2,0,11.9
2017,8,1,3,0,11.9
2017,8,1,4,0,11.9
2017,8,1,5,0,11.8
2017,8,1,6,0,11.7
2017,8,1,7,20,12.2
2017,8,1,8,182,13.2
2017,8,1,9,358,14.1
2017,8,1,10,501,14.9
2017,8,1,11,594,15.5
2017,8,1,12,627,16.1
2017,8,1,13,597,16.4
2017,8,1,14,507,16.5
2017,8,1,15,365,16.4
2017,8,1,16,190,15.8
2017,8,1,17,26,14.9
2017,8,1,18,0,14.6
2017,8,1,19,0,14.4
2017,8,1,20,0,14.3
2017,8,1,21,0,14.1
2017,8,1,22,0,13.9
2017,8,1,23,0,13.6
2017,8,2,0,0,13.3
2017,8,2,1,0,13.1
2017,8,2,2,0,12.8
2017,8,2,3,0,12.5
2017,8,2,4,0,12.3
2017,8,2,5,0,12
2017,8,2,6,0,11.8
2017,8,2,7,21,12.3
2017,8,2,8,181,13.5
2017,8,2,9,355,14.4
2017,8,2,10,498,15.1
2017,8,2,11,587,15.8
2017,8,2,12,619,16.3
2017,8,2,13,591,16.6
2017,8,2,14,500,16.7
2017,8,2,15,360,16.6
2017,8,2,16,187,16.1
2017,8,2,17,26,15.3
2017,8,2,18,0,15.1
2017,8,2,19,0,14.8
2017,8,2,20,0,14.6
2017,8,2,21,0,14.2
2017,8,2,22,0,13.9
2017,8,2,23,0,13.7
2017,8,3,0,0,13.5
2017,8,3,1,0,13.3
2017,8,3,2,0,13.1
2017,8,3,3,0,13
2017,8,3,4,0,13.1
2017,8,3,5,0,13.3
2017,8,3,6,0,13.4
2017,8,3,7,12,13.8
2017,8,3,8,180,14.6
2017,8,3,9,352,15.3
2017,8,3,10,355,16
2017,8,3,11,582,16.5
2017,8,3,12,305,17
2017,8,3,13,407,17.3
2017,8,3,14,328,17.3
2017,8,3,15,236,17
2017,8,3,16,128,16.5
2017,8,3,17,17,15.9
2017,8,3,18,0,15.8
2017,8,3,19,0,15.5
2017,8,3,20,0,15
2017,8,3,21,0,14.5
2017,8,3,22,0,14.1
2017,8,3,23,0,13.7
2017,8,4,0,0,13.4
2017,8,4,1,0,12.9
2017,8,4,2,0,12.6
2017,8,4,3,0,12.5
2017,8,4,4,0,12.4
2017,8,4,5,0,12
2017,8,4,6,0,11.6
2017,8,4,7,6,11.9
2017,8,4,8,184,12.5
2017,8,4,9,359,13.3
2017,8,4,10,502,14.3
2017,8,4,11,594,15.4
2017,8,4,12,628,16.5
2017,8,4,13,600,17.3
2017,8,4,14,513,17.6
2017,8,4,15,373,17.4
2017,8,4,16,198,16.5
2017,8,4,17,8,15.1
2017,8,4,18,0,14
2017,8,4,19,0,13.3
2017,8,4,20,0,12.8
2017,8,4,21,0,12.5
2017,8,4,22,0,12.1
2017,8,4,23,0,11.8
2017,8,5,0,0,11.6
2017,8,5,1,0,11.6
2017,8,5,2,0,11.6
2017,8,5,3,0,11.7
2017,8,5,4,0,11.8
2017,8,5,5,0,12
2017,8,5,6,0,12.2
2017,8,5,7,25,13.1
2017,8,5,8,191,14.4
2017,8,5,9,370,15.5
2017,8,5,10,516,16.3
2017,8,5,11,611,17.1
2017,8,5,12,646,17.8
2017,8,5,13,616,18.2
2017,8,5,14,524,18.5
2017,8,5,15,381,18.4
2017,8,5,16,201,17.6
2017,8,5,17,9,16.7
2017,8,5,18,0,16.2
2017,8,5,19,0,15.6
2017,8,5,20,0,15.1
2017,8,5,21,0,14.4
2017,8,5,22,0,14
2017,8,5,23,0,13.7
2017,8,6,0,0,13.5
2017,8,6,1,0,13.3
2017,8,6,2,0,13.2
2017,8,6,3,0,13.2
2017,8,6,4,0,13.1
2017,8,6,5,0,13.1
2017,8,6,6,0,12.8
2017,8,6,7,26,13.2
2017,8,6,8,192,14.3
2017,8,6,9,369,15.5
2017,8,6,10,514,16.7
2017,8,6,11,607,17.7
2017,8,6,12,637,18.6
2017,8,6,13,607,19.3
2017,8,6,14,514,19.7
2017,8,6,15,371,19.7
2017,8,6,16,195,19.1
2017,8,6,17,29,18
2017,8,6,18,0,17.4
2017,8,6,19,0,16.9
2017,8,6,20,0,16.4
2017,8,6,21,0,16
2017,8,6,22,0,15.5
2017,8,6,23,0,15
2017,8,7,0,0,14.5
2017,8,7,1,0,14.2
2017,8,7,2,0,13.9
2017,8,7,3,0,13.7
2017,8,7,4,0,13.4
2017,8,7,5,0,13.1
2017,8,7,6,0,12.9
2017,8,7,7,17,13.5
2017,8,7,8,186,14.6
2017,8,7,9,370,15.4
2017,8,7,10,523,16.1
2017,8,7,11,619,16.7
2017,8,7,12,651,17.2
2017,8,7,13,625,17.4
2017,8,7,14,533,17.2
2017,8,7,15,390,16.6
2017,8,7,16,210,15.7
2017,8,7,17,35,14.5
2017,8,7,18,0,13.9
2017,8,7,19,0,13.3
2017,8,7,20,0,12.9
2017,8,7,21,0,12.9
2017,8,7,22,0,12.6
2017,8,7,23,0,12.3
2017,8,8,0,0,12.1
2017,8,8,1,0,11.9
2017,8,8,2,0,11.7
2017,8,8,3,0,11.5
2017,8,8,4,0,11.3
2017,8,8,5,0,11.2
2017,8,8,6,0,11
2017,8,8,7,34,11.7
2017,8,8,8,209,12.6
2017,8,8,9,392,13.7
2017,8,8,10,538,14.8
2017,8,8,11,633,15.8
2017,8,8,12,666,16.6
2017,8,8,13,635,17.2
2017,8,8,14,543,17.6
2017,8,8,15,398,17.7
2017,8,8,16,215,17
2017,8,8,17,38,15.8
2017,8,8,18,0,15
2017,8,8,19,0,14
2017,8,8,20,0,13.1
2017,8,8,21,0,12.4
2017,8,8,22,0,12
2017,8,8,23,0,11.7
2017,8,9,0,0,11.6
2017,8,9,1,0,11.5
2017,8,9,2,0,11.4
2017,8,9,3,0,11.3
2017,8,9,4,0,11.3
2017,8,9,5,0,11.3
2017,8,9,6,0,11.3
2017,8,9,7,35,12.1
2017,8,9,8,208,13.4
2017,8,9,9,389,15
2017,8,9,10,534,16.5
2017,8,9,11,628,17.6
2017,8,9,12,660,18.2
2017,8,9,13,627,18.6
2017,8,9,14,535,18.8
2017,8,9,15,391,18.7
2017,8,9,16,213,17.8
2017,8,9,17,38,16.5
2017,8,9,18,0,15.9
2017,8,9,19,0,15.7
2017,8,9,20,0,15.3
2017,8,9,21,0,14.9
2017,8,9,22,0,14.4
2017,8,9,23,0,13.9
2017,8,10,0,0,13.4
2017,8,10,1,0,12.9
2017,8,10,2,0,12.4
2017,8,10,3,0,11.9
2017,8,10,4,0,11.7
2017,8,10,5,0,11.8
2017,8,10,6,0,11.9
2017,8,10,7,30,12.2
2017,8,10,8,210,13.4
2017,8,10,9,389,15.1
2017,8,10,10,539,16.9
2017,8,10,11,635,18.5
2017,8,10,12,668,19.8
2017,8,10,13,541,20.9
2017,8,10,14,476,21.5
2017,8,10,15,334,21.6
2017,8,10,16,219,20.7
2017,8,10,17,28,19.6
2017,8,10,18,0,18.9
2017,8,10,19,0,18.3
2017,8,10,20,0,17.6
2017,8,10,21,0,16.9
2017,8,10,22,0,16.4
2017,8,10,23,0,16.2
2017,8,11,0,0,16
2017,8,11,1,0,16
2017,8,11,2,0,16
2017,8,11,3,0,15.9
2017,8,11,4,0,15.9
2017,8,11,5,0,15.9
2017,8,11,6,0,16
2017,8,11,7,30,16.7
2017,8,11,8,170,18.2
2017,8,11,9,308,19.7
2017,8,11,10,465,21.1
2017,8,11,11,569,21.8
2017,8,11,12,568,22.4
2017,8,11,13,613,22.4
2017,8,11,14,458,22
2017,8,11,15,297,21.2
2017,8,11,16,108,20.2
2017,8,11,17,21,19.1
2017,8,11,18,0,18.3
2017,8,11,19,0,17.5
2017,8,11,20,0,16.7
2017,8,11,21,0,16
2017,8,11,22,0,15.2
2017,8,11,23,0,14.5
2017,8,12,0,0,13.8
2017,8,12,1,0,13.2
2017,8,12,2,0,12.7
2017,8,12,3,0,12.3
2017,8,12,4,0,11.9
2017,8,12,5,0,11.7
2017,8,12,6,0,11.5
2017,8,12,7,44,12.3
2017,8,12,8,226,13.8
2017,8,12,9,410,15.1
2017,8,12,10,470,16.3
2017,8,12,11,470,17.6
2017,8,12,12,271,18.9
2017,8,12,13,293,19.6
2017,8,12,14,288,19.9
2017,8,12,15,404,20
2017,8,12,16,221,19.2
2017,8,12,17,32,18
2017,8,12,18,0,17.1
2017,8,12,19,0,16.3
2017,8,12,20,0,15.6
2017,8,12,21,0,14.9
2017,8,12,22,0,14.3
2017,8,12,23,0,13.8
2017,8,13,0,0,13.5
2017,8,13,1,0,13.2
2017,8,13,2,0,13.1
2017,8,13,3,0,12.8
2017,8,13,4,0,12.6
2017,8,13,5,0,12.5
2017,8,13,6,0,12.3
2017,8,13,7,44,12.9
2017,8,13,8,224,14.4
2017,8,13,9,406,16.1
2017,8,13,10,552,17.3
2017,8,13,11,648,18
2017,8,13,12,679,18.4
2017,8,13,13,647,18.7
2017,8,13,14,550,18.8
2017,8,13,15,404,18.5
2017,8,13,16,222,17.5
2017,8,13,17,43,16.1
2017,8,13,18,0,15.5
2017,8,13,19,0,15.3
2017,8,13,20,0,15.1
2017,8,13,21,0,15
2017,8,13,22,0,15
2017,8,13,23,0,14.8
2017,8,14,0,0,14.5
2017,8,14,1,0,13.9
2017,8,14,2,0,13.2
2017,8,14,3,0,12.6
2017,8,14,4,0,12
2017,8,14,5,0,11.4
2017,8,14,6,0,10.7
2017,8,14,7,46,11.3
2017,8,14,8,195,12.7
2017,8,14,9,404,15
2017,8,14,10,549,16.9
2017,8,14,11,638,18.3
2017,8,14,12,666,19.3
2017,8,14,13,638,20.2
2017,8,14,14,538,20.7
2017,8,14,15,391,21
2017,8,14,16,212,20.5
2017,8,14,17,41,19.9
2017,8,14,18,0,19.3
2017,8,14,19,0,18.5
2017,8,14,20,0,17.6
2017,8,14,21,0,16.7
2017,8,14,22,0,15.9
2017,8,14,23,0,15
2017,8,15,0,0,14.2
2017,8,15,1,0,13.5
2017,8,15,2,0,13.1
2017,8,15,3,0,12.8
2017,8,15,4,0,12.5
2017,8,15,5,0,12.3
2017,8,15,6,0,12.2
2017,8,15,7,7,13
2017,8,15,8,20,14.2
2017,8,15,9,16,15.8
2017,8,15,10,60,17.4
2017,8,15,11,32,19
2017,8,15,12,37,20.7
2017,8,15,13,114,21.8
2017,8,15,14,309,22.5
2017,8,15,15,85,22.7
2017,8,15,16,37,22
2017,8,15,17,10,21
2017,8,15,18,0,20.4
2017,8,15,19,0,20
2017,8,15,20,0,19.8
2017,8,15,21,0,19.6
2017,8,15,22,0,19.2
2017,8,15,23,0,18.7
2017,8,16,0,0,18.3
2017,8,16,1,0,18.1
2017,8,16,2,0,18.3
2017,8,16,3,0,18.5
2017,8,16,4,0,18.5
2017,8,16,5,0,18.7
2017,8,16,6,0,18.9
2017,8,16,7,26,19.6
2017,8,16,8,209,20.3
2017,8,16,9,386,20.3
2017,8,16,10,350,20
2017,8,16,11,643,19.7
2017,8,16,12,693,19.6
2017,8,16,13,668,19.6
2017,8,16,14,573,19.7
2017,8,16,15,424,19.7
2017,8,16,16,238,19.3
2017,8,16,17,52,18.2
2017,8,16,18,0,17.4
2017,8,16,19,0,16.7
2017,8,16,20,0,16.1
2017,8,16,21,0,15.6
2017,8,16,22,0,15.2
2017,8,16,23,0,14.8
2017,8,17,0,0,14.4
2017,8,17,1,0,14
2017,8,17,2,0,13.9
2017,8,17,3,0,13.8
2017,8,17,4,0,13.6
2017,8,17,5,0,13.4
2017,8,17,6,0,13.2
2017,8,17,7,58,14
2017,8,17,8,249,15.4
2017,8,17,9,435,16.5
2017,8,17,10,583,17.5
2017,8,17,11,678,18.6
2017,8,17,12,706,19.7
2017,8,17,13,673,20.5
2017,8,17,14,577,20.8
2017,8,17,15,427,20.6
2017,8,17,16,240,19.9
2017,8,17,17,52,18.6
2017,8,17,18,0,17.9
2017,8,17,19,0,17.5
2017,8,17,20,0,17.1
2017,8,17,21,0,16.6
2017,8,17,22,0,16.4
2017,8,17,23,0,16.1
2017,8,18,0,0,15.6
2017,8,18,1,0,15
2017,8,18,2,0,14.5
2017,8,18,3,0,14.1
2017,8,18,4,0,13.8
2017,8,18,5,0,13.5
2017,8,18,6,0,13.1
2017,8,18,7,59,13.2
2017,8,18,8,249,13.6
2017,8,18,9,435,14.2
2017,8,18,10,582,14.9
2017,8,18,11,682,15.6
2017,8,18,12,715,16.1
2017,8,18,13,680,16.2
2017,8,18,14,584,16.1
2017,8,18,15,434,15.8
2017,8,18,16,244,15.2
2017,8,18,17,55,14.3
2017,8,18,18,0,13.7
2017,8,18,19,0,13.2
2017,8,18,20,0,12.9
2017,8,18,21,0,12.7
2017,8,18,22,0,12.4
2017,8,18,23,0,12.2
2017,8,19,0,0,12
2017,8,19,1,0,11.9
2017,8,19,2,0,11.8
2017,8,19,3,0,11.6
2017,8,19,4,0,11.4
2017,8,19,5,0,11.3
2017,8,19,6,0,11.2
2017,8,19,7,35,11.7
2017,8,19,8,246,12.3
2017,8,19,9,424,12.9
2017,8,19,10,569,13.3
2017,8,19,11,656,13.5
2017,8,19,12,676,13.7
2017,8,19,13,517,13.9
2017,8,19,14,551,14
2017,8,19,15,402,14
2017,8,19,16,221,13.7
2017,8,19,17,46,13.4
2017,8,19,18,0,13.3
2017,8,19,19,0,13.1
2017,8,19,20,0,13
2017,8,19,21,0,12.9
2017,8,19,22,0,12.7
2017,8,19,23,0,12.4
2017,8,20,0,0,12.1
2017,8,20,1,0,11.7
2017,8,20,2,0,11.1
2017,8,20,3,0,10.7
2017,8,20,4,0,10.3
2017,8,20,5,0,10.1
2017,8,20,6,0,10
2017,8,20,7,58,10.8
2017,8,20,8,237,11.7
2017,8,20,9,415,12.8
2017,8,20,10,354,13.8
2017,8,20,11,660,14.4
2017,8,20,12,472,14.8
2017,8,20,13,342,15.1
2017,8,20,14,326,15.2
2017,8,20,15,418,15.1
2017,8,20,16,235,14.7
2017,8,20,17,24,13.9
2017,8,20,18,0,13.3
2017,8,20,19,0,13.2
2017,8,20,20,0,13.3
2017,8,20,21,0,13.6
2017,8,20,22,0,13.6
2017,8,20,23,0,13.3
2017,8,21,0,0,12.9
2017,8,21,1,0,12.4
2017,8,21,2,0,11.9
2017,8,21,3,0,11.8
2017,8,21,4,0,11.6
2017,8,21,5,0,11.4
2017,8,21,6,0,11.2
2017,8,21,7,8,11.4
2017,8,21,8,238,12.4
2017,8,21,9,220,13.7
2017,8,21,10,96,14.8
2017,8,21,11,41,15.3
2017,8,21,12,115,15.5
2017,8,21,13,236,15.6
2017,8,21,14,324,15.6
2017,8,21,15,310,16
2017,8,21,16,83,15.9
2017,8,21,17,17,15.2
2017,8,21,18,0,14.9
2017,8,21,19,0,15
2017,8,21,20,0,15
2017,8,21,21,0,14.6
2017,8,21,22,0,14
2017,8,21,23,0,13.5
2017,8,22,0,0,12.9
2017,8,22,1,0,12.6
2017,8,22,2,0,12.5
2017,8,22,3,0,12.4
2017,8,22,4,0,12.4
2017,8,22,5,0,12.3
2017,8,22,6,0,12.4
2017,8,22,7,21,13.1
2017,8,22,8,249,14.3
2017,8,22,9,433,15.6
2017,8,22,10,589,16.6
2017,8,22,11,682,17.4
2017,8,22,12,711,17.9
2017,8,22,13,677,18.2
2017,8,22,14,581,18.2
2017,8,22,15,431,17.9
2017,8,22,16,245,17.1
2017,8,22,17,58,15.7
2017,8,22,18,0,15
2017,8,22,19,0,14.7
2017,8,22,20,0,14.5
2017,8,22,21,0,14.4
2017,8,22,22,0,14.3
2017,8,22,23,0,14
2017,8,23,0,0,13.7
2017,8,23,1,0,13.2
2017,8,23,2,0,12.6
2017,8,23,3,0,12.1
2017,8,23,4,0,11.7
2017,8,23,5,0,11.4
2017,8,23,6,0,11.2
2017,8,23,7,70,12
2017,8,23,8,259,13.4
2017,8,23,9,443,15.4
2017,8,23,10,596,17.3
2017,8,23,11,688,18.6
2017,8,23,12,717,19.6
2017,8,23,13,680,20.2
2017,8,23,14,578,20.3
2017,8,23,15,426,20.2
2017,8,23,16,240,19.2
2017,8,23,17,57,17.5
2017,8,23,18,0,16.6
2017,8,23,19,0,16.3
2017,8,23,20,0,16.4
2017,8,23,21,0,16.3
2017,8,23,22,0,15.5
2017,8,23,23,0,14.8
2017,8,24,0,0,14.5
2017,8,24,1,0,14.3
2017,8,24,2,0,13.8
2017,8,24,3,0,13.2
2017,8,24,4,0,12.7
2017,8,24,5,0,12.3
2017,8,24,6,0,12.1
2017,8,24,7,78,13.2
2017,8,24,8,272,14.7
2017,8,24,9,457,16
2017,8,24,10,601,16.5
2017,8,24,11,689,16.5
2017,8,24,12,555,16.2
2017,8,24,13,116,16
2017,8,24,14,259,15.8
2017,8,24,15,169,15.4
2017,8,24,16,110,15
2017,8,24,17,24,14.4
2017,8,24,18,0,14.1
2017,8,24,19,0,14
2017,8,24,20,0,14.1
2017,8,24,21,0,14.1
2017,8,24,22,0,14.2
2017,8,24,23,0,14.2
2017,8,25,0,0,14.3
2017,8,25,1,0,14.2
2017,8,25,2,0,14.1
2017,8,25,3,0,13.8
2017,8,25,4,0,13.5
2017,8,25,5,0,13.2
2017,8,25,6,0,12.9
2017,8,25,7,50,13.5
2017,8,25,8,274,14.2
2017,8,25,9,462,14.9
2017,8,25,10,398,15.6
2017,8,25,11,697,16.1
2017,8,25,12,546,16.2
2017,8,25,13,685,16.3
2017,8,25,14,590,16.3
2017,8,25,15,441,16.1
2017,8,25,16,254,15.7
2017,8,25,17,66,14.7
2017,8,25,18,0,14.1
2017,8,25,19,0,13.9
2017,8,25,20,0,13.8
2017,8,25,21,0,13.7
2017,8,25,22,0,13.6
2017,8,25,23,0,13.3
2017,8,26,0,0,13.2
2017,8,26,1,0,13
2017,8,26,2,0,12.8
2017,8,26,3,0,12.5
2017,8,26,4,0,12.2
2017,8,26,5,0,11.9
2017,8,26,6,0,11.7
2017,8,26,7,85,12.6
2017,8,26,8,281,13.8
2017,8,26,9,470,15.2
2017,8,26,10,621,16.2
2017,8,26,11,716,17
2017,8,26,12,744,17.6
2017,8,26,13,710,18.2
2017,8,26,14,608,18.6
2017,8,26,15,453,18.6
2017,8,26,16,269,18
2017,8,26,17,72,16.3
2017,8,26,18,0,15.4
2017,8,26,19,0,15
2017,8,26,20,0,14.9
2017,8,26,21,0,14.8
2017,8,26,22,0,14
2017,8,26,23,0,13.3
2017,8,27,0,0,12.5
2017,8,27,1,0,11.9
2017,8,27,2,0,11.3
2017,8,27,3,0,10.9
2017,8,27,4,0,10.8
2017,8,27,5,0,11
2017,8,27,6,0,11
2017,8,27,7,55,11.7
2017,8,27,8,288,12.7
2017,8,27,9,479,13.6
2017,8,27,10,631,14.8
2017,8,27,11,723,15.9
2017,8,27,12,745,16.9
2017,8,27,13,705,17.4
2017,8,27,14,594,17.4
2017,8,27,15,82,16.6
2017,8,27,16,131,14.8
2017,8,27,17,24,12.8
2017,8,27,18,0,11.6
2017,8,27,19,0,11.2
2017,8,27,20,0,11
2017,8,27,21,0,10.9
2017,8,27,22,0,10.9
2017,8,27,23,0,10.8
2017,8,28,0,0,10.6
2017,8,28,1,0,10.2
2017,8,28,2,0,10.1
2017,8,28,3,0,10.1
2017,8,28,4,0,10.3
2017,8,28,5,0,10.7
2017,8,28,6,0,10.8
2017,8,28,7,80,11.5
2017,8,28,8,44,12.2
2017,8,28,9,452,13.1
2017,8,28,10,229,13.8
2017,8,28,11,702,14.3
2017,8,28,12,730,14.5
2017,8,28,13,704,14.7
2017,8,28,14,308,14.7
2017,8,28,15,450,14.5
2017,8,28,16,260,14.1
2017,8,28,17,69,13.4
2017,8,28,18,0,12.8
2017,8,28,19,0,12.7
2017,8,28,20,0,12.7
2017,8,28,21,0,12.7
2017,8,28,22,0,12.7
2017,8,28,23,0,12.6
2017,8,29,0,0,12.5
2017,8,29,1,0,12.2
2017,8,29,2,0,11.8
2017,8,29,3,0,11.4
2017,8,29,4,0,11.3
2017,8,29,5,0,11.1
2017,8,29,6,0,11
2017,8,29,7,40,12
2017,8,29,8,220,13.2
2017,8,29,9,483,14.3
2017,8,29,10,453,15.1
2017,8,29,11,556,15.6
2017,8,29,12,541,15.8
2017,8,29,13,363,16
2017,8,29,14,322,16
2017,8,29,15,350,15.9
2017,8,29,16,257,15.6
2017,8,29,17,68,14.6
2017,8,29,18,0,14.1
2017,8,29,19,0,13.9
2017,8,29,20,0,13.9
2017,8,29,21,0,13.9
2017,8,29,22,0,13.9
2017,8,29,23,0,13.9
2017,8,30,0,0,13.7
2017,8,30,1,0,13.3
2017,8,30,2,0,12.8
2017,8,30,3,0,12.4
2017,8,30,4,0,12.1
2017,8,30,5,0,11.8
2017,8,30,6,0,11.7
2017,8,30,7,93,12.6
2017,8,30,8,289,13.6
2017,8,30,9,480,14.6
2017,8,30,10,640,15.6
2017,8,30,11,736,16.3
2017,8,30,12,765,16.8
2017,8,30,13,724,17
2017,8,30,14,623,17
2017,8,30,15,468,16.7
2017,8,30,16,277,16.2
2017,8,30,17,78,15.2
2017,8,30,18,0,14.7
2017,8,30,19,0,14.6
2017,8,30,20,0,14.6
2017,8,30,21,0,14.5
2017,8,30,22,0,14.3
2017,8,30,23,0,14
2017,8,31,0,0,13.5
2017,8,31,1,0,13
2017,8,31,2,0,12.4
2017,8,31,3,0,11.9
2017,8,31,4,0,11.5
2017,8,31,5,0,11.2
2017,8,31,6,0,11.1
2017,8,31,7,100,12
2017,8,31,8,298,12.9
2017,8,31,9,480,14
2017,8,31,10,635,14.9
2017,8,31,11,725,15.4
2017,8,31,12,566,15.8
2017,8,31,13,549,15.9
2017,8,31,14,427,15.7
2017,8,31,15,168,15.6
2017,8,31,16,265,15.3
2017,8,31,17,20,14.8
2017,8,31,18,0,14.4
2017,8,31,19,0,14.1
2017,8,31,20,0,13.7
2017,8,31,21,0,13.4
2017,8,31,22,0,13.1
2017,8,31,23,0,12.9
2017,9,1,0,0,12.7
2017,9,1,1,0,12.5
2017,9,1,2,0,12.3
2017,9,1,3,0,12.2
2017,9,1,4,0,12.1
2017,9,1,5,0,11.9
2017,9,1,6,0,11.9
2017,9,1,7,103,12.8
2017,9,1,8,302,13.7
2017,9,1,9,490,14.6
2017,9,1,10,466,15.4
2017,9,1,11,735,16
2017,9,1,12,765,16.5
2017,9,1,13,730,16.7
2017,9,1,14,628,16.7
2017,9,1,15,475,16.4
2017,9,1,16,281,15.9
2017,9,1,17,82,14.7
2017,9,1,18,0,14
2017,9,1,19,0,13.7
2017,9,1,20,0,13.5
2017,9,1,21,0,13.6
2017,9,1,22,0,13.8
2017,9,1,23,0,13.9
2017,9,2,0,0,13.8
2017,9,2,1,0,13.2
2017,9,2,2,0,12.4
2017,9,2,3,0,12
2017,9,2,4,0,11.6
2017,9,2,5,0,11.1
2017,9,2,6,0,10.7
2017,9,2,7,115,11.7
2017,9,2,8,319,13.2
2017,9,2,9,510,14.8
2017,9,2,10,660,16.4
2017,9,2,11,748,18
2017,9,2,12,774,19.1
2017,9,2,13,737,19.7
2017,9,2,14,629,19.9
2017,9,2,15,470,19.7
2017,9,2,16,278,18.9
2017,9,2,17,65,17.3
2017,9,2,18,0,16.4
2017,9,2,19,0,16
2017,9,2,20,0,15.7
2017,9,2,21,0,15.4
2017,9,2,22,0,15.1
2017,9,2,23,0,14.9
2017,9,3,0,0,14.8
2017,9,3,1,0,14.6
2017,9,3,2,0,14.3
2017,9,3,3,0,14
2017,9,3,4,0,13.6
2017,9,3,5,0,13.2
2017,9,3,6,0,13
2017,9,3,7,63,14
2017,9,3,8,137,15.5
2017,9,3,9,411,17.9
2017,9,3,10,354,20.5
2017,9,3,11,614,22.1
2017,9,3,12,763,23.4
2017,9,3,13,732,24.2
2017,9,3,14,626,24.7
2017,9,3,15,324,24.7
2017,9,3,16,275,24
2017,9,3,17,80,22.8
2017,9,3,18,0,22
2017,9,3,19,0,21.3
2017,9,3,20,0,20.6
2017,9,3,21,0,19.1
2017,9,3,22,0,17.6
2017,9,3,23,0,16.7
2017,9,4,0,0,15.8
2017,9,4,1,0,15.1
2017,9,4,2,0,14.6
2017,9,4,3,0,14.1
2017,9,4,4,0,13.7
2017,9,4,5,0,13.4
2017,9,4,6,0,13.3
2017,9,4,7,130,14.5
2017,9,4,8,338,15.6
2017,9,4,9,530,16.6
2017,9,4,10,680,17.7
2017,9,4,11,770,18.9
2017,9,4,12,799,19.9
2017,9,4,13,755,20.3
2017,9,4,14,650,20.3
2017,9,4,15,489,20.1
2017,9,4,16,294,19.4
2017,9,4,17,92,18.2
2017,9,4,18,0,17.1
2017,9,4,19,0,16.4
2017,9,4,20,0,15.8
2017,9,4,21,0,15.2
2017,9,4,22,0,14.7
2017,9,4,23,0,14.4
2017,9,5,0,0,14.1
2017,9,5,1,0,13.8
2017,9,5,2,0,13.4
2017,9,5,3,0,13.1
2017,9,5,4,0,12.7
2017,9,5,5,0,12.4
2017,9,5,6,0,12.3
2017,9,5,7,132,13.2
2017,9,5,8,342,13.7
2017,9,5,9,537,14.4
2017,9,5,10,688,15.2
2017,9,5,11,782,16.2
2017,9,5,12,810,17
2017,9,5,13,769,17.6
2017,9,5,14,661,17.8
2017,9,5,15,500,17.6
2017,9,5,16,301,17.1
2017,9,5,17,93,15.9
2017,9,5,18,0,14.8
2017,9,5,19,0,14.1
2017,9,5,20,0,13.6
2017,9,5,21,0,13.2
2017,9,5,22,0,13.1
2017,9,5,23,0,13
2017,9,6,0,0,13
2017,9,6,1,0,13
2017,9,6,2,0,13.1
2017,9,6,3,0,13
2017,9,6,4,0,12.8
2017,9,6,5,0,12.4
2017,9,6,6,0,12.3
2017,9,6,7,139,13
2017,9,6,8,353,13.5
2017,9,6,9,548,14.3
2017,9,6,10,700,15.3
2017,9,6,11,790,16.4
2017,9,6,12,817,17.4
2017,9,6,13,775,18.1
2017,9,6,14,666,18.4
2017,9,6,15,504,18.2
2017,9,6,16,302,17.6
2017,9,6,17,95,16.5
2017,9,6,18,0,15.5
2017,9,6,19,0,14.9
2017,9,6,20,0,14.3
2017,9,6,21,0,13.9
2017,9,6,22,0,13.5
2017,9,6,23,0,13.2
2017,9,7,0,0,13
2017,9,7,1,0,12.9
2017,9,7,2,0,12.7
2017,9,7,3,0,12.6
2017,9,7,4,0,12.4
2017,9,7,5,0,12.4
2017,9,7,6,0,12.5
2017,9,7,7,142,13.8
2017,9,7,8,354,15
2017,9,7,9,546,16
2017,9,7,10,699,16.9
2017,9,7,11,791,17.8
2017,9,7,12,822,18.7
2017,9,7,13,777,19.3
2017,9,7,14,671,19.6
2017,9,7,15,507,19.6
2017,9,7,16,307,19.1
2017,9,7,17,98,17.8
2017,9,7,18,0,16.5
2017,9,7,19,0,15.6
2017,9,7,20,0,15
2017,9,7,21,0,14.6
2017,9,7,22,0,14.1
2017,9,7,23,0,13.6
2017,9,8,0,0,13.3
2017,9,8,1,0,13
2017,9,8,2,0,12.7
2017,9,8,3,0,12.6
2017,9,8,4,0,12.4
2017,9,8,5,0,12.3
2017,9,8,6,0,12.6
2017,9,8,7,146,14
2017,9,8,8,355,15.2
2017,9,8,9,549,16.3
2017,9,8,10,697,17.2
2017,9,8,11,788,18
2017,9,8,12,815,18.6
2017,9,8,13,766,18.8
2017,9,8,14,659,18.9
2017,9,8,15,500,18.7
2017,9,8,16,300,18.1
2017,9,8,17,95,17
2017,9,8,18,0,15.9
2017,9,8,19,0,15.2
2017,9,8,20,0,14.4
2017,9,8,21,0,13.7
2017,9,8,22,0,13
2017,9,8,23,0,12.5
2017,9,9,0,0,12.1
2017,9,9,1,0,11.9
2017,9,9,2,0,11.9
2017,9,9,3,0,11.9
2017,9,9,4,0,11.8
2017,9,9,5,0,11.7
2017,9,9,6,0,11.8
2017,9,9,7,150,13
2017,9,9,8,361,14.1
2017,9,9,9,553,15
2017,9,9,10,704,15.5
2017,9,9,11,794,16.1
2017,9,9,12,816,16.5
2017,9,9,13,775,16.7
2017,9,9,14,668,16.8
2017,9,9,15,505,16.6
2017,9,9,16,306,16
2017,9,9,17,99,14.8
2017,9,9,18,0,14
2017,9,9,19,0,13.7
2017,9,9,20,0,13.6
2017,9,9,21,0,13.6
2017,9,9,22,0,13.9
2017,9,9,23,0,13.8
2017,9,10,0,0,13.3
2017,9,10,1,0,12.6
2017,9,10,2,0,12
2017,9,10,3,0,11.5
2017,9,10,4,0,11.2
2017,9,10,5,0,11
2017,9,10,6,0,11.1
2017,9,10,7,148,12.6
2017,9,10,8,356,14.1
2017,9,10,9,547,15.3
2017,9,10,10,699,16.2
2017,9,10,11,788,16.9
2017,9,10,12,354,17.4
2017,9,10,13,774,17.7
2017,9,10,14,665,17.7
2017,9,10,15,503,17.4
2017,9,10,16,303,16.8
2017,9,10,17,98,15.6
2017,9,10,18,0,14.7
2017,9,10,19,0,14.4
2017,9,10,20,0,14.3
2017,9,10,21,0,14.2
2017,9,10,22,0,14.1
2017,9,10,23,0,14.1
2017,9,11,0,0,14.2
2017,9,11,1,0,14.1
2017,9,11,2,0,13.8
2017,9,11,3,0,13.5
2017,9,11,4,0,13.2
2017,9,11,5,0,12.6
2017,9,11,6,0,12.3
2017,9,11,7,152,13.4
2017,9,11,8,359,15
2017,9,11,9,551,16.8
2017,9,11,10,705,18.3
2017,9,11,11,799,19.7
2017,9,11,12,824,20.8
2017,9,11,13,782,21.3
2017,9,11,14,674,21.7
2017,9,11,15,402,21.7
2017,9,11,16,309,21
2017,9,11,17,91,19.4
2017,9,11,18,0,18.1
2017,9,11,19,0,17.6
2017,9,11,20,0,17.4
2017,9,11,21,0,17.2
2017,9,11,22,0,16.7
2017,9,11,23,0,15.9
2017,9,12,0,0,15.3
2017,9,12,1,0,14.7
2017,9,12,2,0,14.2
2017,9,12,3,0,13.7
2017,9,12,4,0,13.4
2017,9,12,5,0,13
2017,9,12,6,0,13.2
2017,9,12,7,111,14.4
2017,9,12,8,239,16.2
2017,9,12,9,278,18.7
2017,9,12,10,325,21.4
2017,9,12,11,581,23.5
2017,9,12,12,488,24.7
2017,9,12,13,529,25.1
2017,9,12,14,501,25.1
2017,9,12,15,397,24.8
2017,9,12,16,231,24.1
2017,9,12,17,62,22.7
2017,9,12,18,0,21.7
2017,9,12,19,0,21.1
2017,9,12,20,0,20.4
2017,9,12,21,0,19.9
2017,9,12,22,0,19.4
2017,9,12,23,0,19.1
2017,9,13,0,0,18.8
2017,9,13,1,0,18.6
2017,9,13,2,0,18.6
2017,9,13,3,0,18.8
2017,9,13,4,0,18.7
2017,9,13,5,0,18.7
2017,9,13,6,0,19
2017,9,13,7,154,20.3
2017,9,13,8,358,21.5
2017,9,13,9,457,23.4
2017,9,13,10,714,25.4
2017,9,13,11,802,26.7
2017,9,13,12,825,27.4
2017,9,13,13,777,27.5
2017,9,13,14,664,27.3
2017,9,13,15,329,26.7
2017,9,13,16,66,25.7
2017,9,13,17,19,24.1
2017,9,13,18,0,22.7
2017,9,13,19,0,21.9
2017,9,13,20,0,21.6
2017,9,13,21,0,20.4
2017,9,13,22,0,18.6
2017,9,13,23,0,17.1
2017,9,14,0,0,15.9
2017,9,14,1,0,14.6
2017,9,14,2,0,13.7
2017,9,14,3,0,13.2
2017,9,14,4,0,13
2017,9,14,5,0,12.9
2017,9,14,6,0,12.9
2017,9,14,7,175,13.1
2017,9,14,8,395,13.3
2017,9,14,9,591,14.1
2017,9,14,10,320,14.9
2017,9,14,11,830,15.5
2017,9,14,12,854,15.9
2017,9,14,13,808,16.2
2017,9,14,14,703,16.3
2017,9,14,15,537,16.3
2017,9,14,16,329,15.9
2017,9,14,17,116,15.1
2017,9,14,18,0,14.2
2017,9,14,19,0,13.7
2017,9,14,20,0,13.5
2017,9,14,21,0,13.3
2017,9,14,22,0,13.2
2017,9,14,23,0,13.1
2017,9,15,0,0,13
2017,9,15,1,0,12.8
2017,9,15,2,0,12.7
2017,9,15,3,0,12.8
2017,9,15,4,0,12.8
2017,9,15,5,0,12.8
2017,9,15,6,0,13.2
2017,9,15,7,176,14.3
2017,9,15,8,387,15.3
2017,9,15,9,578,16.6
2017,9,15,10,726,17.9
2017,9,15,11,818,19
2017,9,15,12,841,19.9
2017,9,15,13,795,20.4
2017,9,15,14,683,20.6
2017,9,15,15,517,20.6
2017,9,15,16,314,20.3
2017,9,15,17,106,19.2
2017,9,15,18,0,18.1
2017,9,15,19,0,17.3
2017,9,15,20,0,16.4
2017,9,15,21,0,15.7
2017,9,15,22,0,15.2
2017,9,15,23,0,14.6
2017,9,16,0,0,14.1
2017,9,16,1,0,13.7
2017,9,16,2,0,13.5
2017,9,16,3,0,13.3
2017,9,16,4,0,13.3
2017,9,16,5,0,13.4
2017,9,16,6,0,13.7
2017,9,16,7,90,14.6
2017,9,16,8,269,15.7
2017,9,16,9,441,17.3
2017,9,16,10,532,19.2
2017,9,16,11,813,20.7
2017,9,16,12,555,21.4
2017,9,16,13,439,21.3
2017,9,16,14,123,20.7
2017,9,16,15,519,19.8
2017,9,16,16,319,18.5
2017,9,16,17,64,16.9
2017,9,16,18,0,15.5
2017,9,16,19,0,14.8
2017,9,16,20,0,14.4
2017,9,16,21,0,14.1
2017,9,16,22,0,13.8
2017,9,16,23,0,13.5
2017,9,17,0,0,13.1
2017,9,17,1,0,12.7
2017,9,17,2,0,12.4
2017,9,17,3,0,12.2
2017,9,17,4,0,11.9
2017,9,17,5,0,11.5
2017,9,17,6,13,11.6
2017,9,17,7,191,13
2017,9,17,8,409,14.3
2017,9,17,9,605,15.2
2017,9,17,10,756,15.8
2017,9,17,11,845,16.3
2017,9,17,12,871,16.7
2017,9,17,13,825,16.9
2017,9,17,14,712,16.9
2017,9,17,15,539,16.6
2017,9,17,16,334,15.9
2017,9,17,17,119,14.7
2017,9,17,18,0,13.5
2017,9,17,19,0,13.2
2017,9,17,20,0,13.1
2017,9,17,21,0,13
2017,9,17,22,0,12.9
2017,9,17,23,0,12.8
2017,9,18,0,0,12.7
2017,9,18,1,0,12.5
2017,9,18,2,0,12.1
2017,9,18,3,0,11.7
2017,9,18,4,0,11.4
2017,9,18,5,0,11
2017,9,18,6,14,11.1
2017,9,18,7,192,12.4
2017,9,18,8,412,14.1
2017,9,18,9,607,16.1
2017,9,18,10,762,18.2
2017,9,18,11,852,20.2
2017,9,18,12,880,21.4
2017,9,18,13,833,22.4
2017,9,18,14,720,22.9
2017,9,18,15,552,23
2017,9,18,16,343,22.3
2017,9,18,17,123,20.5
2017,9,18,18,0,19.1
2017,9,18,19,0,18.5
2017,9,18,20,0,18.1
2017,9,18,21,0,17.6
2017,9,18,22,0,17.1
2017,9,18,23,0,16.6
2017,9,19,0,0,16.2
2017,9,19,1,0,15.9
2017,9,19,2,0,15.8
2017,9,19,3,0,15.8
2017,9,19,4,0,15.9
2017,9,19,5,0,15.8
2017,9,19,6,13,16.1
2017,9,19,7,175,17.2
2017,9,19,8,379,18.5
2017,9,19,9,575,19.4
2017,9,19,10,749,20
2017,9,19,11,859,20.6
2017,9,19,12,888,21.1
2017,9,19,13,847,21.3
2017,9,19,14,729,21.2
2017,9,19,15,560,20.8
2017,9,19,16,348,20
2017,9,19,17,129,18.8
2017,9,19,18,0,17.5
2017,9,19,19,0,16.8
2017,9,19,20,0,16
2017,9,19,21,0,15.3
2017,9,19,22,0,14.7
2017,9,19,23,0,14.2
2017,9,20,0,0,13.9
2017,9,20,1,0,13.6
2017,9,20,2,0,13.4
2017,9,20,3,0,13.2
2017,9,20,4,0,13
2017,9,20,5,0,12.8
2017,9,20,6,12,13
2017,9,20,7,155,14.2
2017,9,20,8,223,15.3
2017,9,20,9,585,16.2
2017,9,20,10,285,17.1
2017,9,20,11,572,17.8
2017,9,20,12,513,18.3
2017,9,20,13,789,18.6
2017,9,20,14,678,18.6
2017,9,20,15,515,18.3
2017,9,20,16,316,17.5
2017,9,20,17,56,16.2
2017,9,20,18,0,15
2017,9,20,19,0,14.6
2017,9,20,20,0,14.4
2017,9,20,21,0,14.3
2017,9,20,22,0,14.2
2017,9,20,23,0,14.2
2017,9,21,0,0,14.4
2017,9,21,1,0,14.5
2017,9,21,2,0,14.4
2017,9,21,3,0,14.3
2017,9,21,4,0,14.2
2017,9,21,5,0,14.2
2017,9,21,6,17,14.5
2017,9,21,7,190,15.4
2017,9,21,8,399,16.8
2017,9,21,9,590,18.4
2017,9,21,10,737,19.8
2017,9,21,11,825,21.2
2017,9,21,12,849,22.3
2017,9,21,13,799,22.9
2017,9,21,14,688,23
2017,9,21,15,523,22.7
2017,9,21,16,322,21.9
2017,9,21,17,116,20.2
2017,9,21,18,0,18.6
2017,9,21,19,0,18.1
2017,9,21,20,0,18
2017,9,21,21,0,18
2017,9,21,22,0,17.7
2017,9,21,23,0,17.2
2017,9,22,0,0,16.6
2017,9,22,1,0,16.1
2017,9,22,2,0,15.6
2017,9,22,3,0,15.1
2017,9,22,4,0,14.7
2017,9,22,5,0,14.2
2017,9,22,6,22,14.3
2017,9,22,7,205,15.7
2017,9,22,8,419,17.6
2017,9,22,9,614,20.4
2017,9,22,10,761,23.1
2017,9,22,11,846,25.1
2017,9,22,12,799,26
2017,9,22,13,813,26.4
2017,9,22,14,595,26.3
2017,9,22,15,375,25.9
2017,9,22,16,329,24.9
2017,9,22,17,120,22.8
2017,9,22,18,0,21.1
2017,9,22,19,0,20.3
2017,9,22,20,0,19.9
2017,9,22,21,0,19.6
2017,9,22,22,0,19.4
2017,9,22,23,0,19.1
2017,9,23,0,0,18.7
2017,9,23,1,0,18.3
2017,9,23,2,0,18
2017,9,23,3,0,17.7
2017,9,23,4,0,17.3
2017,9,23,5,0,17
2017,9,23,6,21,17.2
2017,9,23,7,9,18.6
2017,9,23,8,249,20.2
2017,9,23,9,261,22.3
2017,9,23,10,595,25.1
2017,9,23,11,813,27.5
2017,9,23,12,263,28.5
2017,9,23,13,783,28.9
2017,9,23,14,680,29.3
2017,9,23,15,524,29.3
2017,9,23,16,309,28.8
2017,9,23,17,113,27.3
2017,9,23,18,0,26
2017,9,23,19,0,25.3
2017,9,23,20,0,24.8
2017,9,23,21,0,24.4
2017,9,23,22,0,24.1
2017,9,23,23,0,23.9
2017,9,24,0,0,23.9
2017,9,24,1,0,23.7
2017,9,24,2,0,23.1
2017,9,24,3,0,22.6
2017,9,24,4,0,22.2
2017,9,24,5,0,21.7
2017,9,24,6,21,21.7
2017,9,24,7,192,22.7
2017,9,24,8,389,23.4
2017,9,24,9,515,24.5
2017,9,24,10,586,25.9
2017,9,24,11,669,26.7
2017,9,24,12,147,26.9
2017,9,24,13,772,26.5
2017,9,24,14,529,25.7
2017,9,24,15,452,25
2017,9,24,16,233,24.6
2017,9,24,17,120,23.8
2017,9,24,18,0,22.6
2017,9,24,19,0,22.1
2017,9,24,20,0,21.6
2017,9,24,21,0,21.2
2017,9,24,22,0,20.9
2017,9,24,23,0,20.4
2017,9,25,0,0,20
2017,9,25,1,0,19.5
2017,9,25,2,0,19.2
2017,9,25,3,0,18.8
2017,9,25,4,0,18.3
2017,9,25,5,0,17.8
2017,9,25,6,34,17.8
2017,9,25,7,233,19
2017,9,25,8,455,20
2017,9,25,9,649,20.9
2017,9,25,10,794,21.8
2017,9,25,11,879,22.8
2017,9,25,12,898,23.5
2017,9,25,13,847,23.7
2017,9,25,14,594,23.6
2017,9,25,15,466,23.2
2017,9,25,16,200,22.6
2017,9,25,17,138,21.6
2017,9,25,18,0,20.3
2017,9,25,19,0,19.6
2017,9,25,20,0,19
2017,9,25,21,0,18.3
2017,9,25,22,0,17.7
2017,9,25,23,0,17.1
2017,9,26,0,0,16.5
2017,9,26,1,0,16.1
2017,9,26,2,0,15.7
2017,9,26,3,0,15.4
2017,9,26,4,0,15.2
2017,9,26,5,0,14.9
2017,9,26,6,40,15.3
2017,9,26,7,242,16.7
2017,9,26,8,463,17.6
2017,9,26,9,658,18.3
2017,9,26,10,806,18.9
2017,9,26,11,892,19.6
2017,9,26,12,907,20
2017,9,26,13,856,19.9
2017,9,26,14,737,19.2
2017,9,26,15,566,18.1
2017,9,26,16,357,16.8
2017,9,26,17,139,15.6
2017,9,26,18,0,14.7
2017,9,26,19,0,14.3
2017,9,26,20,0,14.2
2017,9,26,21,0,14.3
2017,9,26,22,0,14.3
2017,9,26,23,0,14.3
2017,9,27,0,0,14.4
2017,9,27,1,0,14.4
2017,9,27,2,0,14.3
2017,9,27,3,0,14.3
2017,9,27,4,0,14.3
2017,9,27,5,0,14.3
2017,9,27,6,11,15.1
2017,9,27,7,70,16.7
2017,9,27,8,84,17.8
2017,9,27,9,452,18.8
2017,9,27,10,499,19.9
2017,9,27,11,854,20.7
2017,9,27,12,455,21.3
2017,9,27,13,824,21.7
2017,9,27,14,709,21.7
2017,9,27,15,208,21.5
2017,9,27,16,100,21
2017,9,27,17,105,20
2017,9,27,18,0,18.9
2017,9,27,19,0,18.6
2017,9,27,20,0,18.4
2017,9,27,21,0,18.4
2017,9,27,22,0,18.3
2017,9,27,23,0,18.3
2017,9,28,0,0,18.5
2017,9,28,1,0,18.4
2017,9,28,2,0,18.6
2017,9,28,3,0,19.7
2017,9,28,4,0,20.5
2017,9,28,5,0,20.6
2017,9,28,6,14,20.7
2017,9,28,7,62,21.1
2017,9,28,8,118,21.3
2017,9,28,9,393,21.9
2017,9,28,10,283,23
2017,9,28,11,58,23.8
2017,9,28,12,115,24.1
2017,9,28,13,718,24.2
2017,9,28,14,500,24.3
2017,9,28,15,520,24.1
2017,9,28,16,311,23.8
2017,9,28,17,103,22.7
2017,9,28,18,0,21.5
2017,9,28,19,0,20.8
2017,9,28,20,0,20.3
2017,9,28,21,0,19.6
2017,9,28,22,0,19.1
2017,9,28,23,0,18.4
2017,9,29,0,0,17.7
2017,9,29,1,0,17
2017,9,29,2,0,16.5
2017,9,29,3,0,16
2017,9,29,4,0,15.7
2017,9,29,5,0,15.3
2017,9,29,6,49,15.8
2017,9,29,7,253,17.4
2017,9,29,8,474,19
2017,9,29,9,669,19.9
2017,9,29,10,816,20.7
2017,9,29,11,905,21.4
2017,9,29,12,920,22.3
2017,9,29,13,866,23.4
2017,9,29,14,750,24.1
2017,9,29,15,575,24.1
2017,9,29,16,366,23.7
2017,9,29,17,146,22.5
2017,9,29,18,0,20.4
2017,9,29,19,0,19.4
2017,9,29,20,0,19.5
2017,9,29,21,0,19.4
2017,9,29,22,0,19.2
2017,9,29,23,0,19
2017,9,30,0,0,18.8
2017,9,30,1,0,18.5
2017,9,30,2,0,18.3
2017,9,30,3,0,18.1
2017,9,30,4,0,17.9
2017,9,30,5,0,17.7
2017,9,30,6,8,17.7
2017,9,30,7,34,18.2
2017,9,30,8,78,18.8
2017,9,30,9,414,19.4
2017,9,30,10,489,20.2
2017,9,30,11,702,21.1
2017,9,30,12,675,21.9
2017,9,30,13,438,22.4
2017,9,30,14,432,22.5
2017,9,30,15,450,22.3
2017,9,30,16,209,21.8
2017,9,30,17,68,20.8
2017,9,30,18,0,19.8
2017,9,30,19,0,18.8
2017,9,30,20,0,17.6
2017,9,30,21,0,16.5
2017,9,30,22,0,15.5
2017,9,30,23,0,14.7
2017,10,1,0,0,13.9
2017,10,1,1,0,13.3
2017,10,1,2,0,13.3
2017,10,1,3,0,13.4
2017,10,1,4,0,13.4
2017,10,1,5,0,13.4
2017,10,1,6,57,14.1
2017,10,1,7,268,15.8
2017,10,1,8,491,17.2
2017,10,1,9,686,18.2
2017,10,1,10,834,19.1
2017,10,1,11,920,20
2017,10,1,12,934,20.9
2017,10,1,13,881,21.4
2017,10,1,14,763,21.5
2017,10,1,15,588,21.1
2017,10,1,16,377,20.2
2017,10,1,17,154,18.7
2017,10,1,18,0,17.2
2017,10,1,19,0,16.7
2017,10,1,20,0,16.6
2017,10,1,21,0,16.4
2017,10,1,22,0,16.4
2017,10,1,23,0,16.4
2017,10,2,0,0,16.4
2017,10,2,1,0,16.4
2017,10,2,2,0,16.4
2017,10,2,3,0,16.4
2017,10,2,4,0,16.5
2017,10,2,5,0,16.5
2017,10,2,6,52,16.9
2017,10,2,7,244,18.2
2017,10,2,8,455,19.4
2017,10,2,9,397,20.2
2017,10,2,10,429,20.8
2017,10,2,11,872,21.3
2017,10,2,12,889,21.8
2017,10,2,13,840,21.9
2017,10,2,14,639,21.9
2017,10,2,15,472,21.6
2017,10,2,16,353,21.3
2017,10,2,17,142,20.6
2017,10,2,18,0,19.6
2017,10,2,19,0,19.1
2017,10,2,20,0,18.9
2017,10,2,21,0,18.6
2017,10,2,22,0,18.4
2017,10,2,23,0,18.2
2017,10,3,0,0,17.9
2017,10,3,1,0,17.7
2017,10,3,2,0,17.4
2017,10,3,3,0,17.2
2017,10,3,4,0,17.1
2017,10,3,5,0,17
2017,10,3,6,25,17.2
2017,10,3,7,165,18.4
2017,10,3,8,404,19.8
2017,10,3,9,533,21
2017,10,3,10,495,21.9
2017,10,3,11,643,22.5
2017,10,3,12,639,22.8
2017,10,3,13,628,22.7
2017,10,3,14,621,22.5
2017,10,3,15,466,22.1
2017,10,3,16,295,21.6
2017,10,3,17,117,20.8
2017,10,3,18,0,19.8
2017,10,3,19,0,19.2
2017,10,3,20,0,18.8
2017,10,3,21,0,18.5
2017,10,3,22,0,18.3
2017,10,3,23,0,17.9
2017,10,4,0,0,17.6
2017,10,4,1,0,17.3
2017,10,4,2,0,17.2
2017,10,4,3,0,17.4
2017,10,4,4,0,17.3
2017,10,4,5,0,16.9
2017,10,4,6,37,17.1
2017,10,4,7,254,18.2
2017,10,4,8,466,19.3
2017,10,4,9,376,20.2
2017,10,4,10,575,20.9
2017,10,4,11,889,21.3
2017,10,4,12,904,21.4
2017,10,4,13,851,21.4
2017,10,4,14,732,21.2
2017,10,4,15,563,20.8
2017,10,4,16,352,20.2
2017,10,4,17,75,19.4
2017,10,4,18,0,18.5
2017,10,4,19,0,18
2017,10,4,20,0,17.9
2017,10,4,21,0,17.9
2017,10,4,22,0,18
2017,10,4,23,0,18.1
2017,10,5,0,0,18.1
2017,10,5,1,0,18
2017,10,5,2,0,17.9
2017,10,5,3,0,17.7
2017,10,5,4,0,17.6
2017,10,5,5,0,17.4
2017,10,5,6,27,17.7
2017,10,5,7,211,18.8
2017,10,5,8,473,20.3
2017,10,5,9,560,21.7
2017,10,5,10,623,22.9
2017,10,5,11,710,24.1
2017,10,5,12,899,24.9
2017,10,5,13,834,25.4
2017,10,5,14,711,25.2
2017,10,5,15,544,24.8
2017,10,5,16,343,24
2017,10,5,17,109,22.8
2017,10,5,18,0,21.5
2017,10,5,19,0,20.8
2017,10,5,20,0,20.5
2017,10,5,21,0,20.2
2017,10,5,22,0,20.2
2017,10,5,23,0,20.3
2017,10,6,0,0,20.1
2017,10,6,1,0,20.1
2017,10,6,2,0,20.2
2017,10,6,3,0,20.1
2017,10,6,4,0,20
2017,10,6,5,0,19.9
2017,10,6,6,5,20.4
2017,10,6,7,16,21.2
2017,10,6,8,44,21.2
2017,10,6,9,38,21.3
2017,10,6,10,53,21.3
2017,10,6,11,76,21.1
2017,10,6,12,734,20.9
2017,10,6,13,612,20.6
2017,10,6,14,766,20.2
2017,10,6,15,592,19.6
2017,10,6,16,380,18.9
2017,10,6,17,158,18
2017,10,6,18,0,17.2
2017,10,6,19,0,16.9
2017,10,6,20,0,16.8
2017,10,6,21,0,16.7
2017,10,6,22,0,16.5
2017,10,6,23,0,16.2
2017,10,7,0,0,15.8
2017,10,7,1,0,15.5
2017,10,7,2,0,15.2
2017,10,7,3,0,14.9
2017,10,7,4,0,14.6
2017,10,7,5,0,14.4
2017,10,7,6,75,15.1
2017,10,7,7,282,15.8
2017,10,7,8,244,16.6
2017,10,7,9,357,17.4
2017,10,7,10,835,18.1
2017,10,7,11,916,18.6
2017,10,7,12,929,18.8
2017,10,7,13,670,19
2017,10,7,14,627,18.9
2017,10,7,15,479,18.6
2017,10,7,16,309,18.3
2017,10,7,17,160,17.9
2017,10,7,18,0,17.1
2017,10,7,19,0,16.7
2017,10,7,20,0,16.5
2017,10,7,21,0,16.5
2017,10,7,22,0,16.6
2017,10,7,23,0,16.8
2017,10,8,0,0,17
2017,10,8,1,0,16.9
2017,10,8,2,0,16.6
2017,10,8,3,0,16.4
2017,10,8,4,0,16.2
2017,10,8,5,0,16
2017,10,8,6,58,16
2017,10,8,7,238,16.6
2017,10,8,8,423,17.7
2017,10,8,9,540,18.5
2017,10,8,10,538,19
2017,10,8,11,684,19.5
2017,10,8,12,483,20
2017,10,8,13,393,20.3
2017,10,8,14,187,20.4
2017,10,8,15,59,20.2
2017,10,8,16,129,19.9
2017,10,8,17,11,19.3
2017,10,8,18,0,18.7
2017,10,8,19,0,18.4
2017,10,8,20,0,18.1
2017,10,8,21,0,17.8
2017,10,8,22,0,17.5
2017,10,8,23,0,17.5
2017,10,9,0,0,17.3
2017,10,9,1,0,17.2
2017,10,9,2,0,17.2
2017,10,9,3,0,17.1
2017,10,9,4,0,16.9
2017,10,9,5,0,16.8
2017,10,9,6,15,17.5
2017,10,9,7,271,18.5
2017,10,9,8,480,20.3
2017,10,9,9,672,22.5
2017,10,9,10,829,24.6
2017,10,9,11,918,26.5
2017,10,9,12,930,28
2017,10,9,13,874,28.9
2017,10,9,14,754,29.2
2017,10,9,15,509,28.8
2017,10,9,16,125,27.9
2017,10,9,17,11,26.8
2017,10,9,18,0,24.9
2017,10,9,19,0,22.9
2017,10,9,20,0,21.4
2017,10,9,21,0,19.2
2017,10,9,22,0,17.7
2017,10,9,23,0,16.9
2017,10,10,0,0,16.3
2017,10,10,1,0,16.2
2017,10,10,2,0,16.3
2017,10,10,3,0,16.4
2017,10,10,4,0,16.6
2017,10,10,5,0,16.7
2017,10,10,6,81,17.2
2017,10,10,7,103,17.7
2017,10,10,8,181,18.4
2017,10,10,9,120,19.4
2017,10,10,10,241,20.2
2017,10,10,11,266,20.7
2017,10,10,12,230,21.1
2017,10,10,13,638,21.2
2017,10,10,14,507,20.9
2017,10,10,15,570,20.4
2017,10,10,16,211,19.9
2017,10,10,17,153,19.3
2017,10,10,18,0,18.8
2017,10,10,19,0,18.8
2017,10,10,20,0,18.8
2017,10,10,21,0,18.9
2017,10,10,22,0,18.9
2017,10,10,23,0,18.9
2017,10,11,0,0,18.9
2017,10,11,1,0,18.9
2017,10,11,2,0,18.9
2017,10,11,3,0,18.8
2017,10,11,4,0,18.9
2017,10,11,5,0,18.9
2017,10,11,6,76,19.2
2017,10,11,7,273,19.7
2017,10,11,8,70,20.4
2017,10,11,9,97,21.1
2017,10,11,10,386,21.7
2017,10,11,11,154,22.1
2017,10,11,12,127,22.7
2017,10,11,13,385,23.5
2017,10,11,14,750,24
2017,10,11,15,582,24.2
2017,10,11,16,378,23.7
2017,10,11,17,160,22.4
2017,10,11,18,0,21.2
2017,10,11,19,0,20.7
2017,10,11,20,0,20.5
2017,10,11,21,0,20.5
2017,10,11,22,0,20.4
2017,10,11,23,0,20.4
2017,10,12,0,0,20.5
2017,10,12,1,0,20.8
2017,10,12,2,0,20.7
2017,10,12,3,0,20.2
2017,10,12,4,0,20.1
2017,10,12,5,0,19.9
2017,10,12,6,34,20
2017,10,12,7,216,20.9
2017,10,12,8,380,22.6
2017,10,12,9,717,23.6
2017,10,12,10,875,24.2
2017,10,12,11,965,24.7
2017,10,12,12,984,25.1
2017,10,12,13,928,25.2
2017,10,12,14,807,25
2017,10,12,15,631,24.6
2017,10,12,16,414,23.8
2017,10,12,17,187,22.4
2017,10,12,18,0,20.1
2017,10,12,19,0,18.7
2017,10,12,20,0,17.9
2017,10,12,21,0,17.4
2017,10,12,22,0,16.9
2017,10,12,23,0,16.5
2017,10,13,0,0,16.1
2017,10,13,1,0,15.8
2017,10,13,2,0,15.7
2017,10,13,3,0,15.6
2017,10,13,4,0,15.5
2017,10,13,5,0,15.5
2017,10,13,6,99,16.5
2017,10,13,7,312,17.9
2017,10,13,8,305,19.3
2017,10,13,9,530,20.5
2017,10,13,10,862,21.5
2017,10,13,11,941,22.2
2017,10,13,12,953,22.8
2017,10,13,13,895,23.1
2017,10,13,14,776,23
2017,10,13,15,603,22.4
2017,10,13,16,393,21.5
2017,10,13,17,172,20.5
2017,10,13,18,0,19.5
2017,10,13,19,0,19
2017,10,13,20,0,18.8
2017,10,13,21,0,18.7
2017,10,13,22,0,18.5
2017,10,13,23,0,18.3
2017,10,14,0,0,18
2017,10,14,1,0,17.8
2017,10,14,2,0,17.7
2017,10,14,3,0,17.5
2017,10,14,4,0,17.2
2017,10,14,5,0,17.1
2017,10,14,6,13,17.4
2017,10,14,7,47,17.9
2017,10,14,8,42,18.4
2017,10,14,9,61,18.7
2017,10,14,10,113,18.8
2017,10,14,11,305,18.7
2017,10,14,12,111,18.7
2017,10,14,13,74,18.7
2017,10,14,14,77,18.6
2017,10,14,15,50,18.5
2017,10,14,16,30,18.2
2017,10,14,17,167,17.9
2017,10,14,18,9,17.6
2017,10,14,19,0,17.5
2017,10,14,20,0,17.5
2017,10,14,21,0,17.4
2017,10,14,22,0,17.4
2017,10,14,23,0,17.2
2017,10,15,0,0,17.1
2017,10,15,1,0,17
2017,10,15,2,0,17
2017,10,15,3,0,17
2017,10,15,4,0,17
2017,10,15,5,0,17.1
2017,10,15,6,61,18
2017,10,15,7,210,18.7
2017,10,15,8,536,19.5
2017,10,15,9,471,20.3
2017,10,15,10,598,20.9
2017,10,15,11,593,21.2
2017,10,15,12,421,21.2
2017,10,15,13,502,21.2
2017,10,15,14,172,21
2017,10,15,15,236,20.7
2017,10,15,16,402,20.3
2017,10,15,17,182,19.7
2017,10,15,18,12,18.9
2017,10,15,19,0,18.4
2017,10,15,20,0,18.2
2017,10,15,21,0,18.1
2017,10,15,22,0,18
2017,10,15,23,0,17.8
2017,10,16,0,0,17.6
2017,10,16,1,0,17.4
2017,10,16,2,0,17.3
2017,10,16,3,0,17.3
2017,10,16,4,0,17.2
2017,10,16,5,0,17.1
2017,10,16,6,117,18
2017,10,16,7,337,19.3
2017,10,16,8,557,20.3
2017,10,16,9,746,21.1
2017,10,16,10,887,21.6
2017,10,16,11,970,21.9
2017,10,16,12,982,21.9
2017,10,16,13,929,21.8
2017,10,16,14,808,21.6
2017,10,16,15,633,21.2
2017,10,16,16,421,20.7
2017,10,16,17,195,20.1
2017,10,16,18,15,19.2
2017,10,16,19,0,18.6
2017,10,16,20,0,18.3
2017,10,16,21,0,18.1
2017,10,16,22,0,17.9
2017,10,16,23,0,17.9
2017,10,17,0,0,18
2017,10,17,1,0,18
2017,10,17,2,0,18
2017,10,17,3,0,18
2017,10,17,4,0,17.9
2017,10,17,5,0,17.8
2017,10,17,6,57,18.6
2017,10,17,7,215,19.9
2017,10,17,8,442,20.9
2017,10,17,9,745,21.4
2017,10,17,10,886,21.9
2017,10,17,11,966,22.4
2017,10,17,12,980,22.7
2017,10,17,13,925,22.6
2017,10,17,14,804,22.3
2017,10,17,15,628,21.7
2017,10,17,16,415,21.1
2017,10,17,17,189,20.4
2017,10,17,18,15,19.9
2017,10,17,19,0,19.7
2017,10,17,20,0,19.5
2017,10,17,21,0,19.4
2017,10,17,22,0,19.3
2017,10,17,23,0,19.1
2017,10,18,0,0,19
2017,10,18,1,0,19
2017,10,18,2,0,19
2017,10,18,3,0,19
2017,10,18,4,0,19
2017,10,18,5,0,19.1
2017,10,18,6,120,19.6
2017,10,18,7,338,20.4
2017,10,18,8,479,21.1
2017,10,18,9,563,21.6
2017,10,18,10,885,22.1
2017,10,18,11,699,22.5
2017,10,18,12,791,22.8
2017,10,18,13,783,22.9
2017,10,18,14,798,22.8
2017,10,18,15,622,22.4
2017,10,18,16,409,21.7
2017,10,18,17,188,20.9
2017,10,18,18,16,20.2
2017,10,18,19,0,19.8
2017,10,18,20,0,19.7
2017,10,18,21,0,19.6
2017,10,18,22,0,19.4
2017,10,18,23,0,19.2
2017,10,19,0,0,18.9
2017,10,19,1,0,18.6
2017,10,19,2,0,18.3
2017,10,19,3,0,18
2017,10,19,4,0,17.7
2017,10,19,5,0,17.6
2017,10,19,6,124,18.5
2017,10,19,7,342,19.9
2017,10,19,8,557,21.2
2017,10,19,9,743,22.4
2017,10,19,10,883,23.5
2017,10,19,11,959,24.4
2017,10,19,12,968,25
2017,10,19,13,908,25.2
2017,10,19,14,786,25.1
2017,10,19,15,613,24.8
2017,10,19,16,405,24.1
2017,10,19,17,11,22.9
2017,10,19,18,16,21.5
2017,10,19,19,0,20.7
2017,10,19,20,0,20.3
2017,10,19,21,0,20
2017,10,19,22,0,19.9
2017,10,19,23,0,19.7
2017,10,20,0,0,19.4
2017,10,20,1,0,19.1
2017,10,20,2,0,18.9
2017,10,20,3,0,18.9
2017,10,20,4,0,18.8
2017,10,20,5,0,18.8
2017,10,20,6,8,19
2017,10,20,7,16,19.1
2017,10,20,8,29,19.3
2017,10,20,9,46,19.4
2017,10,20,10,87,18.9
2017,10,20,11,180,17.7
2017,10,20,12,211,16.9
2017,10,20,13,123,16.5
2017,10,20,14,104,16.5
2017,10,20,15,57,16.4
2017,10,20,16,38,16.2
2017,10,20,17,32,15.8
2017,10,20,18,5,15.5
2017,10,20,19,0,15.6
2017,10,20,20,0,16
2017,10,20,21,0,16.3
2017,10,20,22,0,16.4
2017,10,20,23,0,16.3
2017,10,21,0,0,15.9
2017,10,21,1,0,15.6
2017,10,21,2,0,15.2
2017,10,21,3,0,14.9
2017,10,21,4,0,14.7
2017,10,21,5,0,14.8
2017,10,21,6,69,15.4
2017,10,21,7,351,16
2017,10,21,8,575,16.6
2017,10,21,9,765,17.3
2017,10,21,10,906,17.9
2017,10,21,11,581,18.4
2017,10,21,12,681,18.6
2017,10,21,13,556,18.5
2017,10,21,14,596,18.4
2017,10,21,15,642,18.2
2017,10,21,16,429,17.8
2017,10,21,17,204,17.2
2017,10,21,18,21,16.2
2017,10,21,19,0,15.7
2017,10,21,20,0,15.4
2017,10,21,21,0,15.5
2017,10,21,22,0,15.6
2017,10,21,23,0,15.6
2017,10,22,0,0,15.6
2017,10,22,1,0,15.4
2017,10,22,2,0,15.2
2017,10,22,3,0,15
2017,10,22,4,0,14.8
2017,10,22,5,0,14.6
2017,10,22,6,25,15
2017,10,22,7,93,16
2017,10,22,8,426,16.8
2017,10,22,9,745,17.7
2017,10,22,10,666,18.8
2017,10,22,11,791,19.5
2017,10,22,12,974,20.1
2017,10,22,13,718,20
2017,10,22,14,490,19.4
2017,10,22,15,38,18.4
2017,10,22,16,237,17.5
2017,10,22,17,153,16.6
2017,10,22,18,14,15.9
2017,10,22,19,0,15.6
2017,10,22,20,0,15.6
2017,10,22,21,0,15.7
2017,10,22,22,0,15.8
2017,10,22,23,0,15.8
2017,10,23,0,0,15.8
2017,10,23,1,0,15.6
2017,10,23,2,0,15.3
2017,10,23,3,0,15
2017,10,23,4,0,14.8
2017,10,23,5,0,14.8
2017,10,23,6,110,15.4
2017,10,23,7,364,15.9
2017,10,23,8,582,16.7
2017,10,23,9,771,17.8
2017,10,23,10,910,18.6
2017,10,23,11,991,19.2
2017,10,23,12,1001,19.6
2017,10,23,13,940,19.8
2017,10,23,14,819,19.9
2017,10,23,15,643,19.8
2017,10,23,16,432,19.5
2017,10,23,17,209,19
2017,10,23,18,24,18.1
2017,10,23,19,0,17.5
2017,10,23,20,0,17.2
2017,10,23,21,0,17
2017,10,23,22,0,16.7
2017,10,23,23,0,16.3
2017,10,24,0,0,15.9
2017,10,24,1,0,15.5
2017,10,24,2,0,15.1
2017,10,24,3,0,14.8
2017,10,24,4,0,14.5
2017,10,24,5,0,14.3
2017,10,24,6,143,15.2
2017,10,24,7,366,17.1
2017,10,24,8,584,19.4
2017,10,24,9,773,21.5
2017,10,24,10,913,22.9
2017,10,24,11,994,23.9
2017,10,24,12,1002,24.7
2017,10,24,13,940,24.9
2017,10,24,14,653,24.7
2017,10,24,15,642,24.4
2017,10,24,16,431,23.8
2017,10,24,17,195,22.6
2017,10,24,18,24,21.2
2017,10,24,19,0,20.2
2017,10,24,20,0,19.7
2017,10,24,21,0,19.4
2017,10,24,22,0,19.1
2017,10,24,23,0,18.9
2017,10,25,0,0,18.7
2017,10,25,1,0,18.5
2017,10,25,2,0,18.4
2017,10,25,3,0,18.2
2017,10,25,4,0,17.9
2017,10,25,5,0,17.9
2017,10,25,6,58,18.7
2017,10,25,7,50,19.7
2017,10,25,8,423,20.9
2017,10,25,9,634,22.7
2017,10,25,10,509,24.7
2017,10,25,11,969,25.8
2017,10,25,12,973,26.4
2017,10,25,13,911,25.9
2017,10,25,14,632,25.4
2017,10,25,15,222,25.7
2017,10,25,16,37,25.3
2017,10,25,17,43,23.8
2017,10,25,18,5,22.3
2017,10,25,19,0,21.3
2017,10,25,20,0,20.3
2017,10,25,21,0,19.5
2017,10,25,22,0,18.9
2017,10,25,23,0,18.5
2017,10,26,0,0,18.2
2017,10,26,1,0,18.2
2017,10,26,2,0,18.2
2017,10,26,3,0,18.2
2017,10,26,4,0,18.1
2017,10,26,5,0,18.1
2017,10,26,6,132,18.6
2017,10,26,7,93,19.3
2017,10,26,8,289,20.1
2017,10,26,9,448,21.1
2017,10,26,10,334,21.9
2017,10,26,11,333,22.5
2017,10,26,12,497,22.6
2017,10,26,13,534,22.3
2017,10,26,14,136,21.8
2017,10,26,15,33,21.2
2017,10,26,16,139,20.5
2017,10,26,17,130,19.8
2017,10,26,18,17,19.2
2017,10,26,19,0,18.9
2017,10,26,20,0,18.9
2017,10,26,21,0,18.8
2017,10,26,22,0,18.7
2017,10,26,23,0,18.6
2017,10,27,0,0,18.5
2017,10,27,1,0,18.4
2017,10,27,2,0,18.4
2017,10,27,3,0,18.5
2017,10,27,4,0,18.5
2017,10,27,5,0,18.5
2017,10,27,6,63,18.7
2017,10,27,7,27,19.2
2017,10,27,8,419,19.8
2017,10,27,9,454,20.4
2017,10,27,10,643,20.8
2017,10,27,11,727,21.2
2017,10,27,12,766,21.4
2017,10,27,13,695,21.6
2017,10,27,14,289,21.4
2017,10,27,15,478,21.2
2017,10,27,16,242,20.8
2017,10,27,17,203,20.3
2017,10,27,18,12,19.7
2017,10,27,19,0,19.2
2017,10,27,20,0,18.9
2017,10,27,21,0,18.8
2017,10,27,22,0,18.8
2017,10,27,23,0,18.9
2017,10,28,0,0,18.9
2017,10,28,1,0,18.8
2017,10,28,2,0,18.6
2017,10,28,3,0,18.4
2017,10,28,4,0,18.2
2017,10,28,5,0,17.9
2017,10,28,6,147,18.8
2017,10,28,7,363,20
2017,10,28,8,577,21.2
2017,10,28,9,763,22.3
2017,10,28,10,906,23.4
2017,10,28,11,978,24.3
2017,10,28,12,831,25.1
2017,10,28,13,769,25.2
2017,10,28,14,217,24.8
2017,10,28,15,190,24.6
2017,10,28,16,216,24.4
2017,10,28,17,27,23.8
2017,10,28,18,7,22.7
2017,10,28,19,0,22
2017,10,28,20,0,21.6
2017,10,28,21,0,21.3
2017,10,28,22,0,21
2017,10,28,23,0,20.9
2017,10,29,0,0,20.9
2017,10,29,1,0,21
2017,10,29,2,0,21.2
2017,10,29,3,0,21.3
2017,10,29,4,0,21.1
2017,10,29,5,0,21
2017,10,29,6,111,21.6
2017,10,29,7,323,22.3
2017,10,29,8,565,23.2
2017,10,29,9,748,24.8
2017,10,29,10,910,26.6
2017,10,29,11,989,27.8
2017,10,29,12,993,28
2017,10,29,13,930,27.7
2017,10,29,14,610,27.3
2017,10,29,15,635,26.9
2017,10,29,16,435,26.3
2017,10,29,17,215,25.3
2017,10,29,18,31,23.7
2017,10,29,19,0,22.7
2017,10,29,20,0,22.4
2017,10,29,21,0,22.1
2017,10,29,22,0,21.8
2017,10,29,23,0,21.5
2017,10,30,0,0,21.1
2017,10,30,1,0,20.8
2017,10,30,2,0,20.5
2017,10,30,3,0,20.1
2017,10,30,4,0,19.9
2017,10,30,5,0,19.8
2017,10,30,6,160,21
2017,10,30,7,384,22.4
2017,10,30,8,606,24.4
2017,10,30,9,788,26.2
2017,10,30,10,917,27.4
2017,10,30,11,993,28.3
2017,10,30,12,1005,29.1
2017,10,30,13,946,29.3
2017,10,30,14,498,29
2017,10,30,15,241,28.3
2017,10,30,16,131,26.5
2017,10,30,17,11,24.5
2017,10,30,18,8,22.1
2017,10,30,19,0,20.3
2017,10,30,20,0,19
2017,10,30,21,0,17.7
2017,10,30,22,0,16.5
2017,10,30,23,0,15.6
2017,10,31,0,0,15.2
2017,10,31,1,0,15.2
2017,10,31,2,0,15.1
2017,10,31,3,0,14.9
2017,10,31,4,0,14.6
2017,10,31,5,0,14.3
2017,10,31,6,132,14.5
2017,10,31,7,219,15
2017,10,31,8,507,15.8
2017,10,31,9,500,16.6
2017,10,31,10,945,17.4
2017,10,31,11,1028,18
2017,10,31,12,1041,18.7
2017,10,31,13,977,18.9
2017,10,31,14,848,18.8
2017,10,31,15,663,18.3
2017,10,31,16,445,17.8
2017,10,31,17,218,17.4
2017,10,31,18,24,17
2017,10,31,19,0,16.7
2017,10,31,20,0,16.5
2017,10,31,21,0,16.3
2017,10,31,22,0,16.1
2017,10,31,23,0,15.9
2017,11,1,0,0,15.6
2017,11,1,1,0,15.3
2017,11,1,2,0,14.9
2017,11,1,3,0,14.6
2017,11,1,4,0,14.2
2017,11,1,5,0,13.9
2017,11,1,6,43,14.5
2017,11,1,7,316,15.1
2017,11,1,8,360,16.2
2017,11,1,9,423,17.2
2017,11,1,10,419,17.6
2017,11,1,11,1007,17.9
2017,11,1,12,1015,18.4
2017,11,1,13,952,19.1
2017,11,1,14,655,19.8
2017,11,1,15,277,20.1
2017,11,1,16,184,19.9
2017,11,1,17,148,19.4
2017,11,1,18,22,18.3
2017,11,1,19,0,17.7
2017,11,1,20,0,17.6
2017,11,1,21,0,17.4
2017,11,1,22,0,17.2
2017,11,1,23,0,17.1
2017,11,2,0,0,17.1
2017,11,2,1,0,17
2017,11,2,2,0,17
2017,11,2,3,0,16.9
2017,11,2,4,0,16.7
2017,11,2,5,0,16.7
2017,11,2,6,140,17.2
2017,11,2,7,384,17.9
2017,11,2,8,597,18.4
2017,11,2,9,194,19
2017,11,2,10,317,19.6
2017,11,2,11,712,20
2017,11,2,12,995,20.2
2017,11,2,13,935,20.5
2017,11,2,14,817,20.5
2017,11,2,15,646,20.1
2017,11,2,16,439,19.5
2017,11,2,17,158,18.8
2017,11,2,18,24,18
2017,11,2,19,0,17.5
2017,11,2,20,0,17.4
2017,11,2,21,0,17.4
2017,11,2,22,0,17.4
2017,11,2,23,0,17.4
2017,11,3,0,0,17.4
2017,11,3,1,0,17.4
2017,11,3,2,0,17.3
2017,11,3,3,0,17.2
2017,11,3,4,0,17
2017,11,3,5,0,16.8
2017,11,3,6,128,17.7
2017,11,3,7,386,19.2
2017,11,3,8,545,21
2017,11,3,9,663,22.7
2017,11,3,10,695,24.1
2017,11,3,11,1001,25.4
2017,11,3,12,317,26.5
2017,11,3,13,717,27.6
2017,11,3,14,284,28.2
2017,11,3,15,35,27.2
2017,11,3,16,28,24.8
2017,11,3,17,9,22.2
2017,11,3,18,4,20.1
2017,11,3,19,0,19.1
2017,11,3,20,0,18.7
2017,11,3,21,0,18.5
2017,11,3,22,0,18.3
2017,11,3,23,0,18
2017,11,4,0,0,17.5
2017,11,4,1,0,17.1
2017,11,4,2,0,16.9
2017,11,4,3,0,16.7
2017,11,4,4,0,16.4
2017,11,4,5,5,16.2
2017,11,4,6,65,16.1
2017,11,4,7,29,16.2
2017,11,4,8,50,16.6
2017,11,4,9,100,17.2
2017,11,4,10,107,17.5
2017,11,4,11,176,17.5
2017,11,4,12,219,17.3
2017,11,4,13,98,17.2
2017,11,4,14,54,17.3
2017,11,4,15,36,17.2
2017,11,4,16,95,17.1
2017,11,4,17,30,17
2017,11,4,18,9,16.7
2017,11,4,19,0,16.5
2017,11,4,20,0,16.5
2017,11,4,21,0,16.4
2017,11,4,22,0,16.3
2017,11,4,23,0,16.2
2017,11,5,0,0,16.1
2017,11,5,1,0,16
2017,11,5,2,0,15.8
2017,11,5,3,0,15.8
2017,11,5,4,0,15.8
2017,11,5,5,11,15.9
2017,11,5,6,12,16.3
2017,11,5,7,30,16.5
2017,11,5,8,139,16.8
2017,11,5,9,193,17.3
2017,11,5,10,99,17.8
2017,11,5,11,112,17.8
2017,11,5,12,193,17.9
2017,11,5,13,126,18.1
2017,11,5,14,71,18.2
2017,11,5,15,81,18.2
2017,11,5,16,36,18.1
2017,11,5,17,16,18
2017,11,5,18,4,17.7
2017,11,5,19,0,17.5
2017,11,5,20,0,17.5
2017,11,5,21,0,17.6
2017,11,5,22,0,17.6
2017,11,5,23,0,17.8
2017,11,6,0,0,17.9
2017,11,6,1,0,18
2017,11,6,2,0,17.9
2017,11,6,3,0,17.9
2017,11,6,4,0,17.9
2017,11,6,5,9,18.1
2017,11,6,6,8,18.4
2017,11,6,7,85,18.6
2017,11,6,8,68,18.8
2017,11,6,9,184,19.7
2017,11,6,10,597,21.4
2017,11,6,11,592,23.2
2017,11,6,12,78,24.9
2017,11,6,13,759,25.5
2017,11,6,14,596,25.5
2017,11,6,15,577,24.7
2017,11,6,16,474,22.7
2017,11,6,17,129,20.6
2017,11,6,18,52,18.6
2017,11,6,19,0,17.2
2017,11,6,20,0,16.4
2017,11,6,21,0,15.9
2017,11,6,22,0,15.6
2017,11,6,23,0,15.2
2017,11,7,0,0,15
2017,11,7,1,0,15.2
2017,11,7,2,0,15.3
2017,11,7,3,0,15.3
2017,11,7,4,0,15.1
2017,11,7,5,16,15.1
2017,11,7,6,155,16.1
2017,11,7,7,426,16.9
2017,11,7,8,651,17.6
2017,11,7,9,844,18.3
2017,11,7,10,980,18.8
2017,11,7,11,1058,19.2
2017,11,7,12,1060,19.3
2017,11,7,13,995,19.2
2017,11,7,14,869,18.9
2017,11,7,15,691,18.5
2017,11,7,16,475,18.2
2017,11,7,17,191,17.8
2017,11,7,18,37,17.3
2017,11,7,19,0,17.1
2017,11,7,20,0,16.9
2017,11,7,21,0,16.6
2017,11,7,22,0,16.3
2017,11,7,23,0,16.2
2017,11,8,0,0,16.1
2017,11,8,1,0,15.9
2017,11,8,2,0,15.8
2017,11,8,3,0,15.9
2017,11,8,4,0,15.9
2017,11,8,5,16,16
2017,11,8,6,144,16.8
2017,11,8,7,74,17.4
2017,11,8,8,302,18
2017,11,8,9,623,18.6
2017,11,8,10,958,19
2017,11,8,11,828,19.3
2017,11,8,12,1050,19.5
2017,11,8,13,995,19.5
2017,11,8,14,876,19.6
2017,11,8,15,705,19.5
2017,11,8,16,494,19.2
2017,11,8,17,266,18.8
2017,11,8,18,61,18
2017,11,8,19,0,17.2
2017,11,8,20,0,16.9
2017,11,8,21,0,16.8
2017,11,8,22,0,16.9
2017,11,8,23,0,17
2017,11,9,0,0,17.1
2017,11,9,1,0,16.9
2017,11,9,2,0,16.5
2017,11,9,3,0,15.9
2017,11,9,4,0,15.3
2017,11,9,5,19,15.1
2017,11,9,6,159,16.1
2017,11,9,7,427,17.6
2017,11,9,8,490,18.8
2017,11,9,9,834,19.9
2017,11,9,10,975,20.8
2017,11,9,11,1053,21.5
2017,11,9,12,1064,21.9
2017,11,9,13,1003,22.1
2017,11,9,14,882,22
2017,11,9,15,708,21.7
2017,11,9,16,496,21.1
2017,11,9,17,268,20.4
2017,11,9,18,61,19.2
2017,11,9,19,0,18.3
2017,11,9,20,0,17.8
2017,11,9,21,0,17.4
2017,11,9,22,0,17.1
2017,11,9,23,0,16.7
2017,11,10,0,0,16.4
2017,11,10,1,0,16.2
2017,11,10,2,0,16
2017,11,10,3,0,16
2017,11,10,4,0,16
2017,11,10,5,12,16.2
2017,11,10,6,154,17.1
2017,11,10,7,420,18.6
2017,11,10,8,638,19.9
2017,11,10,9,531,20.9
2017,11,10,10,464,21.8
2017,11,10,11,1045,22.3
2017,11,10,12,1055,22.5
2017,11,10,13,992,22.6
2017,11,10,14,872,22.4
2017,11,10,15,700,21.9
2017,11,10,16,488,21.3
2017,11,10,17,263,20.6
2017,11,10,18,23,19.6
2017,11,10,19,0,18.9
2017,11,10,20,0,18.6
2017,11,10,21,0,18.3
2017,11,10,22,0,18
2017,11,10,23,0,17.8
2017,11,11,0,0,17.7
2017,11,11,1,0,17.7
2017,11,11,2,0,17.8
2017,11,11,3,0,17.9
2017,11,11,4,0,18
2017,11,11,5,15,18
2017,11,11,6,160,18.6
2017,11,11,7,413,19.8
2017,11,11,8,628,20.7
2017,11,11,9,610,21.5
2017,11,11,10,950,22.1
2017,11,11,11,1025,22.5
2017,11,11,12,1035,22.7
2017,11,11,13,759,22.5
2017,11,11,14,673,22.3
2017,11,11,15,521,22
2017,11,11,16,441,21.5
2017,11,11,17,259,20.8
2017,11,11,18,34,19.8
2017,11,11,19,0,19.1
2017,11,11,20,0,18.8
2017,11,11,21,0,18.5
2017,11,11,22,0,18.1
2017,11,11,23,0,17.7
2017,11,12,0,0,17.4
2017,11,12,1,0,17.2
2017,11,12,2,0,17.1
2017,11,12,3,0,17
2017,11,12,4,0,16.9
2017,11,12,5,22,17.1
2017,11,12,6,65,18
2017,11,12,7,164,18.7
2017,11,12,8,645,19.4
2017,11,12,9,830,20.2
2017,11,12,10,970,20.9
2017,11,12,11,1047,21.4
2017,11,12,12,1060,21.7
2017,11,12,13,1003,21.6
2017,11,12,14,883,21.4
2017,11,12,15,710,20.9
2017,11,12,16,498,20.3
2017,11,12,17,271,19.6
2017,11,12,18,66,18.7
2017,11,12,19,0,18
2017,11,12,20,0,17.8
2017,11,12,21,0,17.5
2017,11,12,22,0,17.2
2017,11,12,23,0,17
2017,11,13,0,0,16.9
2017,11,13,1,0,16.8
2017,11,13,2,0,16.8
2017,11,13,3,0,16.9
2017,11,13,4,0,16.8
2017,11,13,5,16,16.8
2017,11,13,6,160,17.9
2017,11,13,7,203,18.8
2017,11,13,8,121,19.3
2017,11,13,9,262,19.9
2017,11,13,10,744,20.5
2017,11,13,11,1033,20.9
2017,11,13,12,1045,21.1
2017,11,13,13,984,21.1
2017,11,13,14,868,20.8
2017,11,13,15,698,20.5
2017,11,13,16,492,20
2017,11,13,17,269,19.4
2017,11,13,18,35,18.6
2017,11,13,19,0,17.9
2017,11,13,20,0,17.7
2017,11,13,21,0,17.5
2017,11,13,22,0,17.3
2017,11,13,23,0,17.2
2017,11,14,0,0,17.1
2017,11,14,1,0,17.1
2017,11,14,2,0,17.1
2017,11,14,3,0,17.1
2017,11,14,4,0,17.1
2017,11,14,5,26,17.3
2017,11,14,6,98,18.3
2017,11,14,7,437,19.6
2017,11,14,8,280,20.2
2017,11,14,9,472,20.9
2017,11,14,10,988,21.5
2017,11,14,11,1065,21.9
2017,11,14,12,1076,22.1
2017,11,14,13,1017,22
2017,11,14,14,894,21.7
2017,11,14,15,721,21.3
2017,11,14,16,507,20.9
2017,11,14,17,280,20.4
2017,11,14,18,73,19.7
2017,11,14,19,0,19
2017,11,14,20,0,18.8
2017,11,14,21,0,18.7
2017,11,14,22,0,18.6
2017,11,14,23,0,18.6
2017,11,15,0,0,18.5
2017,11,15,1,0,18.4
2017,11,15,2,0,18.2
2017,11,15,3,0,18
2017,11,15,4,0,17.8
2017,11,15,5,27,17.9
2017,11,15,6,213,19.2
2017,11,15,7,439,20.5
2017,11,15,8,657,21.6
2017,11,15,9,843,22.4
2017,11,15,10,980,23.1
2017,11,15,11,1056,23.6
2017,11,15,12,1067,23.9
2017,11,15,13,1009,23.9
2017,11,15,14,893,23.6
2017,11,15,15,720,23.1
2017,11,15,16,511,22.3
2017,11,15,17,283,21.5
2017,11,15,18,71,20.5
2017,11,15,19,0,19.9
2017,11,15,20,0,19.7
2017,11,15,21,0,19.5
2017,11,15,22,0,19.2
2017,11,15,23,0,19
2017,11,16,0,0,18.8
2017,11,16,1,0,18.5
2017,11,16,2,0,18.3
2017,11,16,3,0,18.2
2017,11,16,4,0,18.1
2017,11,16,5,26,18.3
2017,11,16,6,206,19.6
2017,11,16,7,429,20.7
2017,11,16,8,643,21.7
2017,11,16,9,825,22.5
2017,11,16,10,779,23.1
2017,11,16,11,847,23.4
2017,11,16,12,842,23.6
2017,11,16,13,598,23.5
2017,11,16,14,557,23.2
2017,11,16,15,195,22.7
2017,11,16,16,68,21.9
2017,11,16,17,12,21.1
2017,11,16,18,9,20.4
2017,11,16,19,0,20.2
2017,11,16,20,0,20.2
2017,11,16,21,0,20.2
2017,11,16,22,0,20
2017,11,16,23,0,19.8
2017,11,17,0,0,19.6
2017,11,17,1,0,19.5
2017,11,17,2,0,19.4
2017,11,17,3,0,19.4
2017,11,17,4,0,19.4
2017,11,17,5,21,19.7
2017,11,17,6,163,20.4
2017,11,17,7,285,21.2
2017,11,17,8,624,22
2017,11,17,9,804,22.7
2017,11,17,10,758,23.2
2017,11,17,11,711,23.4
2017,11,17,12,896,23.2
2017,11,17,13,584,22.9
2017,11,17,14,106,22.6
2017,11,17,15,298,22.2
2017,11,17,16,323,21.9
2017,11,17,17,229,21.4
2017,11,17,18,53,20.9
2017,11,17,19,0,20.5
2017,11,17,20,0,20.4
2017,11,17,21,0,20.3
2017,11,17,22,0,20.3
2017,11,17,23,0,20.2
2017,11,18,0,0,20.2
2017,11,18,1,0,20.1
2017,11,18,2,0,20
2017,11,18,3,0,19.9
2017,11,18,4,0,19.8
2017,11,18,5,20,19.9
2017,11,18,6,145,20.3
2017,11,18,7,282,20.6
2017,11,18,8,485,20.9
2017,11,18,9,246,21.4
2017,11,18,10,601,21.8
2017,11,18,11,510,21.8
2017,11,18,12,712,21.7
2017,11,18,13,540,21.7
2017,11,18,14,562,21.7
2017,11,18,15,322,21.6
2017,11,18,16,133,21.3
2017,11,18,17,57,20.9
2017,11,18,18,29,20.5
2017,11,18,19,0,20.1
2017,11,18,20,0,19.9
2017,11,18,21,0,19.8
2017,11,18,22,0,19.7
2017,11,18,23,0,19.5
2017,11,19,0,0,19.3
2017,11,19,1,0,19.2
2017,11,19,2,0,19.1
2017,11,19,3,0,19
2017,11,19,4,0,19
2017,11,19,5,27,19.1
2017,11,19,6,186,19.8
2017,11,19,7,382,20.4
2017,11,19,8,582,21
2017,11,19,9,761,21.7
2017,11,19,10,981,22.4
2017,11,19,11,1063,22.8
2017,11,19,12,1075,23
2017,11,19,13,1020,22.9
2017,11,19,14,902,22.7
2017,11,19,15,729,22.3
2017,11,19,16,133,21.7
2017,11,19,17,24,20.9
2017,11,19,18,85,20.1
2017,11,19,19,0,19.5
2017,11,19,20,0,19.3
2017,11,19,21,0,19
2017,11,19,22,0,18.7
2017,11,19,23,0,18.4
2017,11,20,0,0,18.3
2017,11,20,1,0,18.2
2017,11,20,2,0,18.1
2017,11,20,3,0,18.1
2017,11,20,4,0,18.1
2017,11,20,5,32,18.5
2017,11,20,6,151,19.4
2017,11,20,7,443,20.1
2017,11,20,8,656,20.8
2017,11,20,9,840,21.3
2017,11,20,10,972,21.7
2017,11,20,11,359,22.1
2017,11,20,12,587,22.4
2017,11,20,13,1010,22.5
2017,11,20,14,448,22.5
2017,11,20,15,727,22.2
2017,11,20,16,521,21.7
2017,11,20,17,296,21
2017,11,20,18,88,20.1
2017,11,20,19,0,19.4
2017,11,20,20,0,19
2017,11,20,21,0,18.7
2017,11,20,22,0,18.5
2017,11,20,23,0,18.3
2017,11,21,0,0,18.1
2017,11,21,1,0,18
2017,11,21,2,0,18
2017,11,21,3,0,18.1
2017,11,21,4,0,18.2
2017,11,21,5,11,18.5
2017,11,21,6,223,19.5
2017,11,21,7,198,20.3
2017,11,21,8,401,21
2017,11,21,9,465,21.6
2017,11,21,10,670,22.1
2017,11,21,11,180,22.5
2017,11,21,12,1081,22.8
2017,11,21,13,1024,22.8
2017,11,21,14,907,22.6
2017,11,21,15,738,22.3
2017,11,21,16,530,21.8
2017,11,21,17,302,21.2
2017,11,21,18,91,20.4
2017,11,21,19,0,19.6
2017,11,21,20,0,19.4
2017,11,21,21,0,19.2
2017,11,21,22,0,19.1
2017,11,21,23,0,18.9
2017,11,22,0,0,18.7
2017,11,22,1,0,18.5
2017,11,22,2,0,18.5
2017,11,22,3,0,18.5
2017,11,22,4,0,18.5
2017,11,22,5,7,18.8
2017,11,22,6,45,19.7
2017,11,22,7,72,20.5
2017,11,22,8,171,21.2
2017,11,22,9,73,22
2017,11,22,10,967,22.6
2017,11,22,11,1044,23
2017,11,22,12,1056,23.2
2017,11,22,13,1002,23.2
2017,11,22,14,886,23
2017,11,22,15,717,22.6
2017,11,22,16,513,21.9
2017,11,22,17,293,21.2
2017,11,22,18,43,20.3
2017,11,22,19,0,19.7
2017,11,22,20,0,19.5
2017,11,22,21,0,19.3
2017,11,22,22,0,19.2
2017,11,22,23,0,19.1
2017,11,23,0,0,19.1
2017,11,23,1,0,18.9
2017,11,23,2,0,18.8
2017,11,23,3,0,18.8
2017,11,23,4,0,18.8
2017,11,23,5,29,19.1
2017,11,23,6,208,19.9
2017,11,23,7,428,20.9
2017,11,23,8,643,21.9
2017,11,23,9,827,22.9
2017,11,23,10,964,23.6
2017,11,23,11,1041,24.1
2017,11,23,12,1053,24.4
2017,11,23,13,1000,24.3
2017,11,23,14,885,24.1
2017,11,23,15,718,23.8
2017,11,23,16,509,23.3
2017,11,23,17,273,22.6
2017,11,23,18,87,21.7
2017,11,23,19,0,20.9
2017,11,23,20,0,20.5
2017,11,23,21,0,20.3
2017,11,23,22,0,20.1
2017,11,23,23,0,19.8
2017,11,24,0,0,19.5
2017,11,24,1,0,19.2
2017,11,24,2,0,19
2017,11,24,3,0,18.9
2017,11,24,4,0,18.8
2017,11,24,5,29,19
2017,11,24,6,202,20.1
2017,11,24,7,416,21.5
2017,11,24,8,626,23
2017,11,24,9,808,24.4
2017,11,24,10,963,25.5
2017,11,24,11,1040,26.1
2017,11,24,12,1052,26.2
2017,11,24,13,994,26
2017,11,24,14,764,25.7
2017,11,24,15,510,25.2
2017,11,24,16,166,24.6
2017,11,24,17,72,23.8
2017,11,24,18,90,22.7
2017,11,24,19,0,21.6
2017,11,24,20,0,21.1
2017,11,24,21,0,20.8
2017,11,24,22,0,20.5
2017,11,24,23,0,20.2
2017,11,25,0,0,19.9
2017,11,25,1,0,19.6
2017,11,25,2,0,19.4
2017,11,25,3,0,19.2
2017,11,25,4,0,19.1
2017,11,25,5,33,19.4
2017,11,25,6,216,20.7
2017,11,25,7,440,22
2017,11,25,8,655,23.2
2017,11,25,9,841,24.1
2017,11,25,10,980,24.7
2017,11,25,11,1061,25.1
2017,11,25,12,1074,25.2
2017,11,25,13,1020,25.1
2017,11,25,14,907,24.8
2017,11,25,15,739,24.3
2017,11,25,16,534,23.8
2017,11,25,17,310,23
2017,11,25,18,100,22.2
2017,11,25,19,0,21.3
2017,11,25,20,0,20.9
2017,11,25,21,0,20.6
2017,11,25,22,0,20.5
2017,11,25,23,0,20.5
2017,11,26,0,0,20.4
2017,11,26,1,0,20.2
2017,11,26,2,0,20.1
2017,11,26,3,0,20.1
2017,11,26,4,0,20.1
2017,11,26,5,35,20.3
2017,11,26,6,219,21.5
2017,11,26,7,440,22.7
2017,11,26,8,654,23.6
2017,11,26,9,837,24.4
2017,11,26,10,972,25
2017,11,26,11,923,25.5
2017,11,26,12,1058,25.9
2017,11,26,13,999,25.8
2017,11,26,14,882,25.3
2017,11,26,15,714,24.7
2017,11,26,16,460,23.9
2017,11,26,17,184,23.1
2017,11,26,18,46,22.1
2017,11,26,19,0,21.6
2017,11,26,20,0,21.5
2017,11,26,21,0,21.5
2017,11,26,22,0,21.4
2017,11,26,23,0,21.3
2017,11,27,0,0,21.1
2017,11,27,1,0,21
2017,11,27,2,0,20.9
2017,11,27,3,0,20.9
2017,11,27,4,0,20.8
2017,11,27,5,15,20.9
2017,11,27,6,85,21.2
2017,11,27,7,236,21.6
2017,11,27,8,426,21.9
2017,11,27,9,167,22.4
2017,11,27,10,409,23
2017,11,27,11,465,23.4
2017,11,27,12,522,23.5
2017,11,27,13,500,23.6
2017,11,27,14,373,23.7
2017,11,27,15,543,23.6
2017,11,27,16,503,23.4
2017,11,27,17,237,23
2017,11,27,18,72,22.4
2017,11,27,19,0,21.5
2017,11,27,20,0,21.1
2017,11,27,21,0,20.8
2017,11,27,22,0,20.5
2017,11,27,23,0,20.3
2017,11,28,0,0,20.1
2017,11,28,1,0,20
2017,11,28,2,0,20
2017,11,28,3,0,20
2017,11,28,4,0,20
2017,11,28,5,27,20.3
2017,11,28,6,178,21.2
2017,11,28,7,424,22.2
2017,11,28,8,632,23.2
2017,11,28,9,599,24
2017,11,28,10,769,24.5
2017,11,28,11,581,24.7
2017,11,28,12,634,24.7
2017,11,28,13,795,24.6
2017,11,28,14,881,24.4
2017,11,28,15,719,24.1
2017,11,28,16,519,23.6
2017,11,28,17,265,23
2017,11,28,18,54,22.2
2017,11,28,19,0,21.6
2017,11,28,20,0,21.3
2017,11,28,21,0,21.1
2017,11,28,22,0,20.9
2017,11,28,23,0,20.8
2017,11,29,0,0,20.8
2017,11,29,1,0,20.7
2017,11,29,2,0,20.6
2017,11,29,3,0,20.4
2017,11,29,4,0,20.4
2017,11,29,5,28,20.8
2017,11,29,6,170,21.5
2017,11,29,7,176,22.2
2017,11,29,8,218,23.2
2017,11,29,9,736,24
2017,11,29,10,877,24.5
2017,11,29,11,920,24.8
2017,11,29,12,944,24.9
2017,11,29,13,811,24.9
2017,11,29,14,662,24.7
2017,11,29,15,572,24.4
2017,11,29,16,413,23.9
2017,11,29,17,267,23.2
2017,11,29,18,62,22.5
2017,11,29,19,0,21.8
2017,11,29,20,0,21.5
2017,11,29,21,0,21.2
2017,11,29,22,0,21
2017,11,29,23,0,20.9
2017,11,30,0,0,20.9
2017,11,30,1,0,20.9
2017,11,30,2,0,20.7
2017,11,30,3,0,20.4
2017,11,30,4,0,20.3
2017,11,30,5,28,20.7
2017,11,30,6,182,21.8
2017,11,30,7,434,22.7
2017,11,30,8,643,23.8
2017,11,30,9,824,24.6
2017,11,30,10,962,25.2
2017,11,30,11,1039,25.5
2017,11,30,12,1053,25.6
2017,11,30,13,997,25.6
2017,11,30,14,887,25.4
2017,11,30,15,725,25.1
2017,11,30,16,523,24.6
2017,11,30,17,306,23.9
2017,11,30,18,104,23
2017,11,30,19,0,22.3
2017,11,30,20,0,22
2017,11,30,21,0,21.9
2017,11,30,22,0,21.8
2017,11,30,23,0,21.6
2017,12,1,0,0,21.4
2017,12,1,1,0,21.2
2017,12,1,2,0,21
2017,12,1,3,0,20.8
2017,12,1,4,0,20.7
2017,12,1,5,32,21
2017,12,1,6,207,22
2017,12,1,7,424,23.2
2017,12,1,8,635,24.4
2017,12,1,9,818,25.5
2017,12,1,10,959,26.4
2017,12,1,11,1039,27.1
2017,12,1,12,1053,27.5
2017,12,1,13,995,27.6
2017,12,1,14,879,27.4
2017,12,1,15,713,27
2017,12,1,16,432,26.1
2017,12,1,17,249,25
2017,12,1,18,96,23.8
2017,12,1,19,0,23.1
2017,12,1,20,0,22.9
2017,12,1,21,0,22.7
2017,12,1,22,0,22.6
2017,12,1,23,0,22.5
2017,12,2,0,0,22.4
2017,12,2,1,0,22.4
2017,12,2,2,0,22.4
2017,12,2,3,0,22.3
2017,12,2,4,0,22.3
2017,12,2,5,32,22.6
2017,12,2,6,201,23.2
2017,12,2,7,81,24.6
2017,12,2,8,419,25.8
2017,12,2,9,588,26.3
2017,12,2,10,693,26.9
2017,12,2,11,375,26.9
2017,12,2,12,599,26.5
2017,12,2,13,386,25.6
2017,12,2,14,67,24.6
2017,12,2,15,183,24.2
2017,12,2,16,195,23.5
2017,12,2,17,52,22.3
2017,12,2,18,47,21.7
2017,12,2,19,0,21.7
2017,12,2,20,0,21.5
2017,12,2,21,0,20.8
2017,12,2,22,0,20.1
2017,12,2,23,0,19.4
2017,12,3,0,0,18.7
2017,12,3,1,0,18.3
2017,12,3,2,0,18.1
2017,12,3,3,0,17.9
2017,12,3,4,0,17.7
2017,12,3,5,39,18.1
2017,12,3,6,227,18.9
2017,12,3,7,451,20
2017,12,3,8,668,21.1
2017,12,3,9,854,22.4
2017,12,3,10,994,23.6
2017,12,3,11,1073,24.6
2017,12,3,12,1089,25.9
2017,12,3,13,1037,26.6
2017,12,3,14,923,26.3
2017,12,3,15,757,25.6
2017,12,3,16,551,24.8
2017,12,3,17,325,23.7
2017,12,3,18,115,22.2
2017,12,3,19,0,21.2
2017,12,3,20,0,20.8
2017,12,3,21,0,20.5
2017,12,3,22,0,20.3
2017,12,3,23,0,20.1
2017,12,4,0,0,20
2017,12,4,1,0,19.5
2017,12,4,2,0,19
2017,12,4,3,0,18.6
2017,12,4,4,0,18.2
2017,12,4,5,8,18.2
2017,12,4,6,47,18.5
2017,12,4,7,280,18.7
2017,12,4,8,201,18.8
2017,12,4,9,219,19.1
2017,12,4,10,101,19.3
2017,12,4,11,120,19.5
2017,12,4,12,257,19.7
2017,12,4,13,78,19.9
2017,12,4,14,290,20.1
2017,12,4,15,130,20
2017,12,4,16,111,19.6
2017,12,4,17,155,19.2
2017,12,4,18,71,18.8
2017,12,4,19,0,18.7
2017,12,4,20,0,18.7
2017,12,4,21,0,18.8
2017,12,4,22,0,18.9
2017,12,4,23,0,19
2017,12,5,0,0,19.2
2017,12,5,1,0,19.2
2017,12,5,2,0,19
2017,12,5,3,0,18.8
2017,12,5,4,0,18.5
2017,12,5,5,3,18.3
2017,12,5,6,14,18.2
2017,12,5,7,105,18.5
2017,12,5,8,297,19.3
2017,12,5,9,280,20.1
2017,12,5,10,761,20.4
2017,12,5,11,918,20.7
2017,12,5,12,697,20.9
2017,12,5,13,837,20.9
2017,12,5,14,802,20.7
2017,12,5,15,640,20.3
2017,12,5,16,297,20
2017,12,5,17,50,19.8
2017,12,5,18,49,19.4
2017,12,5,19,0,19
2017,12,5,20,0,18.8
2017,12,5,21,0,18.7
2017,12,5,22,0,18.7
2017,12,5,23,0,18.7
2017,12,6,0,0,18.7
2017,12,6,1,0,18.6
2017,12,6,2,0,18.5
2017,12,6,3,0,18.4
2017,12,6,4,0,18.3
2017,12,6,5,3,18.2
2017,12,6,6,14,18.3
2017,12,6,7,33,18.5
2017,12,6,8,275,18.9
2017,12,6,9,484,19.5
2017,12,6,10,971,20.4
2017,12,6,11,1057,21.5
2017,12,6,12,1079,22.6
2017,12,6,13,91,23.3
2017,12,6,14,411,23.5
2017,12,6,15,631,23.5
2017,12,6,16,463,23.3
2017,12,6,17,108,23
2017,12,6,18,34,22.4
2017,12,6,19,0,21.5
2017,12,6,20,0,21
2017,12,6,21,0,20.7
2017,12,6,22,0,20.4
2017,12,6,23,0,20
2017,12,7,0,0,19.5
2017,12,7,1,0,19.1
2017,12,7,2,0,18.7
2017,12,7,3,0,18.3
2017,12,7,4,0,18
2017,12,7,5,39,18.3
2017,12,7,6,226,19.5
2017,12,7,7,448,21.7
2017,12,7,8,663,23.9
2017,12,7,9,849,25.3
2017,12,7,10,991,26.3
2017,12,7,11,1074,27.5
2017,12,7,12,781,28.5
2017,12,7,13,870,28.9
2017,12,7,14,609,28.6
2017,12,7,15,123,28.1
2017,12,7,16,372,27.4
2017,12,7,17,213,26.6
2017,12,7,18,30,25.2
2017,12,7,19,0,23.8
2017,12,7,20,0,23
2017,12,7,21,0,22.5
2017,12,7,22,0,22.1
2017,12,7,23,0,21.9
2017,12,8,0,0,21.7
2017,12,8,1,0,21.2
2017,12,8,2,0,20.7
2017,12,8,3,0,20.3
2017,12,8,4,0,20.2
2017,12,8,5,11,20.7
2017,12,8,6,48,20.9
2017,12,8,7,65,20.4
2017,12,8,8,582,20.3
2017,12,8,9,412,21.8
2017,12,8,10,637,23.8
2017,12,8,11,1035,25.1
2017,12,8,12,1048,25.5
2017,12,8,13,867,24.4
2017,12,8,14,233,22.9
2017,12,8,15,723,21.8
2017,12,8,16,290,21
2017,12,8,17,279,20.2
2017,12,8,18,49,19.4
2017,12,8,19,0,19
2017,12,8,20,0,18.9
2017,12,8,21,0,18.8
2017,12,8,22,0,18.8
2017,12,8,23,0,18.7
2017,12,9,0,0,18.7
2017,12,9,1,0,18.7
2017,12,9,2,0,18.6
2017,12,9,3,0,18.5
2017,12,9,4,0,18.5
2017,12,9,5,17,18.9
2017,12,9,6,120,19.6
2017,12,9,7,141,20.2
2017,12,9,8,296,20.9
2017,12,9,9,328,21.4
2017,12,9,10,690,21.9
2017,12,9,11,1058,22.4
2017,12,9,12,641,22.9
2017,12,9,13,1031,23.2
2017,12,9,14,850,23.2
2017,12,9,15,758,22.9
2017,12,9,16,554,22.4
2017,12,9,17,336,21.7
2017,12,9,18,129,20.8
2017,12,9,19,0,20
2017,12,9,20,0,19.6
2017,12,9,21,0,19.3
2017,12,9,22,0,19
2017,12,9,23,0,18.8
2017,12,10,0,0,18.8
2017,12,10,1,0,18.8
2017,12,10,2,0,18.8
2017,12,10,3,0,18.7
2017,12,10,4,0,18.7
2017,12,10,5,28,19.1
2017,12,10,6,180,20.2
2017,12,10,7,434,21.3
2017,12,10,8,648,22.2
2017,12,10,9,835,23
2017,12,10,10,978,23.7
2017,12,10,11,1061,24.1
2017,12,10,12,1083,24.4
2017,12,10,13,1036,24.5
2017,12,10,14,928,24.5
2017,12,10,15,768,24.2
2017,12,10,16,566,23.6
2017,12,10,17,347,22.9
2017,12,10,18,134,21.9
2017,12,10,19,0,20.9
2017,12,10,20,0,20.4
2017,12,10,21,0,20.2
2017,12,10,22,0,19.9
2017,12,10,23,0,19.7
2017,12,11,0,0,19.4
2017,12,11,1,0,19.2
2017,12,11,2,0,19
2017,12,11,3,0,18.9
2017,12,11,4,0,18.8
2017,12,11,5,35,19.2
2017,12,11,6,214,20.5
2017,12,11,7,433,22
2017,12,11,8,647,23.2
2017,12,11,9,833,24.2
2017,12,11,10,977,25
2017,12,11,11,1061,25.5
2017,12,11,12,1079,25.7
2017,12,11,13,1028,25.6
2017,12,11,14,920,25.2
2017,12,11,15,759,24.7
2017,12,11,16,560,23.9
2017,12,11,17,341,22.9
2017,12,11,18,92,22
2017,12,11,19,0,21.1
2017,12,11,20,0,20.8
2017,12,11,21,0,20.6
2017,12,11,22,0,20.5
2017,12,11,23,0,20.4
2017,12,12,0,0,20.4
2017,12,12,1,0,20.4
2017,12,12,2,0,20.4
2017,12,12,3,0,20.4
2017,12,12,4,0,20.3
2017,12,12,5,32,20.7
2017,12,12,6,150,21.9
2017,12,12,7,363,22.8
2017,12,12,8,636,23.6
2017,12,12,9,821,24.3
2017,12,12,10,967,25.1
2017,12,12,11,1050,25.6
2017,12,12,12,1071,25.9
2017,12,12,13,1026,26
2017,12,12,14,919,25.7
2017,12,12,15,760,25.2
2017,12,12,16,560,24.4
2017,12,12,17,342,23.4
2017,12,12,18,133,22.3
2017,12,12,19,0,21.6
2017,12,12,20,0,21.3
2017,12,12,21,0,21.2
2017,12,12,22,0,21
2017,12,12,23,0,20.9
2017,12,13,0,0,20.7
2017,12,13,1,0,20.5
2017,12,13,2,0,20.2
2017,12,13,3,0,20
2017,12,13,4,0,19.9
2017,12,13,5,32,20.3
2017,12,13,6,208,21.5
2017,12,13,7,428,22.7
2017,12,13,8,645,23.9
2017,12,13,9,835,25.2
2017,12,13,10,981,26.6
2017,12,13,11,1063,27.7
2017,12,13,12,1082,28.3
2017,12,13,13,1020,28.4
2017,12,13,14,909,28.2
2017,12,13,15,745,27.8
2017,12,13,16,544,27
2017,12,13,17,328,25.9
2017,12,13,18,125,24.5
2017,12,13,19,0,23.5
2017,12,13,20,0,23.1
2017,12,13,21,0,23
2017,12,13,22,0,22.6
2017,12,13,23,0,22.2
2017,12,14,0,0,21.9
2017,12,14,1,0,21.5
2017,12,14,2,0,21.2
2017,12,14,3,0,21
2017,12,14,4,0,20.8
2017,12,14,5,29,21.2
2017,12,14,6,201,22.5
2017,12,14,7,419,24.4
2017,12,14,8,632,26.7
2017,12,14,9,819,29.2
2017,12,14,10,967,31.3
2017,12,14,11,1049,32.7
2017,12,14,12,1069,33.4
2017,12,14,13,1022,33.3
2017,12,14,14,911,32.9
2017,12,14,15,750,32.1
2017,12,14,16,483,30.8
2017,12,14,17,287,29
2017,12,14,18,47,27.2
2017,12,14,19,0,25.7
2017,12,14,20,0,24.8
2017,12,14,21,0,24.2
2017,12,14,22,0,23.8
2017,12,14,23,0,23.4
2017,12,15,0,0,23
2017,12,15,1,0,22.6
2017,12,15,2,0,22.3
2017,12,15,3,0,22.1
2017,12,15,4,0,22
2017,12,15,5,5,22
2017,12,15,6,24,22.2
2017,12,15,7,60,22.5
2017,12,15,8,182,23
2017,12,15,9,128,23.3
2017,12,15,10,233,23.4
2017,12,15,11,586,23
2017,12,15,12,251,22.7
2017,12,15,13,527,22.8
2017,12,15,14,169,23
2017,12,15,15,90,23.1
2017,12,15,16,326,23
2017,12,15,17,33,22.8
2017,12,15,18,7,22.6
2017,12,15,19,0,22.2
2017,12,15,20,0,22
2017,12,15,21,0,21.9
2017,12,15,22,0,21.9
2017,12,15,23,0,21.9
2017,12,16,0,0,21.9
2017,12,16,1,0,21.9
2017,12,16,2,0,21.7
2017,12,16,3,0,21.6
2017,12,16,4,0,21.7
2017,12,16,5,20,21.9
2017,12,16,6,187,22.6
2017,12,16,7,377,23.8
2017,12,16,8,550,25
2017,12,16,9,797,26.5
2017,12,16,10,955,27.9
2017,12,16,11,1041,28.9
2017,12,16,12,1062,29.3
2017,12,16,13,1015,29.1
2017,12,16,14,900,28.8
2017,12,16,15,733,28
2017,12,16,16,543,26.7
2017,12,16,17,326,25.3
2017,12,16,18,103,24.2
2017,12,16,19,0,23.4
2017,12,16,20,0,23
2017,12,16,21,0,22.8
2017,12,16,22,0,22.6
2017,12,16,23,0,22.4
2017,12,17,0,0,22.2
2017,12,17,1,0,21.9
2017,12,17,2,0,21.7
2017,12,17,3,0,21.6
2017,12,17,4,0,21.6
2017,12,17,5,25,22
2017,12,17,6,187,22.5
2017,12,17,7,195,23
2017,12,17,8,314,23.8
2017,12,17,9,144,24.6
2017,12,17,10,419,25.2
2017,12,17,11,893,25.6
2017,12,17,12,379,25.7
2017,12,17,13,229,25.7
2017,12,17,14,568,25.3
2017,12,17,15,395,24.5
2017,12,17,16,302,23.6
2017,12,17,17,252,22.8
2017,12,17,18,69,22.3
2017,12,17,19,0,21.9
2017,12,17,20,0,21.8
2017,12,17,21,0,21.7
2017,12,17,22,0,21.6
2017,12,17,23,0,21.5
2017,12,18,0,0,21.5
2017,12,18,1,0,21.4
2017,12,18,2,0,21.2
2017,12,18,3,0,21.2
2017,12,18,4,0,21.2
2017,12,18,5,20,21.5
2017,12,18,6,91,22
2017,12,18,7,317,22.4
2017,12,18,8,591,23.2
2017,12,18,9,667,24.3
2017,12,18,10,338,25.5
2017,12,18,11,406,26.6
2017,12,18,12,342,27.2
2017,12,18,13,843,27.3
2017,12,18,14,539,26.7
2017,12,18,15,245,25.8
2017,12,18,16,283,24.9
2017,12,18,17,275,24.1
2017,12,18,18,53,23.4
2017,12,18,19,0,23.2
2017,12,18,20,0,23.1
2017,12,18,21,0,23
2017,12,18,22,0,23
2017,12,18,23,0,23
2017,12,19,0,0,22.8
2017,12,19,1,0,22.6
2017,12,19,2,0,22.3
2017,12,19,3,0,22
2017,12,19,4,0,21.8
2017,12,19,5,11,22.2
2017,12,19,6,86,23.3
2017,12,19,7,140,24.6
2017,12,19,8,197,25.9
2017,12,19,9,670,27.5
2017,12,19,10,934,29.3
2017,12,19,11,917,31
2017,12,19,12,938,32.1
2017,12,19,13,862,32.7
2017,12,19,14,685,32.9
2017,12,19,15,513,32.6
2017,12,19,16,389,31.7
2017,12,19,17,304,30.4
2017,12,19,18,66,28.6
2017,12,19,19,0,27.2
2017,12,19,20,0,26.7
2017,12,19,21,0,26.6
2017,12,19,22,0,26.7
2017,12,19,23,0,26.7
2017,12,20,0,0,26.4
2017,12,20,1,0,26
2017,12,20,2,0,25.8
2017,12,20,3,0,26.1
2017,12,20,4,0,26.6
2017,12,20,5,19,27.4
2017,12,20,6,171,28.8
2017,12,20,7,333,29.9
2017,12,20,8,567,31.4
2017,12,20,9,618,33
2017,12,20,10,700,33.5
2017,12,20,11,890,32.9
2017,12,20,12,874,32.1
2017,12,20,13,842,30.4
2017,12,20,14,526,28
2017,12,20,15,54,26
2017,12,20,16,31,24.6
2017,12,20,17,16,23.8
2017,12,20,18,121,23.1
2017,12,20,19,0,22.7
2017,12,20,20,0,22.4
2017,12,20,21,0,22.2
2017,12,20,22,0,22.1
2017,12,20,23,0,21.9
2017,12,21,0,0,21.8
2017,12,21,1,0,21.6
2017,12,21,2,0,21.4
2017,12,21,3,0,21.1
2017,12,21,4,0,20.8
2017,12,21,5,15,21
2017,12,21,6,102,21.4
2017,12,21,7,257,22.1
2017,12,21,8,321,22.6
2017,12,21,9,290,23
2017,12,21,10,330,23.2
2017,12,21,11,369,23.4
2017,12,21,12,460,23.4
2017,12,21,13,375,23.5
2017,12,21,14,252,23.4
2017,12,21,15,256,23.3
2017,12,21,16,117,22.8
2017,12,21,17,113,22.3
2017,12,21,18,51,21.8
2017,12,21,19,0,21.4
2017,12,21,20,0,21.2
2017,12,21,21,0,20.9
2017,12,21,22,0,20.7
2017,12,21,23,0,20.5
2017,12,22,0,0,20.4
2017,12,22,1,0,20.3
2017,12,22,2,0,20.3
2017,12,22,3,0,20.3
2017,12,22,4,0,20.4
2017,12,22,5,23,21
2017,12,22,6,106,21.7
2017,12,22,7,221,22.4
2017,12,22,8,391,23.3
2017,12,22,9,364,24
2017,12,22,10,769,24.4
2017,12,22,11,618,24.5
2017,12,22,12,851,24.5
2017,12,22,13,703,24.4
2017,12,22,14,913,24.3
2017,12,22,15,761,24
2017,12,22,16,569,23.7
2017,12,22,17,355,23.2
2017,12,22,18,147,22.5
2017,12,22,19,0,22
2017,12,22,20,0,21.7
2017,12,22,21,0,21.5
2017,12,22,22,0,21.4
2017,12,22,23,0,21.2
2017,12,23,0,0,21
2017,12,23,1,0,20.8
2017,12,23,2,0,20.6
2017,12,23,3,0,20.5
2017,12,23,4,0,20.4
2017,12,23,5,24,20.8
2017,12,23,6,188,21.8
2017,12,23,7,403,23.2
2017,12,23,8,618,24.6
2017,12,23,9,809,26.2
2017,12,23,10,966,28.1
2017,12,23,11,1056,29.4
2017,12,23,12,1081,29.6
2017,12,23,13,1038,29.3
2017,12,23,14,932,28.9
2017,12,23,15,773,28.1
2017,12,23,16,576,27.2
2017,12,23,17,359,26
2017,12,23,18,72,24.5
2017,12,23,19,0,23.4
2017,12,23,20,0,23
2017,12,23,21,0,22.8
2017,12,23,22,0,22.6
2017,12,23,23,0,22.5
2017,12,24,0,0,22.3
2017,12,24,1,0,22.1
2017,12,24,2,0,22.1
2017,12,24,3,0,21.9
2017,12,24,4,0,21.8
2017,12,24,5,22,22.3
2017,12,24,6,185,23.6
2017,12,24,7,403,25.4
2017,12,24,8,618,27.9
2017,12,24,9,708,30.5
2017,12,24,10,944,32.4
2017,12,24,11,929,33.9
2017,12,24,12,467,34.6
2017,12,24,13,467,31.9
2017,12,24,14,74,28.9
2017,12,24,15,65,27.8
2017,12,24,16,452,26.6
2017,12,24,17,342,25.2
2017,12,24,18,142,23.9
2017,12,24,19,0,23
2017,12,24,20,0,22.3
2017,12,24,21,0,21.7
2017,12,24,22,0,21.1
2017,12,24,23,0,20.4
2017,12,25,0,0,19.8
2017,12,25,1,0,19.4
2017,12,25,2,0,19.2
2017,12,25,3,0,19.2
2017,12,25,4,0,19.2
2017,12,25,5,3,19.5
2017,12,25,6,9,19.9
2017,12,25,7,80,20.4
2017,12,25,8,46,20.9
2017,12,25,9,102,21.3
2017,12,25,10,439,21.7
2017,12,25,11,383,22.1
2017,12,25,12,172,22.1
2017,12,25,13,122,22
2017,12,25,14,186,21.9
2017,12,25,15,149,21.7
2017,12,25,16,83,21.5
2017,12,25,17,84,21.1
2017,12,25,18,153,20.7
2017,12,25,19,0,20.4
2017,12,25,20,0,20.4
2017,12,25,21,0,20.5
2017,12,25,22,0,20.5
2017,12,25,23,0,20.5
2017,12,26,0,0,20.5
2017,12,26,1,0,20.5
2017,12,26,2,0,20.5
2017,12,26,3,0,20.5
2017,12,26,4,0,20.5
2017,12,26,5,21,20.9
2017,12,26,6,183,21.3
2017,12,26,7,392,21.8
2017,12,26,8,84,22
2017,12,26,9,176,22.1
2017,12,26,10,207,22.3
2017,12,26,11,254,22.4
2017,12,26,12,270,22.4
2017,12,26,13,529,22.4
2017,12,26,14,173,22.4
2017,12,26,15,182,22.3
2017,12,26,16,208,22.1
2017,12,26,17,133,21.9
2017,12,26,18,154,21.6
2017,12,26,19,0,21.2
2017,12,26,20,0,20.9
2017,12,26,21,0,20.7
2017,12,26,22,0,20.6
2017,12,26,23,0,20.5
2017,12,27,0,0,20.4
2017,12,27,1,0,20.4
2017,12,27,2,0,20.5
2017,12,27,3,0,20.6
2017,12,27,4,0,20.7
2017,12,27,5,13,21.2
2017,12,27,6,135,22.2
2017,12,27,7,401,23.1
2017,12,27,8,615,23.8
2017,12,27,9,805,24.3
2017,12,27,10,943,24.6
2017,12,27,11,1034,24.8
2017,12,27,12,1063,24.7
2017,12,27,13,902,24.7
2017,12,27,14,936,24.7
2017,12,27,15,785,24.6
2017,12,27,16,592,24.2
2017,12,27,17,376,23.7
2017,12,27,18,162,22.9
2017,12,27,19,11,22.2
2017,12,27,20,0,21.8
2017,12,27,21,0,21.6
2017,12,27,22,0,21.3
2017,12,27,23,0,21
2017,12,28,0,0,20.7
2017,12,28,1,0,20.4
2017,12,28,2,0,20.2
2017,12,28,3,0,20
2017,12,28,4,0,19.8
2017,12,28,5,22,20.3
2017,12,28,6,188,21.7
2017,12,28,7,403,23.1
2017,12,28,8,592,24.3
2017,12,28,9,620,25.5
2017,12,28,10,751,26.3
2017,12,28,11,902,26.9
2017,12,28,12,885,27.1
2017,12,28,13,848,27
2017,12,28,14,751,26.6
2017,12,28,15,716,26.2
2017,12,28,16,579,26.1
2017,12,28,17,364,25.7
2017,12,28,18,155,24.9
2017,12,28,19,10,23.8
2017,12,28,20,0,23.2
2017,12,28,21,0,22.9
2017,12,28,22,0,22.7
2017,12,28,23,0,22.5
2017,12,29,0,0,22.3
2017,12,29,1,0,22
2017,12,29,2,0,21.8
2017,12,29,3,0,21.6
2017,12,29,4,0,21.5
2017,12,29,5,14,21.8
2017,12,29,6,152,23
2017,12,29,7,368,24.3
2017,12,29,8,573,25.7
2017,12,29,9,694,27.4
2017,12,29,10,818,28.9
2017,12,29,11,1020,29.7
2017,12,29,12,962,29.9
2017,12,29,13,914,29.6
2017,12,29,14,895,29
2017,12,29,15,379,28.4
2017,12,29,16,173,27.3
2017,12,29,17,95,26.1
2017,12,29,18,54,25
2017,12,29,19,8,24.3
2017,12,29,20,0,24.1
2017,12,29,21,0,24
2017,12,29,22,0,23.9
2017,12,29,23,0,23.8
2017,12,30,0,0,23.6
2017,12,30,1,0,23.4
2017,12,30,2,0,23.4
2017,12,30,3,0,23.3
2017,12,30,4,0,23.2
2017,12,30,5,3,23.1
2017,12,30,6,9,23.1
2017,12,30,7,18,23.3
2017,12,30,8,119,24.2
2017,12,30,9,373,26.2
2017,12,30,10,659,28
2017,12,30,11,1026,30
2017,12,30,12,1055,30.7
2017,12,30,13,1018,29.9
2017,12,30,14,920,29
2017,12,30,15,771,27.9
2017,12,30,16,578,26.6
2017,12,30,17,361,25.3
2017,12,30,18,152,23.9
2017,12,30,19,9,22.7
2017,12,30,20,0,22.1
2017,12,30,21,0,21.8
2017,12,30,22,0,21.5
2017,12,30,23,0,21.2
2017,12,31,0,0,20.9
2017,12,31,1,0,20.8
2017,12,31,2,0,20.7
2017,12,31,3,0,20.6
2017,12,31,4,0,20.6
2017,12,31,5,17,20.9
2017,12,31,6,176,21.3
2017,12,31,7,327,21.9
2017,12,31,8,410,22.7
2017,12,31,9,797,23.3
2017,12,31,10,932,23.8
2017,12,31,11,1025,24.1
2017,12,31,12,647,24.2
2017,12,31,13,576,24.2
2017,12,31,14,682,24
2017,12,31,15,762,23.6
2017,12,31,16,565,23.2
2017,12,31,17,352,22.7
2017,12,31,18,148,22.2
2017,12,31,19,7,22
2017,12,31,20,0,22
2017,12,31,21,0,22
2017,12,31,22,0,22
2017,12,31,23,0,21.8
2018,1,1,0,0,22.5
2018,1,1,1,0,22.4
2018,1,1,2,0,22.5
2018,1,1,3,0,22.5
2018,1,1,4,0,22.5
2018,1,1,5,14,23.1
2018,1,1,6,155,24.1
2018,1,1,7,327,25.2
2018,1,1,8,587,27
2018,1,1,9,777,28.7
2018,1,1,10,956,26.1
2018,1,1,11,1049,26.5
2018,1,1,12,1076,26.5
2018,1,1,13,1042,26
2018,1,1,14,940,25.2
2018,1,1,15,788,24.5
2018,1,1,16,594,23.7
2018,1,1,17,380,23
2018,1,1,18,167,22.1
2018,1,1,19,13,21.4
2018,1,1,20,0,21.1
2018,1,1,21,0,21
2018,1,1,22,0,21
2018,1,1,23,0,20.8
2018,1,2,0,0,20.7
2018,1,2,1,0,20.6
2018,1,2,2,0,20.6
2018,1,2,3,0,20.5
2018,1,2,4,0,20.5
2018,1,2,5,16,21
2018,1,2,6,176,21.8
2018,1,2,7,389,22.7
2018,1,2,8,103,23.6
2018,1,2,9,131,24.4
2018,1,2,10,946,25.1
2018,1,2,11,1041,25.7
2018,1,2,12,1073,26.1
2018,1,2,13,1029,26.1
2018,1,2,14,929,25.7
2018,1,2,15,772,25
2018,1,2,16,34,24.4
2018,1,2,17,35,23.7
2018,1,2,18,28,23
2018,1,2,19,7,22.5
2018,1,2,20,0,22.3
2018,1,2,21,0,22.1
2018,1,2,22,0,22
2018,1,2,23,0,21.9
2018,1,3,0,0,22
2018,1,3,1,0,22
2018,1,3,2,0,21.6
2018,1,3,3,0,21.1
2018,1,3,4,0,20.7
2018,1,3,5,13,20.6
2018,1,3,6,87,20.8
2018,1,3,7,368,21.3
2018,1,3,8,583,21.9
2018,1,3,9,440,22.5
2018,1,3,10,334,22.7
2018,1,3,11,500,22.6
2018,1,3,12,445,22.5
2018,1,3,13,604,22.4
2018,1,3,14,391,22.5
2018,1,3,15,135,22.3
2018,1,3,16,305,21.9
2018,1,3,17,235,21.4
2018,1,3,18,158,20.9
2018,1,3,19,11,20.5
2018,1,3,20,0,20.4
2018,1,3,21,0,20.2
2018,1,3,22,0,20.1
2018,1,3,23,0,20
2018,1,4,0,0,19.9
2018,1,4,1,0,19.7
2018,1,4,2,0,19.4
2018,1,4,3,0,19.2
2018,1,4,4,0,19
2018,1,4,5,11,19.3
2018,1,4,6,11,20.1
2018,1,4,7,29,20.9
2018,1,4,8,49,21.6
2018,1,4,9,67,22.2
2018,1,4,10,81,22.7
2018,1,4,11,204,23
2018,1,4,12,879,23.2
2018,1,4,13,765,23.3
2018,1,4,14,694,23.2
2018,1,4,15,795,22.8
2018,1,4,16,602,22.2
2018,1,4,17,386,21.5
2018,1,4,18,171,20.8
2018,1,4,19,14,20.2
2018,1,4,20,0,19.9
2018,1,4,21,0,19.7
2018,1,4,22,0,19.6
2018,1,4,23,0,19.5
2018,1,5,0,0,19.5
2018,1,5,1,0,19.5
2018,1,5,2,0,19.4
2018,1,5,3,0,19.2
2018,1,5,4,0,19.1
2018,1,5,5,14,19.3
2018,1,5,6,171,20.3
2018,1,5,7,387,21.5
2018,1,5,8,605,22.8
2018,1,5,9,798,24.1
2018,1,5,10,950,25.3
2018,1,5,11,1045,26.2
2018,1,5,12,886,26.6
2018,1,5,13,1035,26.5
2018,1,5,14,937,25.9
2018,1,5,15,785,25.1
2018,1,5,16,594,24.5
2018,1,5,17,378,23.8
2018,1,5,18,166,22.9
2018,1,5,19,13,22
2018,1,5,20,0,21.6
2018,1,5,21,0,21.3
2018,1,5,22,0,21.1
2018,1,5,23,0,21
2018,1,6,0,0,20.8
2018,1,6,1,0,20.6
2018,1,6,2,0,20.5
2018,1,6,3,0,20.5
2018,1,6,4,0,20.5
2018,1,6,5,12,21
2018,1,6,6,167,22.4
2018,1,6,7,384,23.7
2018,1,6,8,604,24.9
2018,1,6,9,798,26.1
2018,1,6,10,956,27.4
2018,1,6,11,1053,28.5
2018,1,6,12,1088,29.3
2018,1,6,13,1051,29.6
2018,1,6,14,952,29.5
2018,1,6,15,798,29.2
2018,1,6,16,602,28.6
2018,1,6,17,382,27.5
2018,1,6,18,166,26
2018,1,6,19,12,24.8
2018,1,6,20,0,24.3
2018,1,6,21,0,24
2018,1,6,22,0,23.7
2018,1,6,23,0,23.4
2018,1,7,0,0,23
2018,1,7,1,0,22.8
2018,1,7,2,0,22.7
2018,1,7,3,0,22.6
2018,1,7,4,0,22.6
2018,1,7,5,0,23.3
2018,1,7,6,161,24.7
2018,1,7,7,375,26.7
2018,1,7,8,591,30.1
2018,1,7,9,784,33.9
2018,1,7,10,940,36.8
2018,1,7,11,1036,37.9
2018,1,7,12,1069,36.8
2018,1,7,13,1026,34.9
2018,1,7,14,924,33
2018,1,7,15,767,31.3
2018,1,7,16,571,29.5
2018,1,7,17,355,27.5
2018,1,7,18,150,25.9
2018,1,7,19,8,24.8
2018,1,7,20,0,24.1
2018,1,7,21,0,23.6
2018,1,7,22,0,23
2018,1,7,23,0,22.5
2018,1,8,0,0,22
2018,1,8,1,0,21.8
2018,1,8,2,0,22
2018,1,8,3,0,22
2018,1,8,4,0,22.3
2018,1,8,5,0,23
2018,1,8,6,44,23.9
2018,1,8,7,214,24.6
2018,1,8,8,76,25.5
2018,1,8,9,378,26.2
2018,1,8,10,567,27.2
2018,1,8,11,286,28.8
2018,1,8,12,734,30.8
2018,1,8,13,1015,31.6
2018,1,8,14,920,30.6
2018,1,8,15,587,29.1
2018,1,8,16,193,27.8
2018,1,8,17,17,26.8
2018,1,8,18,108,25.7
2018,1,8,19,9,24.7
2018,1,8,20,0,24.1
2018,1,8,21,0,23.7
2018,1,8,22,0,23.6
2018,1,8,23,0,23.5
2018,1,9,0,0,23.4
2018,1,9,1,0,23.3
2018,1,9,2,0,23.3
2018,1,9,3,0,23.3
2018,1,9,4,0,23.3
2018,1,9,5,0,23.6
2018,1,9,6,22,24
2018,1,9,7,16,24.7
2018,1,9,8,53,25.2
2018,1,9,9,206,25.2
2018,1,9,10,256,25.2
2018,1,9,11,234,25.3
2018,1,9,12,850,25.3
2018,1,9,13,274,25.2
2018,1,9,14,411,25.4
2018,1,9,15,261,25.7
2018,1,9,16,307,26.1
2018,1,9,17,327,26.1
2018,1,9,18,8,25.7
2018,1,9,19,9,25.1
2018,1,9,20,0,24.1
2018,1,9,21,0,23
2018,1,9,22,0,21.8
2018,1,9,23,0,20.7
2018,1,10,0,0,19.8
2018,1,10,1,0,19.5
2018,1,10,2,0,19.5
2018,1,10,3,0,19.6
2018,1,10,4,0,19.7
2018,1,10,5,0,20
2018,1,10,6,142,20.6
2018,1,10,7,352,21.2
2018,1,10,8,53,21.7
2018,1,10,9,258,22.2
2018,1,10,10,509,22.8
2018,1,10,11,815,23.3
2018,1,10,12,850,23.5
2018,1,10,13,789,23.6
2018,1,10,14,559,23.4
2018,1,10,15,327,23.1
2018,1,10,16,342,22.5
2018,1,10,17,219,21.8
2018,1,10,18,45,21
2018,1,10,19,11,20.5
2018,1,10,20,0,20.4
2018,1,10,21,0,20.2
2018,1,10,22,0,20
2018,1,10,23,0,19.9
2018,1,11,0,0,20
2018,1,11,1,0,20
2018,1,11,2,0,20.1
2018,1,11,3,0,20.3
2018,1,11,4,0,20.4
2018,1,11,5,0,20.5
2018,1,11,6,70,21.2
2018,1,11,7,214,22.1
2018,1,11,8,184,23.1
2018,1,11,9,297,23.9
2018,1,11,10,268,24.6
2018,1,11,11,227,25
2018,1,11,12,334,25.3
2018,1,11,13,339,25.4
2018,1,11,14,151,25.2
2018,1,11,15,214,24.7
2018,1,11,16,391,24
2018,1,11,17,73,23.2
2018,1,11,18,17,22.4
2018,1,11,19,10,22
2018,1,11,20,0,22
2018,1,11,21,0,22
2018,1,11,22,0,22.1
2018,1,11,23,0,22
2018,1,12,0,0,21.9
2018,1,12,1,0,21.8
2018,1,12,2,0,21.7
2018,1,12,3,0,21.6
2018,1,12,4,0,21.6
2018,1,12,5,0,22
2018,1,12,6,10,22.6
2018,1,12,7,54,23.1
2018,1,12,8,60,23.7
2018,1,12,9,190,24.7
2018,1,12,10,104,26
2018,1,12,11,403,27
2018,1,12,12,934,27.8
2018,1,12,13,993,28.3
2018,1,12,14,899,28.3
2018,1,12,15,749,27.8
2018,1,12,16,559,27.2
2018,1,12,17,350,26.3
2018,1,12,18,148,25.2
2018,1,12,19,8,24.6
2018,1,12,20,0,24.5
2018,1,12,21,0,24.4
2018,1,12,22,0,24.2
2018,1,12,23,0,24.1
2018,1,13,0,0,24
2018,1,13,1,0,23.9
2018,1,13,2,0,23.7
2018,1,13,3,0,23.6
2018,1,13,4,0,23.4
2018,1,13,5,0,23.4
2018,1,13,6,67,24
2018,1,13,7,68,24.8
2018,1,13,8,215,25.8
2018,1,13,9,588,26.8
2018,1,13,10,731,28.1
2018,1,13,11,776,29.6
2018,1,13,12,803,30.5
2018,1,13,13,819,30.3
2018,1,13,14,769,29.5
2018,1,13,15,642,28.3
2018,1,13,16,471,26.8
2018,1,13,17,184,25.8
2018,1,13,18,164,24.8
2018,1,13,19,13,23.8
2018,1,13,20,0,23
2018,1,13,21,0,22.2
2018,1,13,22,0,21.4
2018,1,13,23,0,20.8
2018,1,14,0,0,20.1
2018,1,14,1,0,19.6
2018,1,14,2,0,19.2
2018,1,14,3,0,18.6
2018,1,14,4,0,18.1
2018,1,14,5,0,17.4
2018,1,14,6,27,17
2018,1,14,7,54,17.3
2018,1,14,8,248,18.2
2018,1,14,9,780,19.1
2018,1,14,10,932,20
2018,1,14,11,766,20.5
2018,1,14,12,1048,20.7
2018,1,14,13,1034,20.8
2018,1,14,14,934,21.2
2018,1,14,15,525,21
2018,1,14,16,589,20.8
2018,1,14,17,224,20.5
2018,1,14,18,86,20
2018,1,14,19,9,19.5
2018,1,14,20,0,19.2
2018,1,14,21,0,19.2
2018,1,14,22,0,19
2018,1,14,23,0,18.9
2018,1,15,0,0,18.8
2018,1,15,1,0,18.9
2018,1,15,2,0,18.7
2018,1,15,3,0,18.5
2018,1,15,4,0,18.1
2018,1,15,5,0,18.1
2018,1,15,6,125,18.5
2018,1,15,7,353,19.1
2018,1,15,8,571,19.8
2018,1,15,9,399,20.4
2018,1,15,10,504,20.9
2018,1,15,11,832,21.5
2018,1,15,12,1079,22
2018,1,15,13,1054,22.3
2018,1,15,14,956,22.3
2018,1,15,15,800,22.2
2018,1,15,16,464,21.9
2018,1,15,17,273,21.6
2018,1,15,18,115,21.3
2018,1,15,19,9,21.2
2018,1,15,20,0,21.2
2018,1,15,21,0,21
2018,1,15,22,0,21
2018,1,15,23,0,21
2018,1,16,0,0,20.8
2018,1,16,1,0,20.5
2018,1,16,2,0,20.1
2018,1,16,3,0,19.7
2018,1,16,4,0,19.6
2018,1,16,5,0,19.6
2018,1,16,6,131,19.9
2018,1,16,7,210,20.3
2018,1,16,8,212,20.8
2018,1,16,9,769,21.2
2018,1,16,10,327,21.5
2018,1,16,11,298,21.6
2018,1,16,12,890,21.7
2018,1,16,13,155,21.7
2018,1,16,14,682,21.6
2018,1,16,15,819,21.4
2018,1,16,16,622,21.1
2018,1,16,17,309,20.6
2018,1,16,18,170,19.9
2018,1,16,19,11,19.3
2018,1,16,20,0,19.2
2018,1,16,21,0,19.1
2018,1,16,22,0,19.1
2018,1,16,23,0,19
2018,1,17,0,0,19
2018,1,17,1,0,19
2018,1,17,2,0,18.9
2018,1,17,3,0,18.8
2018,1,17,4,0,18.6
2018,1,17,5,0,18.8
2018,1,17,6,131,19.4
2018,1,17,7,343,20.2
2018,1,17,8,566,20.9
2018,1,17,9,771,21.5
2018,1,17,10,948,22
2018,1,17,11,1053,22.6
2018,1,17,12,1096,22.9
2018,1,17,13,1068,23
2018,1,17,14,975,22.9
2018,1,17,15,826,22.6
2018,1,17,16,631,22.1
2018,1,17,17,407,21.5
2018,1,17,18,182,20.8
2018,1,17,19,14,20
2018,1,17,20,0,19.6
2018,1,17,21,0,19.2
2018,1,17,22,0,19
2018,1,17,23,0,18.8
2018,1,18,0,0,18.5
2018,1,18,1,0,18.2
2018,1,18,2,0,17.8
2018,1,18,3,0,17.6
2018,1,18,4,0,17.4
2018,1,18,5,0,17.6
2018,1,18,6,107,18.8
2018,1,18,7,284,20.1
2018,1,18,8,588,21.6
2018,1,18,9,794,23.3
2018,1,18,10,959,24.9
2018,1,18,11,1064,25.8
2018,1,18,12,1107,26.2
2018,1,18,13,1079,26.2
2018,1,18,14,985,26
2018,1,18,15,833,25.5
2018,1,18,16,633,24.9
2018,1,18,17,408,23.9
2018,1,18,18,182,22.7
2018,1,18,19,13,21.4
2018,1,18,20,0,20.9
2018,1,18,21,0,20.5
2018,1,18,22,0,20.2
2018,1,18,23,0,20.2
2018,1,19,0,0,20.1
2018,1,19,1,0,20
2018,1,19,2,0,19.8
2018,1,19,3,0,19.5
2018,1,19,4,0,19.2
2018,1,19,5,0,19.3
2018,1,19,6,142,20.6
2018,1,19,7,366,22.5
2018,1,19,8,595,24.6
2018,1,19,9,800,26.6
2018,1,19,10,964,28.3
2018,1,19,11,1070,28.8
2018,1,19,12,1107,28.7
2018,1,19,13,1079,28.3
2018,1,19,14,985,27.7
2018,1,19,15,833,27.1
2018,1,19,16,636,26.3
2018,1,19,17,411,25.3
2018,1,19,18,183,23.9
2018,1,19,19,13,22.5
2018,1,19,20,0,21.9
2018,1,19,21,0,21.4
2018,1,19,22,0,21.1
2018,1,19,23,0,20.7
2018,1,20,0,0,20.5
2018,1,20,1,0,20.4
2018,1,20,2,0,20.3
2018,1,20,3,0,20.1
2018,1,20,4,0,19.9
2018,1,20,5,0,20.1
2018,1,20,6,136,21.4
2018,1,20,7,358,23.2
2018,1,20,8,585,25.1
2018,1,20,9,789,26.7
2018,1,20,10,944,28
2018,1,20,11,1031,28.7
2018,1,20,12,1061,29.1
2018,1,20,13,1053,29
2018,1,20,14,948,28.6
2018,1,20,15,799,27.9
2018,1,20,16,610,26.9
2018,1,20,17,391,25.6
2018,1,20,18,141,24.1
2018,1,20,19,0,22.8
2018,1,20,20,0,22.2
2018,1,20,21,0,21.7
2018,1,20,22,0,21.4
2018,1,20,23,0,21
2018,1,21,0,0,20.6
2018,1,21,1,0,20.2
2018,1,21,2,0,19.9
2018,1,21,3,0,19.7
2018,1,21,4,0,19.6
2018,1,21,5,0,19.9
2018,1,21,6,127,21.3
2018,1,21,7,342,22.7
2018,1,21,8,563,24.2
2018,1,21,9,758,25.6
2018,1,21,10,919,26.8
2018,1,21,11,1022,27.8
2018,1,21,12,1059,28.3
2018,1,21,13,1033,28.4
2018,1,21,14,941,28.2
2018,1,21,15,796,27.7
2018,1,21,16,606,27.1
2018,1,21,17,385,26.2
2018,1,21,18,164,24.9
2018,1,21,19,0,23.7
2018,1,21,20,0,23.1
2018,1,21,21,0,22.6
2018,1,21,22,0,22.2
2018,1,21,23,0,21.8
2018,1,22,0,0,21.4
2018,1,22,1,0,21.1
2018,1,22,2,0,20.9
2018,1,22,3,0,20.8
2018,1,22,4,0,20.7
2018,1,22,5,0,21
2018,1,22,6,114,22.3
2018,1,22,7,305,24.2
2018,1,22,8,537,26.2
2018,1,22,9,679,28.4
2018,1,22,10,788,30.5
2018,1,22,11,835,31.7
2018,1,22,12,801,32.1
2018,1,22,13,600,32
2018,1,22,14,834,31.5
2018,1,22,15,742,30.6
2018,1,22,16,550,29.3
2018,1,22,17,66,27.7
2018,1,22,18,97,26.2
2018,1,22,19,0,25
2018,1,22,20,0,24.4
2018,1,22,21,0,24.1
2018,1,22,22,0,23.9
2018,1,22,23,0,23.7
2018,1,23,0,0,23.3
2018,1,23,1,0,23
2018,1,23,2,0,22.9
2018,1,23,3,0,22.7
2018,1,23,4,0,22.5
2018,1,23,5,0,22.7
2018,1,23,6,99,23.5
2018,1,23,7,268,24.5
2018,1,23,8,317,26.1
2018,1,23,9,93,27.3
2018,1,23,10,252,28
2018,1,23,11,145,28.6
2018,1,23,12,156,28.7
2018,1,23,13,95,28.3
2018,1,23,14,79,27.9
2018,1,23,15,590,27.4
2018,1,23,16,253,26.8
2018,1,23,17,258,26.1
2018,1,23,18,52,25.3
2018,1,23,19,0,24.6
2018,1,23,20,0,24.1
2018,1,23,21,0,23.9
2018,1,23,22,0,23.7
2018,1,23,23,0,23.5
2018,1,24,0,0,23.2
2018,1,24,1,0,23
2018,1,24,2,0,22.7
2018,1,24,3,0,22.5
2018,1,24,4,0,22.4
2018,1,24,5,0,22.6
2018,1,24,6,72,23.2
2018,1,24,7,172,24.1
2018,1,24,8,521,25.3
2018,1,24,9,718,26.7
2018,1,24,10,882,28
2018,1,24,11,986,28.7
2018,1,24,12,1025,28.9
2018,1,24,13,800,28.6
2018,1,24,14,769,28
2018,1,24,15,571,27.3
2018,1,24,16,462,26.5
2018,1,24,17,187,25.6
2018,1,24,18,97,24.6
2018,1,24,19,0,24
2018,1,24,20,0,23.8
2018,1,24,21,0,23.6
2018,1,24,22,0,23.3
2018,1,24,23,0,23
2018,1,25,0,0,22.9
2018,1,25,1,0,22.8
2018,1,25,2,0,22.7
2018,1,25,3,0,22.7
2018,1,25,4,0,22.7
2018,1,25,5,0,22.9
2018,1,25,6,8,23.6
2018,1,25,7,23,24.4
2018,1,25,8,231,25.2
2018,1,25,9,299,25.5
2018,1,25,10,732,25.7
2018,1,25,11,869,25.9
2018,1,25,12,299,26
2018,1,25,13,572,26.4
2018,1,25,14,148,26.4
2018,1,25,15,166,26.1
2018,1,25,16,207,25.6
2018,1,25,17,182,24.9
2018,1,25,18,19,24.3
2018,1,25,19,0,23.9
2018,1,25,20,0,23.8
2018,1,25,21,0,23.6
2018,1,25,22,0,23.5
2018,1,25,23,0,23.4
2018,1,26,0,0,23.2
2018,1,26,1,0,23
2018,1,26,2,0,23
2018,1,26,3,0,22.9
2018,1,26,4,0,22.8
2018,1,26,5,0,23
2018,1,26,6,7,23.8
2018,1,26,7,69,24.8
2018,1,26,8,167,25.7
2018,1,26,9,189,26.5
2018,1,26,10,394,27.1
2018,1,26,11,523,27.4
2018,1,26,12,512,27.4
2018,1,26,13,534,27.2
2018,1,26,14,785,26.9
2018,1,26,15,428,26.4
2018,1,26,16,502,25.8
2018,1,26,17,278,25.2
2018,1,26,18,118,24.5
2018,1,26,19,0,24.1
2018,1,26,20,0,23.9
2018,1,26,21,0,23.8
2018,1,26,22,0,23.7
2018,1,26,23,0,23.6
2018,1,27,0,0,23.6
2018,1,27,1,0,23.5
2018,1,27,2,0,23.5
2018,1,27,3,0,23.5
2018,1,27,4,0,23.5
2018,1,27,5,0,23.7
2018,1,27,6,45,24.3
2018,1,27,7,79,25.2
2018,1,27,8,398,26.2
2018,1,27,9,715,27
2018,1,27,10,705,27.6
2018,1,27,11,897,27.9
2018,1,27,12,806,28
2018,1,27,13,589,27.7
2018,1,27,14,595,27.3
2018,1,27,15,738,26.7
2018,1,27,16,408,26
2018,1,27,17,286,25.3
2018,1,27,18,91,24.6
2018,1,27,19,0,24.2
2018,1,27,20,0,24.1
2018,1,27,21,0,24.1
2018,1,27,22,0,24
2018,1,27,23,0,23.9
2018,1,28,0,0,23.9
2018,1,28,1,0,23.8
2018,1,28,2,0,23.8
2018,1,28,3,0,23.8
2018,1,28,4,0,23.7
2018,1,28,5,0,23.8
2018,1,28,6,91,24.1
2018,1,28,7,268,24.6
2018,1,28,8,193,25.3
2018,1,28,9,613,26
2018,1,28,10,637,26.5
2018,1,28,11,721,26.9
2018,1,28,12,766,27.2
2018,1,28,13,839,27.1
2018,1,28,14,797,26.9
2018,1,28,15,652,26.5
2018,1,28,16,578,26
2018,1,28,17,363,25.2
2018,1,28,18,149,24.4
2018,1,28,19,0,24
2018,1,28,20,0,23.9
2018,1,28,21,0,23.8
2018,1,28,22,0,23.6
2018,1,28,23,0,23.4
2018,1,29,0,0,23.3
2018,1,29,1,0,23.1
2018,1,29,2,0,23
2018,1,29,3,0,22.8
2018,1,29,4,0,22.6
2018,1,29,5,0,22.8
2018,1,29,6,101,23.7
2018,1,29,7,310,24.8
2018,1,29,8,532,25.7
2018,1,29,9,734,26.4
2018,1,29,10,900,26.9
2018,1,29,11,1006,27.2
2018,1,29,12,1052,27.4
2018,1,29,13,1029,27.3
2018,1,29,14,938,27.1
2018,1,29,15,791,26.7
2018,1,29,16,596,26.1
2018,1,29,17,375,25.3
2018,1,29,18,154,24.4
2018,1,29,19,0,23.9
2018,1,29,20,0,23.7
2018,1,29,21,0,23.6
2018,1,29,22,0,23.4
2018,1,29,23,0,23.2
2018,1,30,0,0,22.8
2018,1,30,1,0,22.3
2018,1,30,2,0,21.9
2018,1,30,3,0,21.6
2018,1,30,4,0,21.3
2018,1,30,5,0,21.4
2018,1,30,6,102,22.6
2018,1,30,7,317,24
2018,1,30,8,544,25.3
2018,1,30,9,750,26.5
2018,1,30,10,916,27.6
2018,1,30,11,1024,28.4
2018,1,30,12,1067,28.9
2018,1,30,13,1036,28.9
2018,1,30,14,794,28.6
2018,1,30,15,608,28.1
2018,1,30,16,581,27.2
2018,1,30,17,309,26.2
2018,1,30,18,135,25.1
2018,1,30,19,0,24.2
2018,1,30,20,0,23.8
2018,1,30,21,0,23.5
2018,1,30,22,0,22.9
2018,1,30,23,0,22.2
2018,1,31,0,0,21.6
2018,1,31,1,0,21.1
2018,1,31,2,0,20.6
2018,1,31,3,0,20.3
2018,1,31,4,0,20
2018,1,31,5,0,19.7
2018,1,31,6,39,19.8
2018,1,31,7,42,20.2
2018,1,31,8,75,20.7
2018,1,31,9,116,21.1
2018,1,31,10,86,21.4
2018,1,31,11,118,21.5
2018,1,31,12,223,21.4
2018,1,31,13,454,21.1
2018,1,31,14,132,20.9
2018,1,31,15,126,20.8
2018,1,31,16,158,20.6
2018,1,31,17,18,20.3
2018,1,31,18,25,19.8
2018,1,31,19,0,19.4
2018,1,31,20,0,19.3
2018,1,31,21,0,19
2018,1,31,22,0,18.9
2018,1,31,23,0,18.8
2018,2,1,0,0,18.8
2018,2,1,1,0,18.6
2018,2,1,2,0,18.5
2018,2,1,3,0,18.4
2018,2,1,4,0,18.3
2018,2,1,5,0,18.4
2018,2,1,6,93,18.8
2018,2,1,7,302,19.6
2018,2,1,8,460,20.4
2018,2,1,9,726,21.2
2018,2,1,10,617,21.7
2018,2,1,11,752,21.8
2018,2,1,12,814,21.8
2018,2,1,13,795,21.8
2018,2,1,14,726,21.7
2018,2,1,15,637,21.5
2018,2,1,16,454,21.1
2018,2,1,17,222,20.6
2018,2,1,18,77,19.9
2018,2,1,19,0,19.3
2018,2,1,20,0,19
2018,2,1,21,0,18.7
2018,2,1,22,0,18.5
2018,2,1,23,0,18.3
2018,2,2,0,0,18.2
2018,2,2,1,0,18.1
2018,2,2,2,0,18.1
2018,2,2,3,0,18.1
2018,2,2,4,0,18.1
2018,2,2,5,0,18.3
2018,2,2,6,32,19.1
2018,2,2,7,110,20.1
2018,2,2,8,185,21
2018,2,2,9,285,21.7
2018,2,2,10,767,22.2
2018,2,2,11,843,22.4
2018,2,2,12,921,22.5
2018,2,2,13,725,22.6
2018,2,2,14,414,22.5
2018,2,2,15,519,22.4
2018,2,2,16,213,22.1
2018,2,2,17,162,21.7
2018,2,2,18,150,21
2018,2,2,19,0,20.5
2018,2,2,20,0,20.3
2018,2,2,21,0,20.1
2018,2,2,22,0,20
2018,2,2,23,0,19.8
2018,2,3,0,0,19.8
2018,2,3,1,0,19.7
2018,2,3,2,0,19.3
2018,2,3,3,0,19.1
2018,2,3,4,0,19
2018,2,3,5,0,19.3
2018,2,3,6,26,19.9
2018,2,3,7,244,20.5
2018,2,3,8,71,21.5
2018,2,3,9,284,22.2
2018,2,3,10,493,22.7
2018,2,3,11,997,23
2018,2,3,12,1044,23.2
2018,2,3,13,482,23.2
2018,2,3,14,388,23.1
2018,2,3,15,375,22.8
2018,2,3,16,129,22.4
2018,2,3,17,129,22
2018,2,3,18,149,21.3
2018,2,3,19,0,20.7
2018,2,3,20,0,20.4
2018,2,3,21,0,20.3
2018,2,3,22,0,20.1
2018,2,3,23,0,20.1
2018,2,4,0,0,20
2018,2,4,1,0,19.9
2018,2,4,2,0,19.8
2018,2,4,3,0,19.7
2018,2,4,4,0,19.7
2018,2,4,5,0,19.9
2018,2,4,6,92,20.8
2018,2,4,7,305,21.6
2018,2,4,8,530,22.5
2018,2,4,9,535,23.1
2018,2,4,10,553,23.5
2018,2,4,11,530,23.8
2018,2,4,12,1055,24
2018,2,4,13,1024,23.9
2018,2,4,14,934,23.8
2018,2,4,15,788,23.4
2018,2,4,16,593,23
2018,2,4,17,371,22.5
2018,2,4,18,150,21.7
2018,2,4,19,0,21.1
2018,2,4,20,0,20.7
2018,2,4,21,0,20.4
2018,2,4,22,0,20.2
2018,2,4,23,0,20.1
2018,2,5,0,0,20
2018,2,5,1,0,19.8
2018,2,5,2,0,19.6
2018,2,5,3,0,19.3
2018,2,5,4,0,19.1
2018,2,5,5,0,19.2
2018,2,5,6,93,20.5
2018,2,5,7,310,21.7
2018,2,5,8,537,22.7
2018,2,5,9,744,23.6
2018,2,5,10,912,24.5
2018,2,5,11,1022,25.2
2018,2,5,12,1067,25.7
2018,2,5,13,1041,25.7
2018,2,5,14,788,25.5
2018,2,5,15,796,25
2018,2,5,16,596,24.3
2018,2,5,17,370,23.5
2018,2,5,18,145,22.5
2018,2,5,19,0,21.8
2018,2,5,20,0,21.5
2018,2,5,21,0,21.3
2018,2,5,22,0,21.2
2018,2,5,23,0,21.1
2018,2,6,0,0,21.1
2018,2,6,1,0,21.1
2018,2,6,2,0,21.1
2018,2,6,3,0,21.1
2018,2,6,4,0,21
2018,2,6,5,0,21.1
2018,2,6,6,78,21.7
2018,2,6,7,233,22.9
2018,2,6,8,409,24
2018,2,6,9,580,24.9
2018,2,6,10,715,25.5
2018,2,6,11,986,25.9
2018,2,6,12,1032,25.9
2018,2,6,13,1009,25.8
2018,2,6,14,920,25.5
2018,2,6,15,774,25.1
2018,2,6,16,581,24.6
2018,2,6,17,361,23.9
2018,2,6,18,141,23.2
2018,2,6,19,0,22.6
2018,2,6,20,0,22.3
2018,2,6,21,0,22.1
2018,2,6,22,0,21.9
2018,2,6,23,0,21.7
2018,2,7,0,0,21.6
2018,2,7,1,0,21.4
2018,2,7,2,0,21.2
2018,2,7,3,0,21.1
2018,2,7,4,0,21
2018,2,7,5,0,21.2
2018,2,7,6,82,22.5
2018,2,7,7,291,23.8
2018,2,7,8,516,24.7
2018,2,7,9,720,25.5
2018,2,7,10,886,26
2018,2,7,11,994,26.3
2018,2,7,12,1035,26.5
2018,2,7,13,1007,26.4
2018,2,7,14,916,26
2018,2,7,15,767,25.5
2018,2,7,16,573,24.8
2018,2,7,17,352,24.1
2018,2,7,18,135,23.2
2018,2,7,19,0,22.7
2018,2,7,20,0,22.5
2018,2,7,21,0,22.2
2018,2,7,22,0,21.9
2018,2,7,23,0,21.7
2018,2,8,0,0,21.4
2018,2,8,1,0,21.1
2018,2,8,2,0,20.8
2018,2,8,3,0,20.5
2018,2,8,4,0,20.3
2018,2,8,5,0,20.3
2018,2,8,6,76,21.4
2018,2,8,7,282,23
2018,2,8,8,505,24.3
2018,2,8,9,709,25.6
2018,2,8,10,875,26.7
2018,2,8,11,980,27.5
2018,2,8,12,1021,28
2018,2,8,13,993,28.2
2018,2,8,14,901,28.2
2018,2,8,15,752,28
2018,2,8,16,559,27.5
2018,2,8,17,340,26.6
2018,2,8,18,96,25.3
2018,2,8,19,0,24.4
2018,2,8,20,0,23.9
2018,2,8,21,0,23.6
2018,2,8,22,0,23.4
2018,2,8,23,0,23.1
2018,2,9,0,0,22.9
2018,2,9,1,0,22.6
2018,2,9,2,0,22.3
2018,2,9,3,0,22
2018,2,9,4,0,21.8
2018,2,9,5,0,21.7
2018,2,9,6,40,22.8
2018,2,9,7,144,24.3
2018,2,9,8,63,25.7
2018,2,9,9,280,27.1
2018,2,9,10,632,28.1
2018,2,9,11,856,28.1
2018,2,9,12,804,27.8
2018,2,9,13,848,27.3
2018,2,9,14,800,26.8
2018,2,9,15,559,25.9
2018,2,9,16,265,24.4
2018,2,9,17,87,23
2018,2,9,18,28,22.2
2018,2,9,19,0,21.9
2018,2,9,20,0,21.9
2018,2,9,21,0,22
2018,2,9,22,0,22.2
2018,2,9,23,0,22.4
2018,2,10,0,0,22.4
2018,2,10,1,0,22.4
2018,2,10,2,0,22.2
2018,2,10,3,0,22
2018,2,10,4,0,21.6
2018,2,10,5,0,21.5
2018,2,10,6,64,22.2
2018,2,10,7,263,22.9
2018,2,10,8,486,24
2018,2,10,9,692,25.1
2018,2,10,10,535,26
2018,2,10,11,978,26.7
2018,2,10,12,1025,27
2018,2,10,13,1003,26.8
2018,2,10,14,908,26.5
2018,2,10,15,755,26.2
2018,2,10,16,559,25.8
2018,2,10,17,338,25.2
2018,2,10,18,123,24.3
2018,2,10,19,0,23.7
2018,2,10,20,0,23.6
2018,2,10,21,0,23.5
2018,2,10,22,0,23.3
2018,2,10,23,0,23.1
2018,2,11,0,0,22.8
2018,2,11,1,0,22.5
2018,2,11,2,0,22.4
2018,2,11,3,0,22.4
2018,2,11,4,0,22.3
2018,2,11,5,0,22.4
2018,2,11,6,28,23.5
2018,2,11,7,74,24.5
2018,2,11,8,311,26.4
2018,2,11,9,343,29.2
2018,2,11,10,873,30.7
2018,2,11,11,972,30.2
2018,2,11,12,1002,28.4
2018,2,11,13,964,26.2
2018,2,11,14,866,24.9
2018,2,11,15,297,24
2018,2,11,16,235,23.3
2018,2,11,17,314,22.4
2018,2,11,18,107,21.6
2018,2,11,19,0,21.3
2018,2,11,20,0,21.4
2018,2,11,21,0,21.4
2018,2,11,22,0,21.3
2018,2,11,23,0,21.2
2018,2,12,0,0,21.2
2018,2,12,1,0,21.1
2018,2,12,2,0,21
2018,2,12,3,0,21
2018,2,12,4,0,21.1
2018,2,12,5,0,21.3
2018,2,12,6,60,22.3
2018,2,12,7,258,23.4
2018,2,12,8,479,24.4
2018,2,12,9,681,25.4
2018,2,12,10,858,26.4
2018,2,12,11,964,27.2
2018,2,12,12,1009,27.5
2018,2,12,13,977,27.1
2018,2,12,14,880,26.4
2018,2,12,15,656,25.6
2018,2,12,16,347,24.7
2018,2,12,17,152,23.9
2018,2,12,18,49,23.3
2018,2,12,19,0,23.1
2018,2,12,20,0,23.2
2018,2,12,21,0,23.3
2018,2,12,22,0,23.2
2018,2,12,23,0,23.1
2018,2,13,0,0,23
2018,2,13,1,0,22.7
2018,2,13,2,0,22.6
2018,2,13,3,0,22.4
2018,2,13,4,0,22.3
2018,2,13,5,0,22.3
2018,2,13,6,25,22.8
2018,2,13,7,94,23.5
2018,2,13,8,38,24.3
2018,2,13,9,174,25
2018,2,13,10,851,25.6
2018,2,13,11,420,26.1
2018,2,13,12,644,26.4
2018,2,13,13,616,26.5
2018,2,13,14,545,26.3
2018,2,13,15,434,26.1
2018,2,13,16,297,25.5
2018,2,13,17,159,24.8
2018,2,13,18,48,24
2018,2,13,19,0,23.6
2018,2,13,20,0,23.6
2018,2,13,21,0,23.6
2018,2,13,22,0,23.6
2018,2,13,23,0,23.6
2018,2,14,0,0,23.5
2018,2,14,1,0,23.5
2018,2,14,2,0,23.4
2018,2,14,3,0,23.2
2018,2,14,4,0,23.1
2018,2,14,5,0,23.1
2018,2,14,6,59,23.9
2018,2,14,7,261,25.1
2018,2,14,8,489,26.4
2018,2,14,9,700,27.9
2018,2,14,10,873,29.8
2018,2,14,11,990,31.6
2018,2,14,12,1040,32.7
2018,2,14,13,1023,33.3
2018,2,14,14,931,33.4
2018,2,14,15,779,33.3
2018,2,14,16,579,33.1
2018,2,14,17,350,32.4
2018,2,14,18,124,30.2
2018,2,14,19,0,28.6
2018,2,14,20,0,27.4
2018,2,14,21,0,24.6
2018,2,14,22,0,22.6
2018,2,14,23,0,21.9
2018,2,15,0,0,21.7
2018,2,15,1,0,21.5
2018,2,15,2,0,21.4
2018,2,15,3,0,21.2
2018,2,15,4,0,21
2018,2,15,5,0,21.1
2018,2,15,6,53,22.1
2018,2,15,7,207,22.9
2018,2,15,8,471,23.7
2018,2,15,9,677,24.7
2018,2,15,10,856,25.8
2018,2,15,11,962,26.9
2018,2,15,12,1003,27.8
2018,2,15,13,971,28.3
2018,2,15,14,876,28.3
2018,2,15,15,724,27.7
2018,2,15,16,528,26.8
2018,2,15,17,278,25.7
2018,2,15,18,84,24.3
2018,2,15,19,0,23.6
2018,2,15,20,0,23.3
2018,2,15,21,0,23
2018,2,15,22,0,22.6
2018,2,15,23,0,22.4
2018,2,16,0,0,22.3
2018,2,16,1,0,22.1
2018,2,16,2,0,21.7
2018,2,16,3,0,21.2
2018,2,16,4,0,20.6
2018,2,16,5,0,20.2
2018,2,16,6,62,21.3
2018,2,16,7,278,22.9
2018,2,16,8,509,25.5
2018,2,16,9,718,26.5
2018,2,16,10,884,26.7
2018,2,16,11,839,26.9
2018,2,16,12,707,27.4
2018,2,16,13,467,27.4
2018,2,16,14,897,26.8
2018,2,16,15,742,25.7
2018,2,16,16,543,24.4
2018,2,16,17,316,23
2018,2,16,18,102,21.8
2018,2,16,19,0,21.4
2018,2,16,20,0,21.4
2018,2,16,21,0,21.4
2018,2,16,22,0,21.2
2018,2,16,23,0,21.1
2018,2,17,0,0,21
2018,2,17,1,0,20.9
2018,2,17,2,0,20.9
2018,2,17,3,0,21
2018,2,17,4,0,21.1
2018,2,17,5,0,21.3
2018,2,17,6,52,22.6
2018,2,17,7,249,23.7
2018,2,17,8,470,24.5
2018,2,17,9,675,25.3
2018,2,17,10,840,26
2018,2,17,11,948,26.5
2018,2,17,12,988,26.8
2018,2,17,13,970,26.8
2018,2,17,14,877,26.6
2018,2,17,15,724,25.9
2018,2,17,16,529,25.1
2018,2,17,17,307,24.2
2018,2,17,18,97,23.4
2018,2,17,19,0,23.1
2018,2,17,20,0,23.2
2018,2,17,21,0,23.2
2018,2,17,22,0,23.1
2018,2,17,23,0,23
2018,2,18,0,0,22.8
2018,2,18,1,0,22.6
2018,2,18,2,0,22.4
2018,2,18,3,0,22.3
2018,2,18,4,0,22.2
2018,2,18,5,0,22.2
2018,2,18,6,44,23.3
2018,2,18,7,231,24.4
2018,2,18,8,448,25.4
2018,2,18,9,651,26.5
2018,2,18,10,830,27.3
2018,2,18,11,938,28
2018,2,18,12,981,28.3
2018,2,18,13,953,28.3
2018,2,18,14,862,28
2018,2,18,15,713,27.5
2018,2,18,16,508,26.8
2018,2,18,17,292,25.8
2018,2,18,18,89,24.7
2018,2,18,19,0,24.2
2018,2,18,20,0,24.1
2018,2,18,21,0,24
2018,2,18,22,0,23.9
2018,2,18,23,0,23.9
2018,2,19,0,0,23.9
2018,2,19,1,0,23.8
2018,2,19,2,0,23.7
2018,2,19,3,0,23.6
2018,2,19,4,0,23.6
2018,2,19,5,0,23.6
2018,2,19,6,33,23.8
2018,2,19,7,180,24
2018,2,19,8,24,24.1
2018,2,19,9,541,24.3
2018,2,19,10,439,24.6
2018,2,19,11,534,25
2018,2,19,12,613,25.2
2018,2,19,13,778,25.2
2018,2,19,14,708,25
2018,2,19,15,609,24.7
2018,2,19,16,385,24.3
2018,2,19,17,121,23.6
2018,2,19,18,56,22.7
2018,2,19,19,0,22.2
2018,2,19,20,0,22
2018,2,19,21,0,21.7
2018,2,19,22,0,21.6
2018,2,19,23,0,21.4
2018,2,20,0,0,21.3
2018,2,20,1,0,21.1
2018,2,20,2,0,21
2018,2,20,3,0,20.9
2018,2,20,4,0,20.6
2018,2,20,5,0,20.4
2018,2,20,6,41,20.5
2018,2,20,7,206,20.5
2018,2,20,8,146,20.8
2018,2,20,9,416,20.9
2018,2,20,10,690,21.3
2018,2,20,11,758,21.8
2018,2,20,12,507,22.2
2018,2,20,13,227,22.4
2018,2,20,14,432,22.4
2018,2,20,15,431,22.2
2018,2,20,16,538,21.8
2018,2,20,17,315,21.3
2018,2,20,18,98,20.7
2018,2,20,19,0,20.5
2018,2,20,20,0,20.4
2018,2,20,21,0,20.4
2018,2,20,22,0,20.4
2018,2,20,23,0,20.3
2018,2,21,0,0,20.3
2018,2,21,1,0,20.2
2018,2,21,2,0,20.1
2018,2,21,3,0,20
2018,2,21,4,0,19.9
2018,2,21,5,0,19.9
2018,2,21,6,49,20.6
2018,2,21,7,254,21.3
2018,2,21,8,125,21.9
2018,2,21,9,220,22.4
2018,2,21,10,71,23
2018,2,21,11,360,23.6
2018,2,21,12,744,23.9
2018,2,21,13,989,24
2018,2,21,14,689,23.9
2018,2,21,15,744,23.7
2018,2,21,16,377,23.2
2018,2,21,17,110,22.5
2018,2,21,18,55,21.9
2018,2,21,19,0,21.7
2018,2,21,20,0,21.6
2018,2,21,21,0,21.5
2018,2,21,22,0,21.5
2018,2,21,23,0,21.4
2018,2,22,0,0,21.3
2018,2,22,1,0,21.2
2018,2,22,2,0,21
2018,2,22,3,0,21
2018,2,22,4,0,20.9
2018,2,22,5,0,20.8
2018,2,22,6,23,21.3
2018,2,22,7,93,22.4
2018,2,22,8,211,23.3
2018,2,22,9,247,24
2018,2,22,10,488,24.7
2018,2,22,11,600,25.4
2018,2,22,12,654,25.9
2018,2,22,13,725,25.9
2018,2,22,14,546,25.7
2018,2,22,15,516,25.3
2018,2,22,16,449,24.8
2018,2,22,17,229,24.2
2018,2,22,18,44,23.5
2018,2,22,19,0,23
2018,2,22,20,0,22.8
2018,2,22,21,0,22.6
2018,2,22,22,0,22.4
2018,2,22,23,0,22.2
2018,2,23,0,0,22
2018,2,23,1,0,21.8
2018,2,23,2,0,21.6
2018,2,23,3,0,21.4
2018,2,23,4,0,21.2
2018,2,23,5,0,21.2
2018,2,23,6,32,22
2018,2,23,7,195,23.2
2018,2,23,8,454,24.3
2018,2,23,9,658,25.2
2018,2,23,10,695,26
2018,2,23,11,774,26.5
2018,2,23,12,973,26.8
2018,2,23,13,752,26.7
2018,2,23,14,466,26.3
2018,2,23,15,638,25.7
2018,2,23,16,495,24.8
2018,2,23,17,211,24
2018,2,23,18,53,23.4
2018,2,23,19,0,23.2
2018,2,23,20,0,23.2
2018,2,23,21,0,23.2
2018,2,23,22,0,23.1
2018,2,23,23,0,23
2018,2,24,0,0,22.9
2018,2,24,1,0,22.7
2018,2,24,2,0,22.4
2018,2,24,3,0,22.2
2018,2,24,4,0,22
2018,2,24,5,0,21.9
2018,2,24,6,11,22.7
2018,2,24,7,73,24.2
2018,2,24,8,419,26.1
2018,2,24,9,594,27.7
2018,2,24,10,665,29.2
2018,2,24,11,769,30.2
2018,2,24,12,794,30.8
2018,2,24,13,766,30.9
2018,2,24,14,645,30.7
2018,2,24,15,511,30.1
2018,2,24,16,427,29.4
2018,2,24,17,274,28.3
2018,2,24,18,74,27
2018,2,24,19,0,26.4
2018,2,24,20,0,26.3
2018,2,24,21,0,26.1
2018,2,24,22,0,26
2018,2,24,23,0,25.8
2018,2,25,0,0,25.6
2018,2,25,1,0,25.3
2018,2,25,2,0,24.9
2018,2,25,3,0,24.5
2018,2,25,4,0,24.1
2018,2,25,5,0,23.6
2018,2,25,6,11,23.8
2018,2,25,7,45,24.1
2018,2,25,8,33,24.1
2018,2,25,9,52,23.5
2018,2,25,10,110,22.5
2018,2,25,11,72,21.7
2018,2,25,12,115,21.3
2018,2,25,13,250,21.3
2018,2,25,14,110,21.2
2018,2,25,15,324,21.1
2018,2,25,16,27,20.8
2018,2,25,17,11,20.4
2018,2,25,18,20,20.2
2018,2,25,19,0,20.3
2018,2,25,20,0,20.3
2018,2,25,21,0,20.2
2018,2,25,22,0,20
2018,2,25,23,0,19.8
2018,2,26,0,0,19.6
2018,2,26,1,0,19.7
2018,2,26,2,0,19.7
2018,2,26,3,0,19.6
2018,2,26,4,0,19.5
2018,2,26,5,0,19.4
2018,2,26,6,11,19.4
2018,2,26,7,28,19.6
2018,2,26,8,124,19.7
2018,2,26,9,153,20
2018,2,26,10,249,20.1
2018,2,26,11,253,20.2
2018,2,26,12,357,20.4
2018,2,26,13,640,20.8
2018,2,26,14,348,21
2018,2,26,15,142,21.3
2018,2,26,16,304,21.2
2018,2,26,17,281,21
2018,2,26,18,52,20.5
2018,2,26,19,0,20.5
2018,2,26,20,0,20.6
2018,2,26,21,0,20.6
2018,2,26,22,0,20.6
2018,2,26,23,0,20.6
2018,2,27,0,0,20.5
2018,2,27,1,0,20.4
2018,2,27,2,0,20.3
2018,2,27,3,0,20.1
2018,2,27,4,0,20
2018,2,27,5,0,20
2018,2,27,6,35,20.5
2018,2,27,7,235,21.1
2018,2,27,8,463,21.7
2018,2,27,9,250,22.3
2018,2,27,10,335,22.7
2018,2,27,11,952,22.9
2018,2,27,12,646,23.1
2018,2,27,13,697,23.1
2018,2,27,14,877,23.1
2018,2,27,15,723,22.8
2018,2,27,16,522,22.4
2018,2,27,17,297,21.8
2018,2,27,18,79,20.8
2018,2,27,19,0,20.2
2018,2,27,20,0,20
2018,2,27,21,0,19.8
2018,2,27,22,0,19.7
2018,2,27,23,0,19.4
2018,2,28,0,0,19.2
2018,2,28,1,0,18.9
2018,2,28,2,0,18.7
2018,2,28,3,0,18.4
2018,2,28,4,0,18.2
2018,2,28,5,0,18
2018,2,28,6,35,18.8
2018,2,28,7,236,19.9
2018,2,28,8,466,21.2
2018,2,28,9,674,22.5
2018,2,28,10,841,24
2018,2,28,11,946,25.4
2018,2,28,12,984,26.4
2018,2,28,13,951,27.2
2018,2,28,14,851,27.8
2018,2,28,15,693,27.9
2018,2,28,16,494,27.5
2018,2,28,17,273,26.4
2018,2,28,18,68,25
2018,2,28,19,0,24.4
2018,2,28,20,0,24.3
2018,2,28,21,0,24.2
2018,2,28,22,0,24.1
2018,2,28,23,0,24
2018,3,1,0,0,23.8
2018,3,1,1,0,23.6
2018,3,1,2,0,22.9
2018,3,1,3,0,22.1
2018,3,1,4,0,21.4
2018,3,1,5,0,21.1
2018,3,1,6,21,21.6
2018,3,1,7,200,22.1
2018,3,1,8,422,22.6
2018,3,1,9,632,23
2018,3,1,10,476,23.4
2018,3,1,11,549,23.7
2018,3,1,12,373,23.8
2018,3,1,13,133,23.6
2018,3,1,14,571,23.3
2018,3,1,15,676,22.8
2018,3,1,16,480,22.4
2018,3,1,17,262,21.8
2018,3,1,18,61,21.3
2018,3,1,19,0,21.1
2018,3,1,20,0,21
2018,3,1,21,0,21
2018,3,1,22,0,20.9
2018,3,1,23,0,20.8
2018,3,2,0,0,20.7
2018,3,2,1,0,20.5
2018,3,2,2,0,20.4
2018,3,2,3,0,20.3
2018,3,2,4,0,20.1
2018,3,2,5,0,20.1
2018,3,2,6,26,20.5
2018,3,2,7,152,21.2
2018,3,2,8,138,21.9
2018,3,2,9,297,22.6
2018,3,2,10,483,23.2
2018,3,2,11,375,23.7
2018,3,2,12,334,23.9
2018,3,2,13,715,23.7
2018,3,2,14,625,23.7
2018,3,2,15,672,23.5
2018,3,2,16,477,23.1
2018,3,2,17,228,22.5
2018,3,2,18,33,21.7
2018,3,2,19,0,21.4
2018,3,2,20,0,21.3
2018,3,2,21,0,21.2
2018,3,2,22,0,21.2
2018,3,2,23,0,21.2
2018,3,3,0,0,21.1
2018,3,3,1,0,20.8
2018,3,3,2,0,20.6
2018,3,3,3,0,20.4
2018,3,3,4,0,20.2
2018,3,3,5,0,20.1
2018,3,3,6,25,20.9
2018,3,3,7,209,22.1
2018,3,3,8,429,23.2
2018,3,3,9,634,24.2
2018,3,3,10,799,25.2
2018,3,3,11,906,25.9
2018,3,3,12,948,26.4
2018,3,3,13,920,26.7
2018,3,3,14,823,26.6
2018,3,3,15,669,26.3
2018,3,3,16,472,25.7
2018,3,3,17,252,24.6
2018,3,3,18,55,23.4
2018,3,3,19,0,22.8
2018,3,3,20,0,22.6
2018,3,3,21,0,22.5
2018,3,3,22,0,22.4
2018,3,3,23,0,22.3
2018,3,4,0,0,22.2
2018,3,4,1,0,22.1
2018,3,4,2,0,22
2018,3,4,3,0,21.9
2018,3,4,4,0,21.8
2018,3,4,5,0,21.7
2018,3,4,6,9,22.4
2018,3,4,7,94,23.6
2018,3,4,8,276,24.3
2018,3,4,9,173,24.4
2018,3,4,10,325,24.3
2018,3,4,11,253,24.1
2018,3,4,12,360,23.9
2018,3,4,13,462,23.7
2018,3,4,14,358,23.6
2018,3,4,15,122,23.3
2018,3,4,16,52,22.9
2018,3,4,17,47,22.3
2018,3,4,18,12,21.6
2018,3,4,19,0,21.3
2018,3,4,20,0,21.2
2018,3,4,21,0,21.2
2018,3,4,22,0,21.1
2018,3,4,23,0,21.1
2018,3,5,0,0,21
2018,3,5,1,0,20.9
2018,3,5,2,0,20.9
2018,3,5,3,0,20.9
2018,3,5,4,0,20.9
2018,3,5,5,0,21
2018,3,5,6,16,21.6
2018,3,5,7,182,22.1
2018,3,5,8,71,22.7
2018,3,5,9,51,23.2
2018,3,5,10,134,23.6
2018,3,5,11,441,23.7
2018,3,5,12,74,23.6
2018,3,5,13,153,23.3
2018,3,5,14,142,22.9
2018,3,5,15,121,22.4
2018,3,5,16,132,21.7
2018,3,5,17,14,21.1
2018,3,5,18,5,20.7
2018,3,5,19,0,20.6
2018,3,5,20,0,20.6
2018,3,5,21,0,20.5
2018,3,5,22,0,20.3
2018,3,5,23,0,20.1
2018,3,6,0,0,20
2018,3,6,1,0,20
2018,3,6,2,0,19.9
2018,3,6,3,0,20
2018,3,6,4,0,20.1
2018,3,6,5,0,20.2
2018,3,6,6,13,20.6
2018,3,6,7,156,21.2
2018,3,6,8,184,21.8
2018,3,6,9,619,22.4
2018,3,6,10,448,22.7
2018,3,6,11,524,23.1
2018,3,6,12,717,23.3
2018,3,6,13,665,23.1
2018,3,6,14,818,23
2018,3,6,15,242,22.8
2018,3,6,16,37,22.5
2018,3,6,17,93,22
2018,3,6,18,46,21.4
2018,3,6,19,0,21.2
2018,3,6,20,0,21.2
2018,3,6,21,0,21.2
2018,3,6,22,0,21.1
2018,3,6,23,0,21.1
2018,3,7,0,0,21
2018,3,7,1,0,21
2018,3,7,2,0,20.9
2018,3,7,3,0,20.9
2018,3,7,4,0,20.8
2018,3,7,5,0,20.7
2018,3,7,6,8,21.1
2018,3,7,7,208,21.7
2018,3,7,8,433,22.1
2018,3,7,9,640,22.5
2018,3,7,10,804,22.8
2018,3,7,11,564,23.1
2018,3,7,12,953,23.3
2018,3,7,13,920,23.3
2018,3,7,14,613,23.1
2018,3,7,15,669,22.8
2018,3,7,16,470,22.5
2018,3,7,17,247,22
2018,3,7,18,13,21.6
2018,3,7,19,0,21.4
2018,3,7,20,0,21.2
2018,3,7,21,0,21.2
2018,3,7,22,0,21
2018,3,7,23,0,20.7
2018,3,8,0,0,20.5
2018,3,8,1,0,20.5
2018,3,8,2,0,20.4
2018,3,8,3,0,20.6
2018,3,8,4,0,20.7
2018,3,8,5,0,20.7
2018,3,8,6,19,21.3
2018,3,8,7,92,22
2018,3,8,8,426,22.5
2018,3,8,9,632,23
2018,3,8,10,493,23.4
2018,3,8,11,899,23.6
2018,3,8,12,942,23.7
2018,3,8,13,912,23.7
2018,3,8,14,819,23.6
2018,3,8,15,600,23.3
2018,3,8,16,309,23
2018,3,8,17,245,22.5
2018,3,8,18,44,22
2018,3,8,19,0,21.8
2018,3,8,20,0,21.7
2018,3,8,21,0,21.6
2018,3,8,22,0,21.5
2018,3,8,23,0,21.3
2018,3,9,0,0,21.2
2018,3,9,1,0,21.1
2018,3,9,2,0,20.9
2018,3,9,3,0,20.8
2018,3,9,4,0,20.8
2018,3,9,5,0,20.9
2018,3,9,6,17,21.6
2018,3,9,7,197,22.4
2018,3,9,8,417,22.9
2018,3,9,9,622,23.6
2018,3,9,10,789,23.7
2018,3,9,11,896,23.9
2018,3,9,12,936,24.1
2018,3,9,13,522,24.2
2018,3,9,14,807,24
2018,3,9,15,656,23.8
2018,3,9,16,458,23.4
2018,3,9,17,239,22.9
2018,3,9,18,41,22.1
2018,3,9,19,0,21.7
2018,3,9,20,0,21.6
2018,3,9,21,0,21.6
2018,3,9,22,0,21.7
2018,3,9,23,0,21.8
2018,3,10,0,0,21.8
2018,3,10,1,0,21.7
2018,3,10,2,0,21.7
2018,3,10,3,0,21.5
2018,3,10,4,0,21.5
2018,3,10,5,0,21.4
2018,3,10,6,17,22
2018,3,10,7,200,22.8
2018,3,10,8,423,23.4
2018,3,10,9,99,23.9
2018,3,10,10,561,24.3
2018,3,10,11,311,24.8
2018,3,10,12,604,25.1
2018,3,10,13,638,25.1
2018,3,10,14,603,24.9
2018,3,10,15,660,24.4
2018,3,10,16,460,23.9
2018,3,10,17,238,23.2
2018,3,10,18,39,22.1
2018,3,10,19,0,21.7
2018,3,10,20,0,21.5
2018,3,10,21,0,21.2
2018,3,10,22,0,21
2018,3,10,23,0,20.9
2018,3,11,0,0,20.8
2018,3,11,1,0,20.8
2018,3,11,2,0,20.6
2018,3,11,3,0,20.3
2018,3,11,4,0,20
2018,3,11,5,0,19.6
2018,3,11,6,15,20
2018,3,11,7,197,21.3
2018,3,11,8,421,22.6
2018,3,11,9,627,23.6
2018,3,11,10,797,24.5
2018,3,11,11,907,25.3
2018,3,11,12,948,26
2018,3,11,13,921,26.4
2018,3,11,14,827,26.5
2018,3,11,15,669,26.3
2018,3,11,16,465,25.7
2018,3,11,17,237,24.6
2018,3,11,18,36,23.1
2018,3,11,19,0,22.4
2018,3,11,20,0,21.9
2018,3,11,21,0,21.5
2018,3,11,22,0,21.1
2018,3,11,23,0,20.8
2018,3,12,0,0,20.6
2018,3,12,1,0,20.5
2018,3,12,2,0,20.6
2018,3,12,3,0,20.6
2018,3,12,4,0,20.7
2018,3,12,5,0,20.7
2018,3,12,6,13,21
2018,3,12,7,90,21.8
2018,3,12,8,397,23
2018,3,12,9,506,23.8
2018,3,12,10,565,24.6
2018,3,12,11,678,25.3
2018,3,12,12,893,25.7
2018,3,12,13,865,25.8
2018,3,12,14,770,25.5
2018,3,12,15,617,25
2018,3,12,16,422,24.4
2018,3,12,17,208,23.7
2018,3,12,18,13,22.9
2018,3,12,19,0,22.5
2018,3,12,20,0,22.1
2018,3,12,21,0,21.8
2018,3,12,22,0,21.6
2018,3,12,23,0,21.4
2018,3,13,0,0,21.2
2018,3,13,1,0,21
2018,3,13,2,0,20.9
2018,3,13,3,0,20.8
2018,3,13,4,0,20.7
2018,3,13,5,0,20.6
2018,3,13,6,1,20.8
2018,3,13,7,12,21.2
2018,3,13,8,38,21.6
2018,3,13,9,48,22.1
2018,3,13,10,80,22.4
2018,3,13,11,262,22.6
2018,3,13,12,73,22.6
2018,3,13,13,71,22.6
2018,3,13,14,64,22.5
2018,3,13,15,120,22.4
2018,3,13,16,32,22.1
2018,3,13,17,195,21.7
2018,3,13,18,7,21.3
2018,3,13,19,0,21.1
2018,3,13,20,0,21
2018,3,13,21,0,20.9
2018,3,13,22,0,20.8
2018,3,13,23,0,20.7
2018,3,14,0,0,20.6
2018,3,14,1,0,20.5
2018,3,14,2,0,20.4
2018,3,14,3,0,20.4
2018,3,14,4,0,20.4
2018,3,14,5,0,20.5
2018,3,14,6,0,20.8
2018,3,14,7,91,21.4
2018,3,14,8,259,21.9
2018,3,14,9,341,22.9
2018,3,14,10,741,23.9
2018,3,14,11,669,24.7
2018,3,14,12,475,25.4
2018,3,14,13,852,25.9
2018,3,14,14,755,25.8
2018,3,14,15,603,25.6
2018,3,14,16,409,25.3
2018,3,14,17,196,24.5
2018,3,14,18,9,23.6
2018,3,14,19,0,23.1
2018,3,14,20,0,22.9
2018,3,14,21,0,22.8
2018,3,14,22,0,22.8
2018,3,14,23,0,22.7
2018,3,15,0,0,22.5
2018,3,15,1,0,22.3
2018,3,15,2,0,21.9
2018,3,15,3,0,21.6
2018,3,15,4,0,21.3
2018,3,15,5,0,21
2018,3,15,6,0,21.5
2018,3,15,7,168,22.5
2018,3,15,8,380,23.9
2018,3,15,9,578,25.7
2018,3,15,10,746,27.2
2018,3,15,11,848,28.6
2018,3,15,12,885,29.7
2018,3,15,13,849,30.2
2018,3,15,14,743,29.7
2018,3,15,15,166,28.5
2018,3,15,16,244,27.2
2018,3,15,17,125,25.6
2018,3,15,18,11,24.2
2018,3,15,19,0,23.5
2018,3,15,20,0,23.2
2018,3,15,21,0,22.9
2018,3,15,22,0,22.6
2018,3,15,23,0,22.3
2018,3,16,0,0,22.1
2018,3,16,1,0,22
2018,3,16,2,0,22
2018,3,16,3,0,22
2018,3,16,4,0,21.8
2018,3,16,5,0,21.7
2018,3,16,6,0,22.2
2018,3,16,7,11,22.7
2018,3,16,8,28,23.3
2018,3,16,9,217,23.8
2018,3,16,10,132,24.3
2018,3,16,11,526,24.7
2018,3,16,12,588,24.8
2018,3,16,13,616,24.8
2018,3,16,14,731,24.5
2018,3,16,15,579,24.2
2018,3,16,16,386,23.7
2018,3,16,17,117,23
2018,3,16,18,9,22.4
2018,3,16,19,0,22.2
2018,3,16,20,0,22.1
2018,3,16,21,0,22.1
2018,3,16,22,0,22.1
2018,3,16,23,0,22.1
2018,3,17,0,0,22
2018,3,17,1,0,21.9
2018,3,17,2,0,21.8
2018,3,17,3,0,21.7
2018,3,17,4,0,21.6
2018,3,17,5,0,21.6
2018,3,17,6,0,21.9
2018,3,17,7,124,23
2018,3,17,8,319,24.5
2018,3,17,9,578,26
2018,3,17,10,740,27.5
2018,3,17,11,846,28.8
2018,3,17,12,885,29.6
2018,3,17,13,857,29.7
2018,3,17,14,762,29.4
2018,3,17,15,608,28.8
2018,3,17,16,410,27.7
2018,3,17,17,194,26.1
2018,3,17,18,17,24.6
2018,3,17,19,0,24
2018,3,17,20,0,23.7
2018,3,17,21,0,23.4
2018,3,17,22,0,23.1
2018,3,17,23,0,22.9
2018,3,18,0,0,22.7
2018,3,18,1,0,22.6
2018,3,18,2,0,22.5
2018,3,18,3,0,22.3
2018,3,18,4,0,22.2
2018,3,18,5,0,22
2018,3,18,6,0,22.6
2018,3,18,7,166,23.9
2018,3,18,8,379,25.7
2018,3,18,9,576,28
2018,3,18,10,735,30
2018,3,18,11,838,31.4
2018,3,18,12,878,32.3
2018,3,18,13,848,32.8
2018,3,18,14,752,33
2018,3,18,15,598,33
2018,3,18,16,401,32.6
2018,3,18,17,186,31.4
2018,3,18,18,15,30.1
2018,3,18,19,0,29.4
2018,3,18,20,0,28.6
2018,3,18,21,0,27.6
2018,3,18,22,0,26.9
2018,3,18,23,0,26.1
2018,3,19,0,0,25
2018,3,19,1,0,23.9
2018,3,19,2,0,23
2018,3,19,3,0,22.5
2018,3,19,4,0,22.1
2018,3,19,5,0,21.8
2018,3,19,6,0,22
2018,3,19,7,149,22.6
2018,3,19,8,363,23.4
2018,3,19,9,566,24.6
2018,3,19,10,741,26.1
2018,3,19,11,846,27.6
2018,3,19,12,886,29
2018,3,19,13,856,29.8
2018,3,19,14,757,30.2
2018,3,19,15,601,29.8
2018,3,19,16,402,28.6
2018,3,19,17,184,26.5
2018,3,19,18,12,24.4
2018,3,19,19,0,23.5
2018,3,19,20,0,23.1
2018,3,19,21,0,22.8
2018,3,19,22,0,22.6
2018,3,19,23,0,22.4
2018,3,20,0,0,22
2018,3,20,1,0,21.5
2018,3,20,2,0,21
2018,3,20,3,0,20.7
2018,3,20,4,0,20.3
2018,3,20,5,0,20
2018,3,20,6,0,20.4
2018,3,20,7,81,21.6
2018,3,20,8,373,22.9
2018,3,20,9,455,24.1
2018,3,20,10,725,25
2018,3,20,11,819,25.6
2018,3,20,12,847,25.8
2018,3,20,13,821,25.8
2018,3,20,14,341,25.2
2018,3,20,15,175,24
2018,3,20,16,314,22.9
2018,3,20,17,161,22.2
2018,3,20,18,7,21.8
2018,3,20,19,0,21.7
2018,3,20,20,0,21.6
2018,3,20,21,0,21.5
2018,3,20,22,0,21.3
2018,3,20,23,0,21.1
2018,3,21,0,0,21
2018,3,21,1,0,20.8
2018,3,21,2,0,20.7
2018,3,21,3,0,20.6
2018,3,21,4,0,20.5
2018,3,21,5,0,20.4
2018,3,21,6,0,20.5
2018,3,21,7,7,20.6
2018,3,21,8,15,21
2018,3,21,9,281,21.3
2018,3,21,10,309,21.5
2018,3,21,11,77,21.4
2018,3,21,12,125,21.4
2018,3,21,13,113,21.4
2018,3,21,14,88,21.3
2018,3,21,15,99,21
2018,3,21,16,28,20.8
2018,3,21,17,11,20.5
2018,3,21,18,0,20.3
2018,3,21,19,0,20.3
2018,3,21,20,0,20.3
2018,3,21,21,0,20.2
2018,3,21,22,0,20
2018,3,21,23,0,19.9
2018,3,22,0,0,19.8
2018,3,22,1,0,19.7
2018,3,22,2,0,19.7
2018,3,22,3,0,19.7
2018,3,22,4,0,19.7
2018,3,22,5,0,19.9
2018,3,22,6,0,20
2018,3,22,7,75,20.3
2018,3,22,8,220,20.6
2018,3,22,9,220,21.1
2018,3,22,10,544,21.5
2018,3,22,11,617,21.4
2018,3,22,12,518,21.4
2018,3,22,13,288,21.3
2018,3,22,14,330,21.2
2018,3,22,15,398,21.2
2018,3,22,16,226,20.9
2018,3,22,17,135,20.6
2018,3,22,18,0,20.2
2018,3,22,19,0,20.3
2018,3,22,20,0,20.5
2018,3,22,21,0,20.6
2018,3,22,22,0,20.6
2018,3,22,23,0,20.6
2018,3,23,0,0,20.6
2018,3,23,1,0,20.6
2018,3,23,2,0,20.7
2018,3,23,3,0,20.8
2018,3,23,4,0,20.9
2018,3,23,5,0,20.9
2018,3,23,6,0,21.2
2018,3,23,7,66,21.9
2018,3,23,8,163,22.4
2018,3,23,9,183,22.8
2018,3,23,10,146,23.2
2018,3,23,11,420,23.5
2018,3,23,12,617,23.7
2018,3,23,13,628,23.6
2018,3,23,14,454,23.4
2018,3,23,15,245,23.3
2018,3,23,16,287,23
2018,3,23,17,133,22.5
2018,3,23,18,0,21.8
2018,3,23,19,0,21.5
2018,3,23,20,0,21.3
2018,3,23,21,0,21.1
2018,3,23,22,0,21.1
2018,3,23,23,0,20.9
2018,3,24,0,0,20.8
2018,3,24,1,0,20.6
2018,3,24,2,0,20.3
2018,3,24,3,0,20
2018,3,24,4,0,19.7
2018,3,24,5,0,19.4
2018,3,24,6,0,19.6
2018,3,24,7,43,20.2
2018,3,24,8,346,21.4
2018,3,24,9,539,22.8
2018,3,24,10,367,24
2018,3,24,11,647,25
2018,3,24,12,837,25.6
2018,3,24,13,803,25.9
2018,3,24,14,590,25.8
2018,3,24,15,58,25.6
2018,3,24,16,211,25
2018,3,24,17,43,24
2018,3,24,18,0,23
2018,3,24,19,0,22.6
2018,3,24,20,0,22.4
2018,3,24,21,0,22.1
2018,3,24,22,0,21.8
2018,3,24,23,0,21.5
2018,3,25,0,0,21.2
2018,3,25,1,0,21
2018,3,25,2,0,20.9
2018,3,25,3,0,20.8
2018,3,25,4,0,20.7
2018,3,25,5,0,20.5
2018,3,25,6,0,20.9
2018,3,25,7,81,22
2018,3,25,8,356,23.8
2018,3,25,9,553,25.9
2018,3,25,10,710,27.4
2018,3,25,11,689,28.5
2018,3,25,12,633,29.1
2018,3,25,13,465,29.4
2018,3,25,14,575,29.3
2018,3,25,15,362,29.1
2018,3,25,16,229,28.7
2018,3,25,17,65,27.5
2018,3,25,18,0,26.3
2018,3,25,19,0,25.5
2018,3,25,20,0,24.4
2018,3,25,21,0,23.5
2018,3,25,22,0,22.6
2018,3,25,23,0,21.9
2018,3,26,0,0,21.5
2018,3,26,1,0,21.5
2018,3,26,2,0,21.6
2018,3,26,3,0,21.7
2018,3,26,4,0,21.6
2018,3,26,5,0,21.5
2018,3,26,6,0,21.6
2018,3,26,7,62,21.5
2018,3,26,8,353,21.2
2018,3,26,9,345,21.4
2018,3,26,10,736,22
2018,3,26,11,850,22.7
2018,3,26,12,891,23.5
2018,3,26,13,861,24.1
2018,3,26,14,759,24.5
2018,3,26,15,598,24.7
2018,3,26,16,392,24.6
2018,3,26,17,168,23.5
2018,3,26,18,0,22.1
2018,3,26,19,0,20.9
2018,3,26,20,0,19.8
2018,3,26,21,0,19
2018,3,26,22,0,18.2
2018,3,26,23,0,17.7
2018,3,27,0,0,17.1
2018,3,27,1,0,16.6
2018,3,27,2,0,16.3
2018,3,27,3,0,16.2
2018,3,27,4,0,16.1
2018,3,27,5,0,16.2
2018,3,27,6,0,16.6
2018,3,27,7,153,18
2018,3,27,8,369,19.6
2018,3,27,9,568,21
2018,3,27,10,727,22
2018,3,27,11,826,22.8
2018,3,27,12,861,23.3
2018,3,27,13,825,23.6
2018,3,27,14,480,23.6
2018,3,27,15,308,23.4
2018,3,27,16,211,22.9
2018,3,27,17,65,22.1
2018,3,27,18,0,21.2
2018,3,27,19,0,20.9
2018,3,27,20,0,20.8
2018,3,27,21,0,20.9
2018,3,27,22,0,20.9
2018,3,27,23,0,20.7
2018,3,28,0,0,20.5
2018,3,28,1,0,20.2
2018,3,28,2,0,19.9
2018,3,28,3,0,19.6
2018,3,28,4,0,19.4
2018,3,28,5,0,19.2
2018,3,28,6,0,19.4
2018,3,28,7,61,20.7
2018,3,28,8,341,22.3
2018,3,28,9,535,23.4
2018,3,28,10,701,24.4
2018,3,28,11,801,25.2
2018,3,28,12,835,25.7
2018,3,28,13,802,26
2018,3,28,14,701,26.1
2018,3,28,15,546,25.8
2018,3,28,16,349,25
2018,3,28,17,141,23.8
2018,3,28,18,0,22.6
2018,3,28,19,0,22.1
2018,3,28,20,0,21.9
2018,3,28,21,0,21.7
2018,3,28,22,0,21.5
2018,3,28,23,0,21.2
2018,3,29,0,0,21
2018,3,29,1,0,20.8
2018,3,29,2,0,20.6
2018,3,29,3,0,20.6
2018,3,29,4,0,20.5
2018,3,29,5,0,20.4
2018,3,29,6,0,20.6
2018,3,29,7,60,21.7
2018,3,29,8,344,23.3
2018,3,29,9,539,24.5
2018,3,29,10,697,25.3
2018,3,29,11,795,25.8
2018,3,29,12,828,26.1
2018,3,29,13,794,26.2
2018,3,29,14,693,26.1
2018,3,29,15,538,25.7
2018,3,29,16,342,25.1
2018,3,29,17,67,24.1
2018,3,29,18,0,22.9
2018,3,29,19,0,22.4
2018,3,29,20,0,22.2
2018,3,29,21,0,21.9
2018,3,29,22,0,21.7
2018,3,29,23,0,21.5
2018,3,30,0,0,21.3
2018,3,30,1,0,21.1
2018,3,30,2,0,20.9
2018,3,30,3,0,20.7
2018,3,30,4,0,20.4
2018,3,30,5,0,20.1
2018,3,30,6,0,20.1
2018,3,30,7,137,21.3
2018,3,30,8,347,23.1
2018,3,30,9,543,24.8
2018,3,30,10,702,26.4
2018,3,30,11,803,28.1
2018,3,30,12,835,29.3
2018,3,30,13,801,29.2
2018,3,30,14,698,28.5
2018,3,30,15,538,27.6
2018,3,30,16,339,26.3
2018,3,30,17,130,24.4
2018,3,30,18,0,22.9
2018,3,30,19,0,22.5
2018,3,30,20,0,22.2
2018,3,30,21,0,22
2018,3,30,22,0,21.8
2018,3,30,23,0,21.6
2018,3,31,0,0,21.4
2018,3,31,1,0,21.2
2018,3,31,2,0,21
2018,3,31,3,0,21
2018,3,31,4,0,21
2018,3,31,5,0,21
2018,3,31,6,0,21.2
2018,3,31,7,123,21.7
2018,3,31,8,323,22.2
2018,3,31,9,515,22.7
2018,3,31,10,411,23.2
2018,3,31,11,312,23.5
2018,3,31,12,410,23.7
2018,3,31,13,477,23.8
2018,3,31,14,456,23.7
2018,3,31,15,512,23.4
2018,3,31,16,320,23.1
2018,3,31,17,118,22.6
2018,3,31,18,0,22.1
2018,3,31,19,0,21.9
2018,3,31,20,0,21.8
2018,3,31,21,0,21.7
2018,3,31,22,0,21.5
2018,3,31,23,0,21.3
2018,4,1,0,0,21.1
2018,4,1,1,0,21
2018,4,1,2,0,21
2018,4,1,3,0,20.8
2018,4,1,4,0,20.7
2018,4,1,5,0,20.6
2018,4,1,6,0,20.7
2018,4,1,7,127,21.8
2018,4,1,8,331,23.2
2018,4,1,9,524,24.8
2018,4,1,10,686,26.2
2018,4,1,11,782,27.4
2018,4,1,12,814,28.3
2018,4,1,13,781,28.7
2018,4,1,14,680,28.6
2018,4,1,15,522,28.2
2018,4,1,16,325,27.3
2018,4,1,17,120,25.7
2018,4,1,18,0,24.5
2018,4,1,19,0,23.9
2018,4,1,20,0,23.6
2018,4,1,21,0,23.3
2018,4,1,22,0,23
2018,4,1,23,0,22.8
2018,4,2,0,0,22.6
2018,4,2,1,0,22.5
2018,4,2,2,0,22.4
2018,4,2,3,0,22.3
2018,4,2,4,0,22.2
2018,4,2,5,0,21.9
2018,4,2,6,0,21.9
2018,4,2,7,86,22.7
2018,4,2,8,265,23.6
2018,4,2,9,464,24.7
2018,4,2,10,580,26
2018,4,2,11,659,27.7
2018,4,2,12,308,28.8
2018,4,2,13,528,29.4
2018,4,2,14,654,29.5
2018,4,2,15,463,28.5
2018,4,2,16,233,27
2018,4,2,17,106,24.8
2018,4,2,18,0,23.2
2018,4,2,19,0,22.5
2018,4,2,20,0,22.1
2018,4,2,21,0,21.9
2018,4,2,22,0,21.7
2018,4,2,23,0,21.3
2018,4,3,0,0,21
2018,4,3,1,0,20.8
2018,4,3,2,0,20.7
2018,4,3,3,0,20.6
2018,4,3,4,0,20.5
2018,4,3,5,0,20.5
2018,4,3,6,0,20.7
2018,4,3,7,114,21.3
2018,4,3,8,54,21.9
2018,4,3,9,128,22.6
2018,4,3,10,358,23.2
2018,4,3,11,355,23.5
2018,4,3,12,791,23.6
2018,4,3,13,755,23.6
2018,4,3,14,654,23.3
2018,4,3,15,502,22.9
2018,4,3,16,310,22.4
2018,4,3,17,109,21.7
2018,4,3,18,0,21.1
2018,4,3,19,0,20.9
2018,4,3,20,0,20.9
2018,4,3,21,0,20.8
2018,4,3,22,0,20.8
2018,4,3,23,0,20.9
2018,4,4,0,0,20.9
2018,4,4,1,0,20.9
2018,4,4,2,0,20.8
2018,4,4,3,0,20.8
2018,4,4,4,0,20.8
2018,4,4,5,0,20.9
2018,4,4,6,0,21.1
2018,4,4,7,116,22
2018,4,4,8,176,22.5
2018,4,4,9,508,23.1
2018,4,4,10,659,23.7
2018,4,4,11,320,24.1
2018,4,4,12,454,24.2
2018,4,4,13,562,24.3
2018,4,4,14,649,24.1
2018,4,4,15,497,23.6
2018,4,4,16,305,23.1
2018,4,4,17,61,22.4
2018,4,4,18,0,21.9
2018,4,4,19,0,21.7
2018,4,4,20,0,21.5
2018,4,4,21,0,21.5
2018,4,4,22,0,21.6
2018,4,4,23,0,21.7
2018,4,5,0,0,21.8
2018,4,5,1,0,21.9
2018,4,5,2,0,21.9
2018,4,5,3,0,21.8
2018,4,5,4,0,21.6
2018,4,5,5,0,21.3
2018,4,5,6,0,20.9
2018,4,5,7,117,21.7
2018,4,5,8,317,22.9
2018,4,5,9,506,24
2018,4,5,10,663,25.1
2018,4,5,11,758,25.8
2018,4,5,12,788,26.5
2018,4,5,13,752,26.8
2018,4,5,14,652,26.8
2018,4,5,15,499,26.5
2018,4,5,16,299,25.9
2018,4,5,17,101,24.7
2018,4,5,18,0,23.6
2018,4,5,19,0,23
2018,4,5,20,0,22.6
2018,4,5,21,0,22.3
2018,4,5,22,0,22
2018,4,5,23,0,21.7
2018,4,6,0,0,21.4
2018,4,6,1,0,21
2018,4,6,2,0,20.6
2018,4,6,3,0,20.3
2018,4,6,4,0,20.2
2018,4,6,5,0,20.2
2018,4,6,6,0,20.5
2018,4,6,7,112,21.4
2018,4,6,8,308,22.6
2018,4,6,9,494,23.7
2018,4,6,10,648,24.5
2018,4,6,11,740,25.1
2018,4,6,12,770,25.3
2018,4,6,13,734,25.1
2018,4,6,14,632,24.7
2018,4,6,15,479,24.2
2018,4,6,16,287,23.6
2018,4,6,17,93,22.7
2018,4,6,18,0,22
2018,4,6,19,0,21.6
2018,4,6,20,0,21.5
2018,4,6,21,0,21.3
2018,4,6,22,0,21.4
2018,4,6,23,0,21.4
2018,4,7,0,0,21.5
2018,4,7,1,0,21.5
2018,4,7,2,0,21.5
2018,4,7,3,0,21.6
2018,4,7,4,0,21.6
2018,4,7,5,0,21.7
2018,4,7,6,0,21.9
2018,4,7,7,114,22.7
2018,4,7,8,317,23.8
2018,4,7,9,507,24.6
2018,4,7,10,662,25.3
2018,4,7,11,757,25.9
2018,4,7,12,787,26.5
2018,4,7,13,751,26.9
2018,4,7,14,649,27
2018,4,7,15,491,26.8
2018,4,7,16,296,26.2
2018,4,7,17,96,24.8
2018,4,7,18,0,23.7
2018,4,7,19,0,23.2
2018,4,7,20,0,22.9
2018,4,7,21,0,22.5
2018,4,7,22,0,22.2
2018,4,7,23,0,21.9
2018,4,8,0,0,21.6
2018,4,8,1,0,21.2
2018,4,8,2,0,20.7
2018,4,8,3,0,20.1
2018,4,8,4,0,19.5
2018,4,8,5,0,19.2
2018,4,8,6,0,19.3
2018,4,8,7,110,20.6
2018,4,8,8,310,22
2018,4,8,9,500,23.3
2018,4,8,10,657,24.4
2018,4,8,11,751,25.5
2018,4,8,12,783,26.5
2018,4,8,13,749,26.8
2018,4,8,14,647,26.9
2018,4,8,15,489,26.7
2018,4,8,16,292,26
2018,4,8,17,92,24.2
2018,4,8,18,0,23.1
2018,4,8,19,0,22.9
2018,4,8,20,0,22.7
2018,4,8,21,0,22.5
2018,4,8,22,0,22.3
2018,4,8,23,0,22.1
2018,4,9,0,0,21.8
2018,4,9,1,0,21.3
2018,4,9,2,0,20.6
2018,4,9,3,0,20.1
2018,4,9,4,0,19.7
2018,4,9,5,0,19.4
2018,4,9,6,0,19.3
2018,4,9,7,118,20.6
2018,4,9,8,325,22.3
2018,4,9,9,512,24.9
2018,4,9,10,656,27.3
2018,4,9,11,744,29.1
2018,4,9,12,772,29.5
2018,4,9,13,735,29
2018,4,9,14,631,28
2018,4,9,15,300,26.6
2018,4,9,16,127,24.9
2018,4,9,17,84,23.3
2018,4,9,18,0,22.3
2018,4,9,19,0,21.8
2018,4,9,20,0,21.6
2018,4,9,21,0,21.4
2018,4,9,22,0,21.1
2018,4,9,23,0,20.9
2018,4,10,0,0,20.7
2018,4,10,1,0,20.5
2018,4,10,2,0,20.4
2018,4,10,3,0,20.2
2018,4,10,4,0,20.1
2018,4,10,5,0,20.1
2018,4,10,6,0,20.2
2018,4,10,7,39,21.2
2018,4,10,8,52,21.8
2018,4,10,9,89,22.4
2018,4,10,10,421,23
2018,4,10,11,189,23.4
2018,4,10,12,237,23.6
2018,4,10,13,549,23.5
2018,4,10,14,316,23.3
2018,4,10,15,408,23
2018,4,10,16,264,22.5
2018,4,10,17,19,21.9
2018,4,10,18,0,21.4
2018,4,10,19,0,21.4
2018,4,10,20,0,21.3
2018,4,10,21,0,21.2
2018,4,10,22,0,21.1
2018,4,10,23,0,20.9
2018,4,11,0,0,20.7
2018,4,11,1,0,20.5
2018,4,11,2,0,20.3
2018,4,11,3,0,20.1
2018,4,11,4,0,20
2018,4,11,5,0,19.8
2018,4,11,6,0,19.8
2018,4,11,7,97,20.9
2018,4,11,8,289,22.2
2018,4,11,9,474,23.5
2018,4,11,10,624,24.7
2018,4,11,11,718,25.8
2018,4,11,12,748,26.5
2018,4,11,13,713,27
2018,4,11,14,614,27.2
2018,4,11,15,461,27
2018,4,11,16,272,26.3
2018,4,11,17,79,24.8
2018,4,11,18,0,23.6
2018,4,11,19,0,22.9
2018,4,11,20,0,22.6
2018,4,11,21,0,22.3
2018,4,11,22,0,22
2018,4,11,23,0,21.7
2018,4,12,0,0,21.4
2018,4,12,1,0,21.2
2018,4,12,2,0,20.9
2018,4,12,3,0,20.6
2018,4,12,4,0,20.3
2018,4,12,5,0,20
2018,4,12,6,0,19.8
2018,4,12,7,104,20.8
2018,4,12,8,302,22.5
2018,4,12,9,489,25
2018,4,12,10,637,27
2018,4,12,11,729,28.5
2018,4,12,12,758,29.5
2018,4,12,13,719,29.8
2018,4,12,14,618,29.8
2018,4,12,15,462,29.6
2018,4,12,16,272,28.9
2018,4,12,17,78,27.3
2018,4,12,18,0,26.4
2018,4,12,19,0,25.8
2018,4,12,20,0,25.3
2018,4,12,21,0,24.7
2018,4,12,22,0,24.2
2018,4,12,23,0,23.7
2018,4,13,0,0,23.3
2018,4,13,1,0,22.8
2018,4,13,2,0,22.4
2018,4,13,3,0,22.2
2018,4,13,4,0,22.3
2018,4,13,5,0,22.1
2018,4,13,6,0,22
2018,4,13,7,102,23
2018,4,13,8,298,24.4
2018,4,13,9,482,26
2018,4,13,10,626,27.6
2018,4,13,11,714,28.9
2018,4,13,12,741,29.8
2018,4,13,13,547,30
2018,4,13,14,602,29.9
2018,4,13,15,447,29.5
2018,4,13,16,258,28.8
2018,4,13,17,69,27.2
2018,4,13,18,0,26.2
2018,4,13,19,0,25.5
2018,4,13,20,0,25
2018,4,13,21,0,24.4
2018,4,13,22,0,24
2018,4,13,23,0,23.8
2018,4,14,0,0,23.5
2018,4,14,1,0,23.3
2018,4,14,2,0,23.3
2018,4,14,3,0,23
2018,4,14,4,0,22.8
2018,4,14,5,0,22.6
2018,4,14,6,0,22
2018,4,14,7,53,22.7
2018,4,14,8,84,23.8
2018,4,14,9,467,25
2018,4,14,10,614,26.2
2018,4,14,11,697,27.2
2018,4,14,12,725,28
2018,4,14,13,702,28.4
2018,4,14,14,592,28.3
2018,4,14,15,444,27.9
2018,4,14,16,214,27.3
2018,4,14,17,68,25.9
2018,4,14,18,0,25
2018,4,14,19,0,24.7
2018,4,14,20,0,24.5
2018,4,14,21,0,24.1
2018,4,14,22,0,23.5
2018,4,14,23,0,22.7
2018,4,15,0,0,21.8
2018,4,15,1,0,20.9
2018,4,15,2,0,20.1
2018,4,15,3,0,19.6
2018,4,15,4,0,19.2
2018,4,15,5,0,18.8
2018,4,15,6,0,18.6
2018,4,15,7,95,19
2018,4,15,8,293,19.4
2018,4,15,9,410,20.1
2018,4,15,10,567,20.9
2018,4,15,11,664,22
2018,4,15,12,699,22.8
2018,4,15,13,593,23.3
2018,4,15,14,502,23.4
2018,4,15,15,367,23.4
2018,4,15,16,261,23.1
2018,4,15,17,69,22.1
2018,4,15,18,0,21.3
2018,4,15,19,0,20.8
2018,4,15,20,0,20.5
2018,4,15,21,0,20.3
2018,4,15,22,0,20.1
2018,4,15,23,0,19.9
2018,4,16,0,0,19.7
2018,4,16,1,0,19.5
2018,4,16,2,0,19.4
2018,4,16,3,0,19.4
2018,4,16,4,0,19.3
2018,4,16,5,0,19.3
2018,4,16,6,0,19.3
2018,4,16,7,94,20.5
2018,4,16,8,288,21.8
2018,4,16,9,472,22.9
2018,4,16,10,615,24.1
2018,4,16,11,700,25.2
2018,4,16,12,724,26.1
2018,4,16,13,682,26.7
2018,4,16,14,581,26.9
2018,4,16,15,430,26.7
2018,4,16,16,249,26
2018,4,16,17,62,24.7
2018,4,16,18,0,23.8
2018,4,16,19,0,23.2
2018,4,16,20,0,22.6
2018,4,16,21,0,22.1
2018,4,16,22,0,21.5
2018,4,16,23,0,21
2018,4,17,0,0,20.6
2018,4,17,1,0,20.2
2018,4,17,2,0,19.9
2018,4,17,3,0,19.7
2018,4,17,4,0,19.6
2018,4,17,5,0,19.4
2018,4,17,6,0,19.3
2018,4,17,7,53,19.7
2018,4,17,8,256,20.2
2018,4,17,9,298,20.6
2018,4,17,10,179,20.8
2018,4,17,11,255,20.7
2018,4,17,12,176,20.7
2018,4,17,13,347,20.8
2018,4,17,14,178,20.6
2018,4,17,15,206,20.3
2018,4,17,16,149,19.8
2018,4,17,17,31,19.1
2018,4,17,18,0,18.7
2018,4,17,19,0,18.6
2018,4,17,20,0,18.6
2018,4,17,21,0,18.5
2018,4,17,22,0,18.5
2018,4,17,23,0,18.4
2018,4,18,0,0,18.4
2018,4,18,1,0,18.4
2018,4,18,2,0,18.4
2018,4,18,3,0,18.4
2018,4,18,4,0,18.4
2018,4,18,5,0,18.4
2018,4,18,6,0,18.5
2018,4,18,7,87,19.4
2018,4,18,8,281,20.3
2018,4,18,9,466,20.9
2018,4,18,10,403,21.5
2018,4,18,11,703,22
2018,4,18,12,731,22.3
2018,4,18,13,359,22.5
2018,4,18,14,281,22.5
2018,4,18,15,176,22.2
2018,4,18,16,136,21.6
2018,4,18,17,55,20.6
2018,4,18,18,0,19.9
2018,4,18,19,0,19.7
2018,4,18,20,0,19.6
2018,4,18,21,0,19.6
2018,4,18,22,0,19.5
2018,4,18,23,0,19.4
2018,4,19,0,0,19.2
2018,4,19,1,0,18.9
2018,4,19,2,0,18.5
2018,4,19,3,0,18.2
2018,4,19,4,0,18
2018,4,19,5,0,17.8
2018,4,19,6,0,17.8
2018,4,19,7,56,18.7
2018,4,19,8,262,19.8
2018,4,19,9,342,21.1
2018,4,19,10,430,22.5
2018,4,19,11,676,23.8
2018,4,19,12,703,24.7
2018,4,19,13,518,25.1
2018,4,19,14,128,25.1
2018,4,19,15,95,24.7
2018,4,19,16,40,23.7
2018,4,19,17,12,22.5
2018,4,19,18,0,21.7
2018,4,19,19,0,21.4
2018,4,19,20,0,21.3
2018,4,19,21,0,21.1
2018,4,19,22,0,20.8
2018,4,19,23,0,20.5
2018,4,20,0,0,20.2
2018,4,20,1,0,19.8
2018,4,20,2,0,19.3
2018,4,20,3,0,18.7
2018,4,20,4,0,18.2
2018,4,20,5,0,17.9
2018,4,20,6,0,17.8
2018,4,20,7,52,18.8
2018,4,20,8,261,20.1
2018,4,20,9,440,21.5
2018,4,20,10,587,22.5
2018,4,20,11,673,23.1
2018,4,20,12,699,23.3
2018,4,20,13,659,23.2
2018,4,20,14,558,22.9
2018,4,20,15,407,22.2
2018,4,20,16,223,21.4
2018,4,20,17,46,20.4
2018,4,20,18,0,19.8
2018,4,20,19,0,19.5
2018,4,20,20,0,19.4
2018,4,20,21,0,19.4
2018,4,20,22,0,19.3
2018,4,20,23,0,19.2
2018,4,21,0,0,19.1
2018,4,21,1,0,19
2018,4,21,2,0,18.8
2018,4,21,3,0,18.7
2018,4,21,4,0,18.6
2018,4,21,5,0,18.6
2018,4,21,6,0,18.6
2018,4,21,7,79,19.5
2018,4,21,8,265,20.3
2018,4,21,9,443,21.1
2018,4,21,10,577,21.8
2018,4,21,11,436,22.2
2018,4,21,12,474,22.5
2018,4,21,13,446,22.4
2018,4,21,14,402,22.1
2018,4,21,15,252,21.7
2018,4,21,16,219,21.1
2018,4,21,17,44,20.2
2018,4,21,18,0,19.6
2018,4,21,19,0,19.3
2018,4,21,20,0,19.2
2018,4,21,21,0,19
2018,4,21,22,0,18.9
2018,4,21,23,0,18.7
2018,4,22,0,0,18.6
2018,4,22,1,0,18.4
2018,4,22,2,0,18.2
2018,4,22,3,0,18.1
2018,4,22,4,0,18
2018,4,22,5,0,18
2018,4,22,6,0,18.1
2018,4,22,7,79,19.2
2018,4,22,8,269,20.3
2018,4,22,9,452,21.1
2018,4,22,10,586,21.8
2018,4,22,11,674,22.4
2018,4,22,12,488,22.8
2018,4,22,13,659,22.9
2018,4,22,14,558,22.8
2018,4,22,15,405,22.5
2018,4,22,16,220,21.9
2018,4,22,17,43,20.9
2018,4,22,18,0,20.2
2018,4,22,19,0,20
2018,4,22,20,0,19.9
2018,4,22,21,0,20.1
2018,4,22,22,0,20.2
2018,4,22,23,0,20.3
2018,4,23,0,0,20.3
2018,4,23,1,0,20
2018,4,23,2,0,19.5
2018,4,23,3,0,19
2018,4,23,4,0,18.4
2018,4,23,5,0,18
2018,4,23,6,0,17.6
2018,4,23,7,38,18.2
2018,4,23,8,252,19.5
2018,4,23,9,429,21
2018,4,23,10,574,22.3
2018,4,23,11,663,23.1
2018,4,23,12,688,23.5
2018,4,23,13,635,23.5
2018,4,23,14,536,23.3
2018,4,23,15,387,22.8
2018,4,23,16,215,22.1
2018,4,23,17,29,20.9
2018,4,23,18,0,20.2
2018,4,23,19,0,19.9
2018,4,23,20,0,19.7
2018,4,23,21,0,19.9
2018,4,23,22,0,20.1
2018,4,23,23,0,20
2018,4,24,0,0,19.4
2018,4,24,1,0,18.9
2018,4,24,2,0,18.6
2018,4,24,3,0,18.3
2018,4,24,4,0,18
2018,4,24,5,0,17.7
2018,4,24,6,0,17.6
2018,4,24,7,74,18.5
2018,4,24,8,262,20
2018,4,24,9,445,21
2018,4,24,10,590,21.9
2018,4,24,11,681,22.5
2018,4,24,12,708,22.9
2018,4,24,13,669,23.1
2018,4,24,14,566,23
2018,4,24,15,411,22.6
2018,4,24,16,222,21.8
2018,4,24,17,40,20.5
2018,4,24,18,0,19.6
2018,4,24,19,0,19.3
2018,4,24,20,0,19.2
2018,4,24,21,0,19.4
2018,4,24,22,0,19.4
2018,4,24,23,0,19.3
2018,4,25,0,0,19.1
2018,4,25,1,0,18.9
2018,4,25,2,0,18.7
2018,4,25,3,0,18.4
2018,4,25,4,0,18.2
2018,4,25,5,0,18
2018,4,25,6,0,18.1
2018,4,25,7,70,19.3
2018,4,25,8,251,20.4
2018,4,25,9,426,21.4
2018,4,25,10,202,22.4
2018,4,25,11,652,23.1
2018,4,25,12,466,23.4
2018,4,25,13,507,23.3
2018,4,25,14,376,23
2018,4,25,15,121,22.6
2018,4,25,16,129,22
2018,4,25,17,22,21
2018,4,25,18,0,20.3
2018,4,25,19,0,20
2018,4,25,20,0,20.1
2018,4,25,21,0,20.2
2018,4,25,22,0,20.1
2018,4,25,23,0,19.9
2018,4,26,0,0,19.5
2018,4,26,1,0,19.1
2018,4,26,2,0,18.7
2018,4,26,3,0,18.5
2018,4,26,4,0,18.4
2018,4,26,5,0,18.1
2018,4,26,6,0,17.8
2018,4,26,7,60,18.4
2018,4,26,8,207,19.5
2018,4,26,9,290,21.1
2018,4,26,10,467,22.2
2018,4,26,11,634,22.5
2018,4,26,12,655,22.4
2018,4,26,13,503,22.1
2018,4,26,14,514,21.7
2018,4,26,15,272,21.4
2018,4,26,16,190,20.9
2018,4,26,17,26,20.3
2018,4,26,18,0,20
2018,4,26,19,0,19.8
2018,4,26,20,0,19.7
2018,4,26,21,0,19.5
2018,4,26,22,0,19.3
2018,4,26,23,0,19.1
2018,4,27,0,0,19
2018,4,27,1,0,19
2018,4,27,2,0,18.7
2018,4,27,3,0,18.5
2018,4,27,4,0,18.5
2018,4,27,5,0,18.5
2018,4,27,6,0,18.5
2018,4,27,7,22,18.8
2018,4,27,8,231,19.2
2018,4,27,9,43,19.6
2018,4,27,10,260,19.9
2018,4,27,11,276,20.1
2018,4,27,12,662,20.1
2018,4,27,13,629,20
2018,4,27,14,529,19.9
2018,4,27,15,145,19.6
2018,4,27,16,197,19.2
2018,4,27,17,13,18.8
2018,4,27,18,0,18.6
2018,4,27,19,0,18.4
2018,4,27,20,0,18.4
2018,4,27,21,0,18.4
2018,4,27,22,0,18.3
2018,4,27,23,0,18.4
2018,4,28,0,0,18.6
2018,4,28,1,0,18.7
2018,4,28,2,0,18.5
2018,4,28,3,0,18.4
2018,4,28,4,0,18.4
2018,4,28,5,0,18.4
2018,4,28,6,0,18.2
2018,4,28,7,16,18.6
2018,4,28,8,27,19.3
2018,4,28,9,54,19.7
2018,4,28,10,268,20
2018,4,28,11,428,20.1
2018,4,28,12,282,20.1
2018,4,28,13,392,20.2
2018,4,28,14,267,20.1
2018,4,28,15,377,20
2018,4,28,16,196,19.7
2018,4,28,17,18,19.2
2018,4,28,18,0,19.1
2018,4,28,19,0,19
2018,4,28,20,0,18.9
2018,4,28,21,0,18.7
2018,4,28,22,0,18.5
2018,4,28,23,0,18.2
2018,4,29,0,0,17.9
2018,4,29,1,0,17.7
2018,4,29,2,0,17.5
2018,4,29,3,0,17.5
2018,4,29,4,0,17.5
2018,4,29,5,0,17.7
2018,4,29,6,0,17.9
2018,4,29,7,45,18.4
2018,4,29,8,189,19.2
2018,4,29,9,427,19.9
2018,4,29,10,559,20.4
2018,4,29,11,645,20.6
2018,4,29,12,598,20.8
2018,4,29,13,502,20.8
2018,4,29,14,408,20.7
2018,4,29,15,226,20.4
2018,4,29,16,144,20
2018,4,29,17,17,19.2
2018,4,29,18,0,18.6
2018,4,29,19,0,18.2
2018,4,29,20,0,17.9
2018,4,29,21,0,17.6
2018,4,29,22,0,17.4
2018,4,29,23,0,17.4
2018,4,30,0,0,17.3
2018,4,30,1,0,17.2
2018,4,30,2,0,16.8
2018,4,30,3,0,16.6
2018,4,30,4,0,16.5
2018,4,30,5,0,16.4
2018,4,30,6,0,16.4
2018,4,30,7,8,17
2018,4,30,8,26,17.6
2018,4,30,9,302,18.3
2018,4,30,10,553,19.1
2018,4,30,11,469,19.9
2018,4,30,12,658,20.2
2018,4,30,13,618,20.4
2018,4,30,14,519,20.4
2018,4,30,15,371,20.4
2018,4,30,16,186,19.9
2018,4,30,17,24,18.9
2018,4,30,18,0,18.5
2018,4,30,19,0,18.3
2018,4,30,20,0,18.2
2018,4,30,21,0,18.2
2018,4,30,22,0,18.2
2018,4,30,23,0,18.1
2018,5,1,0,0,17.7
2018,5,1,1,0,17.2
2018,5,1,2,0,16.7
2018,5,1,3,0,16.4
2018,5,1,4,0,16
2018,5,1,5,0,15.7
2018,5,1,6,0,15.4
2018,5,1,7,57,16.3
2018,5,1,8,236,17.6
2018,5,1,9,412,19.2
2018,5,1,10,558,20.6
2018,5,1,11,643,21.8
2018,5,1,12,668,22.8
2018,5,1,13,630,23.4
2018,5,1,14,529,23.5
2018,5,1,15,377,23.2
2018,5,1,16,194,22.4
2018,5,1,17,25,20.9
2018,5,1,18,0,20
2018,5,1,19,0,19.5
2018,5,1,20,0,19
2018,5,1,21,0,18.7
2018,5,1,22,0,18.3
2018,5,1,23,0,17.9
2018,5,2,0,0,17.5
2018,5,2,1,0,17
2018,5,2,2,0,16.7
2018,5,2,3,0,16.5
2018,5,2,4,0,16.3
2018,5,2,5,0,16.1
2018,5,2,6,0,16
2018,5,2,7,31,16.3
2018,5,2,8,196,17.1
2018,5,2,9,328,18
2018,5,2,10,400,19.5
2018,5,2,11,484,20.7
2018,5,2,12,593,21.2
2018,5,2,13,424,21.6
2018,5,2,14,169,22
2018,5,2,15,71,22.1
2018,5,2,16,34,21.6
2018,5,2,17,6,20.8
2018,5,2,18,0,20.3
2018,5,2,19,0,19.8
2018,5,2,20,0,19.4
2018,5,2,21,0,19
2018,5,2,22,0,18.6
2018,5,2,23,0,18.2
2018,5,3,0,0,17.8
2018,5,3,1,0,17.5
2018,5,3,2,0,17
2018,5,3,3,0,16.5
2018,5,3,4,0,16.1
2018,5,3,5,0,15.8
2018,5,3,6,0,15.5
2018,5,3,7,53,16.2
2018,5,3,8,227,17.4
2018,5,3,9,401,19.6
2018,5,3,10,544,22.3
2018,5,3,11,628,24.2
2018,5,3,12,651,25.1
2018,5,3,13,613,25.4
2018,5,3,14,513,25.3
2018,5,3,15,361,25
2018,5,3,16,179,24
2018,5,3,17,19,22.7
2018,5,3,18,0,22
2018,5,3,19,0,21.7
2018,5,3,20,0,21.5
2018,5,3,21,0,21.3
2018,5,3,22,0,21
2018,5,3,23,0,20.6
2018,5,4,0,0,20.4
2018,5,4,1,0,20.1
2018,5,4,2,0,19.9
2018,5,4,3,0,19.9
2018,5,4,4,0,19.8
2018,5,4,5,0,19.8
2018,5,4,6,0,19.8
2018,5,4,7,27,20.2
2018,5,4,8,117,21.2
2018,5,4,9,351,22.3
2018,5,4,10,523,23.1
2018,5,4,11,612,24.2
2018,5,4,12,208,25
2018,5,4,13,597,25
2018,5,4,14,508,24.5
2018,5,4,15,366,23.2
2018,5,4,16,188,22
2018,5,4,17,20,20.7
2018,5,4,18,0,19.7
2018,5,4,19,0,18.8
2018,5,4,20,0,18
2018,5,4,21,0,17.4
2018,5,4,22,0,16.8
2018,5,4,23,0,16.4
2018,5,5,0,0,15.9
2018,5,5,1,0,15.5
2018,5,5,2,0,15.1
2018,5,5,3,0,14.8
2018,5,5,4,0,14.5
2018,5,5,5,0,14.3
2018,5,5,6,0,14.1
2018,5,5,7,57,14.8
2018,5,5,8,241,16.2
2018,5,5,9,421,17.6
2018,5,5,10,558,18.8
2018,5,5,11,644,19.7
2018,5,5,12,667,20.4
2018,5,5,13,626,21
2018,5,5,14,524,21.3
2018,5,5,15,371,21.2
2018,5,5,16,185,20.4
2018,5,5,17,18,19
2018,5,5,18,0,18.4
2018,5,5,19,0,18.1
2018,5,5,20,0,17.9
2018,5,5,21,0,17.6
2018,5,5,22,0,17.2
2018,5,5,23,0,16.6
2018,5,6,0,0,16.1
2018,5,6,1,0,15.6
2018,5,6,2,0,15.3
2018,5,6,3,0,15
2018,5,6,4,0,14.6
2018,5,6,5,0,14.3
2018,5,6,6,0,14
2018,5,6,7,51,14.7
2018,5,6,8,230,16.1
2018,5,6,9,406,17.8
2018,5,6,10,543,19.5
2018,5,6,11,627,20.7
2018,5,6,12,650,21.5
2018,5,6,13,611,21.9
2018,5,6,14,510,22
2018,5,6,15,358,21.7
2018,5,6,16,176,20.9
2018,5,6,17,16,19.5
2018,5,6,18,0,18.8
2018,5,6,19,0,18.4
2018,5,6,20,0,18.1
2018,5,6,21,0,17.8
2018,5,6,22,0,17.3
2018,5,6,23,0,16.8
2018,5,7,0,0,16.3
2018,5,7,1,0,15.8
2018,5,7,2,0,15.4
2018,5,7,3,0,14.9
2018,5,7,4,0,14.5
2018,5,7,5,0,14.1
2018,5,7,6,0,13.7
2018,5,7,7,48,14.2
2018,5,7,8,225,15.6
2018,5,7,9,401,17.9
2018,5,7,10,539,20
2018,5,7,11,626,21.7
2018,5,7,12,648,22.8
2018,5,7,13,608,23.3
2018,5,7,14,506,23.4
2018,5,7,15,355,23.3
2018,5,7,16,173,22.5
2018,5,7,17,15,21.1
2018,5,7,18,0,20.3
2018,5,7,19,0,19.8
2018,5,7,20,0,19.3
2018,5,7,21,0,18.8
2018,5,7,22,0,18.2
2018,5,7,23,0,17.6
2018,5,8,0,0,17.1
2018,5,8,1,0,16.6
2018,5,8,2,0,16.1
2018,5,8,3,0,15.8
2018,5,8,4,0,15.7
2018,5,8,5,0,15.6
2018,5,8,6,0,15.5
2018,5,8,7,15,15.7
2018,5,8,8,64,16.5
2018,5,8,9,219,18
2018,5,8,10,453,20.2
2018,5,8,11,523,21.8
2018,5,8,12,479,22.6
2018,5,8,13,585,23.3
2018,5,8,14,484,23.2
2018,5,8,15,336,22.8
2018,5,8,16,160,21.9
2018,5,8,17,12,20.9
2018,5,8,18,0,20.3
2018,5,8,19,0,20
2018,5,8,20,0,19.8
2018,5,8,21,0,19.6
2018,5,8,22,0,19.1
2018,5,8,23,0,18.5
2018,5,9,0,0,18.1
2018,5,9,1,0,17.8
2018,5,9,2,0,17.3
2018,5,9,3,0,17.1
2018,5,9,4,0,17
2018,5,9,5,0,16.9
2018,5,9,6,0,16.7
2018,5,9,7,42,17.1
2018,5,9,8,211,18.2
2018,5,9,9,381,19.9
2018,5,9,10,515,21.3
2018,5,9,11,601,22.4
2018,5,9,12,623,23.2
2018,5,9,13,585,23.7
2018,5,9,14,487,23.7
2018,5,9,15,338,23.4
2018,5,9,16,161,22.3
2018,5,9,17,0,20.9
2018,5,9,18,0,20
2018,5,9,19,0,19.4
2018,5,9,20,0,19
2018,5,9,21,0,18.7
2018,5,9,22,0,18.4
2018,5,9,23,0,18
2018,5,10,0,0,17.2
2018,5,10,1,0,16.6
2018,5,10,2,0,16.1
2018,5,10,3,0,15.8
2018,5,10,4,0,15.5
2018,5,10,5,0,15.4
2018,5,10,6,0,15.3
2018,5,10,7,19,15.7
2018,5,10,8,89,16.8
2018,5,10,9,158,18.4
2018,5,10,10,523,20.5
2018,5,10,11,450,21.9
2018,5,10,12,610,22.7
2018,5,10,13,581,23
2018,5,10,14,473,23.1
2018,5,10,15,228,22.8
2018,5,10,16,140,21.7
2018,5,10,17,0,20
2018,5,10,18,0,18.3
2018,5,10,19,0,16.4
2018,5,10,20,0,15.3
2018,5,10,21,0,14.5
2018,5,10,22,0,13.9
2018,5,10,23,0,13.4
2018,5,11,0,0,12.9
2018,5,11,1,0,12.5
2018,5,11,2,0,12.1
2018,5,11,3,0,11.7
2018,5,11,4,0,11.5
2018,5,11,5,0,11.3
2018,5,11,6,0,11.2
2018,5,11,7,22,11.8
2018,5,11,8,219,12.5
2018,5,11,9,394,13.3
2018,5,11,10,529,14.2
2018,5,11,11,611,15.1
2018,5,11,12,631,15.9
2018,5,11,13,590,16.4
2018,5,11,14,487,16.6
2018,5,11,15,333,16.4
2018,5,11,16,155,15.8
2018,5,11,17,0,14.8
2018,5,11,18,0,14
2018,5,11,19,0,13.4
2018,5,11,20,0,13.1
2018,5,11,21,0,13
2018,5,11,22,0,13
2018,5,11,23,0,13.3
2018,5,12,0,0,13.6
2018,5,12,1,0,13.8
2018,5,12,2,0,13.6
2018,5,12,3,0,14.3
2018,5,12,4,0,14.8
2018,5,12,5,0,14.8
2018,5,12,6,0,15.1
2018,5,12,7,24,15.5
2018,5,12,8,128,16.3
2018,5,12,9,173,17
2018,5,12,10,189,17.4
2018,5,12,11,193,17.6
2018,5,12,12,178,17.6
2018,5,12,13,271,17.7
2018,5,12,14,284,18
2018,5,12,15,48,17.9
2018,5,12,16,62,17.7
2018,5,12,17,0,17.3
2018,5,12,18,0,16.8
2018,5,12,19,0,16.4
2018,5,12,20,0,16.2
2018,5,12,21,0,16
2018,5,12,22,0,15.9
2018,5,12,23,0,15.7
2018,5,13,0,0,15.6
2018,5,13,1,0,15.6
2018,5,13,2,0,15.6
2018,5,13,3,0,15.5
2018,5,13,4,0,15.4
2018,5,13,5,0,15.5
2018,5,13,6,0,15.6
2018,5,13,7,16,15.9
2018,5,13,8,157,16.3
2018,5,13,9,66,16.8
2018,5,13,10,103,17.4
2018,5,13,11,479,17.9
2018,5,13,12,399,18.4
2018,5,13,13,233,18.3
2018,5,13,14,291,18.1
2018,5,13,15,32,18
2018,5,13,16,42,17.6
2018,5,13,17,0,17.2
2018,5,13,18,0,17.2
2018,5,13,19,0,17.3
2018,5,13,20,0,17.5
2018,5,13,21,0,17.6
2018,5,13,22,0,17.6
2018,5,13,23,0,17.5
2018,5,14,0,0,17.4
2018,5,14,1,0,17.1
2018,5,14,2,0,16.9
2018,5,14,3,0,16.9
2018,5,14,4,0,17
2018,5,14,5,0,17
2018,5,14,6,0,17
2018,5,14,7,31,17.2
2018,5,14,8,192,17.6
2018,5,14,9,35,18
2018,5,14,10,494,18.4
2018,5,14,11,577,18.6
2018,5,14,12,283,18.8
2018,5,14,13,336,19
2018,5,14,14,467,18.8
2018,5,14,15,320,18.5
2018,5,14,16,144,18.1
2018,5,14,17,0,17.5
2018,5,14,18,0,17.4
2018,5,14,19,0,17.1
2018,5,14,20,0,17
2018,5,14,21,0,16.7
2018,5,14,22,0,16.2
2018,5,14,23,0,15.9
2018,5,15,0,0,15.4
2018,5,15,1,0,15.1
2018,5,15,2,0,14.9
2018,5,15,3,0,14.7
2018,5,15,4,0,14.7
2018,5,15,5,0,14.7
2018,5,15,6,0,14.6
2018,5,15,7,33,15
2018,5,15,8,196,16
2018,5,15,9,364,17.3
2018,5,15,10,501,18.2
2018,5,15,11,582,18.8
2018,5,15,12,604,19.1
2018,5,15,13,565,19.2
2018,5,15,14,466,19.1
2018,5,15,15,318,18.6
2018,5,15,16,144,17.7
2018,5,15,17,0,16.6
2018,5,15,18,0,16.1
2018,5,15,19,0,15.9
2018,5,15,20,0,15.8
2018,5,15,21,0,15.8
2018,5,15,22,0,15.8
2018,5,15,23,0,15.8
2018,5,16,0,0,15.7
2018,5,16,1,0,15.5
2018,5,16,2,0,15.4
2018,5,16,3,0,15.2
2018,5,16,4,0,15
2018,5,16,5,0,14.8
2018,5,16,6,0,14.9
2018,5,16,7,18,15.4
2018,5,16,8,184,16.1
2018,5,16,9,86,16.8
2018,5,16,10,253,17.3
2018,5,16,11,235,17.6
2018,5,16,12,594,17.8
2018,5,16,13,555,17.9
2018,5,16,14,456,17.8
2018,5,16,15,310,17.5
2018,5,16,16,35,17
2018,5,16,17,0,16.2
2018,5,16,18,0,16
2018,5,16,19,0,15.8
2018,5,16,20,0,15.6
2018,5,16,21,0,15.5
2018,5,16,22,0,15.3
2018,5,16,23,0,15.1
2018,5,17,0,0,14.8
2018,5,17,1,0,14.3
2018,5,17,2,0,13.9
2018,5,17,3,0,13.6
2018,5,17,4,0,13.4
2018,5,17,5,0,13.1
2018,5,17,6,0,12.9
2018,5,17,7,7,13.2
2018,5,17,8,184,14.4
2018,5,17,9,348,15.6
2018,5,17,10,485,16.8
2018,5,17,11,565,17.7
2018,5,17,12,586,18.4
2018,5,17,13,549,19
2018,5,17,14,452,19.3
2018,5,17,15,308,19.3
2018,5,17,16,34,18.5
2018,5,17,17,0,17.1
2018,5,17,18,0,16.5
2018,5,17,19,0,16.2
2018,5,17,20,0,15.9
2018,5,17,21,0,15.6
2018,5,17,22,0,15.2
2018,5,17,23,0,14.7
2018,5,18,0,0,14.2
2018,5,18,1,0,13.9
2018,5,18,2,0,13.4
2018,5,18,3,0,13
2018,5,18,4,0,12.7
2018,5,18,5,0,12.4
2018,5,18,6,0,12.2
2018,5,18,7,14,12.7
2018,5,18,8,187,13.9
2018,5,18,9,350,15.6
2018,5,18,10,484,17.2
2018,5,18,11,565,18.3
2018,5,18,12,588,19
2018,5,18,13,547,19.4
2018,5,18,14,451,19.5
2018,5,18,15,306,19.2
2018,5,18,16,139,18.2
2018,5,18,17,0,17
2018,5,18,18,0,16.4
2018,5,18,19,0,16.3
2018,5,18,20,0,16.6
2018,5,18,21,0,16.1
2018,5,18,22,0,15.4
2018,5,18,23,0,14.7
2018,5,19,0,0,14.3
2018,5,19,1,0,14
2018,5,19,2,0,13.9
2018,5,19,3,0,13.8
2018,5,19,4,0,13.7
2018,5,19,5,0,13.7
2018,5,19,6,0,13.6
2018,5,19,7,26,13.9
2018,5,19,8,182,15
2018,5,19,9,348,16.5
2018,5,19,10,487,17.7
2018,5,19,11,567,18.5
2018,5,19,12,589,18.9
2018,5,19,13,229,19
2018,5,19,14,455,19
2018,5,19,15,309,18.7
2018,5,19,16,137,17.7
2018,5,19,17,0,16.4
2018,5,19,18,0,15.9
2018,5,19,19,0,15.7
2018,5,19,20,0,15.8
2018,5,19,21,0,15.7
2018,5,19,22,0,14.9
2018,5,19,23,0,14.4
2018,5,20,0,0,14
2018,5,20,1,0,13.6
2018,5,20,2,0,13.2
2018,5,20,3,0,12.7
2018,5,20,4,0,12.3
2018,5,20,5,0,12.1
2018,5,20,6,0,11.9
2018,5,20,7,27,12.5
2018,5,20,8,189,13.9
2018,5,20,9,358,15.2
2018,5,20,10,493,16.6
2018,5,20,11,572,17.7
2018,5,20,12,594,18.6
2018,5,20,13,552,19.4
2018,5,20,14,452,19.8
2018,5,20,15,307,19.9
2018,5,20,16,135,19.1
2018,5,20,17,0,18.1
2018,5,20,18,0,17.7
2018,5,20,19,0,17
2018,5,20,20,0,16
2018,5,20,21,0,15.2
2018,5,20,22,0,14.6
2018,5,20,23,0,14.2
2018,5,21,0,0,13.8
2018,5,21,1,0,13.6
2018,5,21,2,0,13.5
2018,5,21,3,0,13.4
2018,5,21,4,0,13.7
2018,5,21,5,0,14.2
2018,5,21,6,0,14.4
2018,5,21,7,10,15.1
2018,5,21,8,183,16.5
2018,5,21,9,351,17.8
2018,5,21,10,486,19.2
2018,5,21,11,567,20.1
2018,5,21,12,589,20.6
2018,5,21,13,549,20.8
2018,5,21,14,450,20.8
2018,5,21,15,304,20.6
2018,5,21,16,133,19.7
2018,5,21,17,0,18.5
2018,5,21,18,0,17.9
2018,5,21,19,0,17.2
2018,5,21,20,0,16.5
2018,5,21,21,0,15.9
2018,5,21,22,0,15.4
2018,5,21,23,0,15.1
2018,5,22,0,0,14.8
2018,5,22,1,0,14.6
2018,5,22,2,0,14.5
2018,5,22,3,0,14.4
2018,5,22,4,0,14.3
2018,5,22,5,0,14.3
2018,5,22,6,0,14.3
2018,5,22,7,24,14.8
2018,5,22,8,179,16.2
2018,5,22,9,341,17.6
2018,5,22,10,469,19.2
2018,5,22,11,550,20.7
2018,5,22,12,572,21.7
2018,5,22,13,534,22.2
2018,5,22,14,438,22.4
2018,5,22,15,295,22.2
2018,5,22,16,127,21.2
2018,5,22,17,0,19.9
2018,5,22,18,0,19.1
2018,5,22,19,0,18.6
2018,5,22,20,0,18.2
2018,5,22,21,0,17.7
2018,5,22,22,0,17.3
2018,5,22,23,0,17
2018,5,23,0,0,16.6
2018,5,23,1,0,16.4
2018,5,23,2,0,16.2
2018,5,23,3,0,16
2018,5,23,4,0,15.8
2018,5,23,5,0,15.7
2018,5,23,6,0,15.5
2018,5,23,7,21,15.7
2018,5,23,8,172,16.9
2018,5,23,9,336,18.1
2018,5,23,10,468,18.9
2018,5,23,11,549,19.4
2018,5,23,12,571,19.9
2018,5,23,13,531,20.1
2018,5,23,14,437,20.2
2018,5,23,15,294,19.9
2018,5,23,16,125,18.8
2018,5,23,17,0,17.6
2018,5,23,18,0,17.1
2018,5,23,19,0,16.7
2018,5,23,20,0,16.5
2018,5,23,21,0,16.2
2018,5,23,22,0,15.8
2018,5,23,23,0,15.5
2018,5,24,0,0,15.2
2018,5,24,1,0,14.9
2018,5,24,2,0,14.6
2018,5,24,3,0,14.2
2018,5,24,4,0,13.8
2018,5,24,5,0,13.6
2018,5,24,6,0,13.7
2018,5,24,7,19,14.3
2018,5,24,8,164,16
2018,5,24,9,322,17.6
2018,5,24,10,455,18.7
2018,5,24,11,247,19.1
2018,5,24,12,284,19.2
2018,5,24,13,237,19
2018,5,24,14,420,18.6
2018,5,24,15,86,18.1
2018,5,24,16,35,17.5
2018,5,24,17,0,16.7
2018,5,24,18,0,16.4
2018,5,24,19,0,16.2
2018,5,24,20,0,16.1
2018,5,24,21,0,16.2
2018,5,24,22,0,16.3
2018,5,24,23,0,16.4
2018,5,25,0,0,16.5
2018,5,25,1,0,16.5
2018,5,25,2,0,16.4
2018,5,25,3,0,16.3
2018,5,25,4,0,16.3
2018,5,25,5,0,16.1
2018,5,25,6,0,16
2018,5,25,7,4,16.2
2018,5,25,8,160,17.3
2018,5,25,9,190,18
2018,5,25,10,458,18.6
2018,5,25,11,274,19
2018,5,25,12,239,19.1
2018,5,25,13,416,19
2018,5,25,14,299,18.8
2018,5,25,15,284,18.4
2018,5,25,16,124,17.7
2018,5,25,17,0,16.9
2018,5,25,18,0,16.7
2018,5,25,19,0,16.5
2018,5,25,20,0,16.4
2018,5,25,21,0,16.4
2018,5,25,22,0,16.5
2018,5,25,23,0,16.4
2018,5,26,0,0,16.3
2018,5,26,1,0,16
2018,5,26,2,0,15.7
2018,5,26,3,0,15.2
2018,5,26,4,0,14.6
2018,5,26,5,0,13.8
2018,5,26,6,0,13.3
2018,5,26,7,18,13.2
2018,5,26,8,165,14.4
2018,5,26,9,328,15.8
2018,5,26,10,459,17.1
2018,5,26,11,527,18.5
2018,5,26,12,537,19.5
2018,5,26,13,521,20.1
2018,5,26,14,413,20.3
2018,5,26,15,268,20.1
2018,5,26,16,107,19
2018,5,26,17,0,17.9
2018,5,26,18,0,17.3
2018,5,26,19,0,17
2018,5,26,20,0,16.7
2018,5,26,21,0,16.3
2018,5,26,22,0,15.7
2018,5,26,23,0,15.1
2018,5,27,0,0,14.7
2018,5,27,1,0,14.4
2018,5,27,2,0,14.2
2018,5,27,3,0,14
2018,5,27,4,0,13.9
2018,5,27,5,0,13.7
2018,5,27,6,0,13.6
2018,5,27,7,15,13.8
2018,5,27,8,160,15
2018,5,27,9,321,16.5
2018,5,27,10,462,18.3
2018,5,27,11,543,19.7
2018,5,27,12,564,20.4
2018,5,27,13,516,20.6
2018,5,27,14,355,20.5
2018,5,27,15,280,20.1
2018,5,27,16,99,19
2018,5,27,17,0,17.9
2018,5,27,18,0,17.4
2018,5,27,19,0,17
2018,5,27,20,0,16.9
2018,5,27,21,0,16.8
2018,5,27,22,0,16.6
2018,5,27,23,0,16.3
2018,5,28,0,0,16.1
2018,5,28,1,0,15.9
2018,5,28,2,0,15.6
2018,5,28,3,0,15.3
2018,5,28,4,0,15
2018,5,28,5,0,14.9
2018,5,28,6,0,14.8
2018,5,28,7,16,14.8
2018,5,28,8,129,15.6
2018,5,28,9,225,16.7
2018,5,28,10,350,17.9
2018,5,28,11,408,18.7
2018,5,28,12,425,19.1
2018,5,28,13,429,19.5
2018,5,28,14,385,19.7
2018,5,28,15,279,19.6
2018,5,28,16,77,18.9
2018,5,28,17,0,18.3
2018,5,28,18,0,17.9
2018,5,28,19,0,17.7
2018,5,28,20,0,17.5
2018,5,28,21,0,17.2
2018,5,28,22,0,16.7
2018,5,28,23,0,16.2
2018,5,29,0,0,15.7
2018,5,29,1,0,15.1
2018,5,29,2,0,14.6
2018,5,29,3,0,14.1
2018,5,29,4,0,13.8
2018,5,29,5,0,13.4
2018,5,29,6,0,13.2
2018,5,29,7,15,13.4
2018,5,29,8,159,14.6
2018,5,29,9,321,16.5
2018,5,29,10,452,19
2018,5,29,11,531,21
2018,5,29,12,553,22
2018,5,29,13,514,22.3
2018,5,29,14,419,22.5
2018,5,29,15,278,22.3
2018,5,29,16,114,21.2
2018,5,29,17,0,20.1
2018,5,29,18,0,19.7
2018,5,29,19,0,19.2
2018,5,29,20,0,18.7
2018,5,29,21,0,18.1
2018,5,29,22,0,17.6
2018,5,29,23,0,17.1
2018,5,30,0,0,16.6
2018,5,30,1,0,16.1
2018,5,30,2,0,14.7
2018,5,30,3,0,13.2
2018,5,30,4,0,12.5
2018,5,30,5,0,12.7
2018,5,30,6,0,13.3
2018,5,30,7,15,13.9
2018,5,30,8,72,14.5
2018,5,30,9,317,15.1
2018,5,30,10,443,15.9
2018,5,30,11,404,16.4
2018,5,30,12,400,16.3
2018,5,30,13,388,15.9
2018,5,30,14,255,15.6
2018,5,30,15,19,15.3
2018,5,30,16,88,14.8
2018,5,30,17,0,14.5
2018,5,30,18,0,14.5
2018,5,30,19,0,14.4
2018,5,30,20,0,14.1
2018,5,30,21,0,13.7
2018,5,30,22,0,13.2
2018,5,30,23,0,12.7
2018,5,31,0,0,12.3
2018,5,31,1,0,12.3
2018,5,31,2,0,12.1
2018,5,31,3,0,11.9
2018,5,31,4,0,11.9
2018,5,31,5,0,11.9
2018,5,31,6,0,12
2018,5,31,7,14,12.6
2018,5,31,8,161,14
2018,5,31,9,326,15.2
2018,5,31,10,457,16.2
2018,5,31,11,536,16.8
2018,5,31,12,555,17
2018,5,31,13,515,17
2018,5,31,14,420,16.8
2018,5,31,15,277,16.6
2018,5,31,16,111,16.1
2018,5,31,17,0,15.6
2018,5,31,18,0,15.4
2018,5,31,19,0,15.2
2018,5,31,20,0,14.9
2018,5,31,21,0,14.6
2018,5,31,22,0,14.3
2018,5,31,23,0,14.2
2018,6,1,0,0,14.2
2018,6,1,1,0,14.2
2018,6,1,2,0,14.3
2018,6,1,3,0,14.5
2018,6,1,4,0,14.6
2018,6,1,5,0,14.7
2018,6,1,6,0,14.9
2018,6,1,7,10,15.1
2018,6,1,8,30,15.5
2018,6,1,9,293,15.9
2018,6,1,10,67,16.3
2018,6,1,11,51,16.4
2018,6,1,12,280,16.5
2018,6,1,13,155,16.5
2018,6,1,14,283,16.4
2018,6,1,15,148,16
2018,6,1,16,53,15.5
2018,6,1,17,0,15
2018,6,1,18,0,14.7
2018,6,1,19,0,14.5
2018,6,1,20,0,14.3
2018,6,1,21,0,14.2
2018,6,1,22,0,14
2018,6,1,23,0,13.9
2018,6,2,0,0,14
2018,6,2,1,0,14.2
2018,6,2,2,0,14.4
2018,6,2,3,0,14.4
2018,6,2,4,0,14.3
2018,6,2,5,0,14.3
2018,6,2,6,0,14.6
2018,6,2,7,8,14.9
2018,6,2,8,14,15.3
2018,6,2,9,24,15.6
2018,6,2,10,45,15.7
2018,6,2,11,249,15.7
2018,6,2,12,31,15.8
2018,6,2,13,75,16.1
2018,6,2,14,17,16.3
2018,6,2,15,119,16.5
2018,6,2,16,6,16.5
2018,6,2,17,0,16.5
2018,6,2,18,0,16.6
2018,6,2,19,0,16.7
2018,6,2,20,0,16.6
2018,6,2,21,0,16.6
2018,6,2,22,0,16.5
2018,6,2,23,0,16.6
2018,6,3,0,0,16.6
2018,6,3,1,0,16.6
2018,6,3,2,0,16.4
2018,6,3,3,0,16.2
2018,6,3,4,0,16
2018,6,3,5,0,16
2018,6,3,6,0,16
2018,6,3,7,0,16.2
2018,6,3,8,144,16.7
2018,6,3,9,69,17.2
2018,6,3,10,34,17.7
2018,6,3,11,371,18.3
2018,6,3,12,529,18.6
2018,6,3,13,498,18.6
2018,6,3,14,405,18.5
2018,6,3,15,269,18.1
2018,6,3,16,77,17.4
2018,6,3,17,0,16.7
2018,6,3,18,0,16.4
2018,6,3,19,0,16.3
2018,6,3,20,0,16.2
2018,6,3,21,0,16
2018,6,3,22,0,15.7
2018,6,3,23,0,15.5
2018,6,4,0,0,15.3
2018,6,4,1,0,15.1
2018,6,4,2,0,14.9
2018,6,4,3,0,14.8
2018,6,4,4,0,14.7
2018,6,4,5,0,14.6
2018,6,4,6,0,14.6
2018,6,4,7,0,15
2018,6,4,8,144,15.9
2018,6,4,9,300,16.7
2018,6,4,10,426,17.4
2018,6,4,11,370,17.7
2018,6,4,12,338,17.7
2018,6,4,13,368,17.5
2018,6,4,14,239,17.2
2018,6,4,15,102,16.9
2018,6,4,16,88,16.3
2018,6,4,17,0,15.8
2018,6,4,18,0,15.6
2018,6,4,19,0,15.5
2018,6,4,20,0,15.4
2018,6,4,21,0,15.4
2018,6,4,22,0,15.3
2018,6,4,23,0,15.2
2018,6,5,0,0,15.1
2018,6,5,1,0,14.9
2018,6,5,2,0,14.7
2018,6,5,3,0,14.6
2018,6,5,4,0,14.5
2018,6,5,5,0,14.4
2018,6,5,6,0,14.5
2018,6,5,7,0,14.8
2018,6,5,8,59,15.5
2018,6,5,9,21,16.1
2018,6,5,10,32,16.4
2018,6,5,11,153,16.6
2018,6,5,12,76,16.8
2018,6,5,13,216,16.8
2018,6,5,14,120,16.6
2018,6,5,15,10,16.3
2018,6,5,16,5,15.9
2018,6,5,17,0,15.8
2018,6,5,18,0,15.8
2018,6,5,19,0,15.8
2018,6,5,20,0,15.6
2018,6,5,21,0,15.5
2018,6,5,22,0,15.5
2018,6,5,23,0,15.4
2018,6,6,0,0,15.4
2018,6,6,1,0,15.4
2018,6,6,2,0,15.4
2018,6,6,3,0,15.4
2018,6,6,4,0,15.5
2018,6,6,5,0,15.6
2018,6,6,6,0,15.7
2018,6,6,7,0,15.9
2018,6,6,8,110,16.5
2018,6,6,9,235,17.1
2018,6,6,10,387,17.4
2018,6,6,11,341,17.6
2018,6,6,12,27,17.6
2018,6,6,13,21,17.6
2018,6,6,14,18,17.4
2018,6,6,15,12,17.1
2018,6,6,16,6,16.4
2018,6,6,17,0,16.1
2018,6,6,18,0,16.3
2018,6,6,19,0,16.4
2018,6,6,20,0,16.5
2018,6,6,21,0,16.4
2018,6,6,22,0,16.4
2018,6,6,23,0,16.4
2018,6,7,0,0,16.2
2018,6,7,1,0,16
2018,6,7,2,0,15.8
2018,6,7,3,0,15.6
2018,6,7,4,0,15.4
2018,6,7,5,0,15.4
2018,6,7,6,0,15.3
2018,6,7,7,0,15.6
2018,6,7,8,145,16.7
2018,6,7,9,307,17.4
2018,6,7,10,144,18.3
2018,6,7,11,391,18.9
2018,6,7,12,536,19.3
2018,6,7,13,502,19.6
2018,6,7,14,410,19.7
2018,6,7,15,272,19.5
2018,6,7,16,111,18.6
2018,6,7,17,0,17.6
2018,6,7,18,0,17.2
2018,6,7,19,0,16.7
2018,6,7,20,0,16.4
2018,6,7,21,0,16.1
2018,6,7,22,0,15.8
2018,6,7,23,0,15.5
2018,6,8,0,0,15.3
2018,6,8,1,0,15.1
2018,6,8,2,0,14.8
2018,6,8,3,0,14.6
2018,6,8,4,0,14.3
2018,6,8,5,0,14
2018,6,8,6,0,13.8
2018,6,8,7,0,13.8
2018,6,8,8,30,14.5
2018,6,8,9,47,15.2
2018,6,8,10,141,16
2018,6,8,11,131,16.6
2018,6,8,12,200,17.1
2018,6,8,13,185,17.2
2018,6,8,14,238,17.3
2018,6,8,15,182,17.2
2018,6,8,16,50,16.7
2018,6,8,17,0,16.2
2018,6,8,18,0,15.8
2018,6,8,19,0,15.4
2018,6,8,20,0,15.1
2018,6,8,21,0,14.8
2018,6,8,22,0,14.5
2018,6,8,23,0,14.4
2018,6,9,0,0,14.2
2018,6,9,1,0,14
2018,6,9,2,0,13.9
2018,6,9,3,0,13.9
2018,6,9,4,0,13.9
2018,6,9,5,0,13.9
2018,6,9,6,0,13.8
2018,6,9,7,0,13.8
2018,6,9,8,6,14.1
2018,6,9,9,39,14.3
2018,6,9,10,96,14.4
2018,6,9,11,103,14.4
2018,6,9,12,361,14.6
2018,6,9,13,260,14.7
2018,6,9,14,16,14.9
2018,6,9,15,67,15
2018,6,9,16,30,14.8
2018,6,9,17,0,14.6
2018,6,9,18,0,14.6
2018,6,9,19,0,14.5
2018,6,9,20,0,14.4
2018,6,9,21,0,14.4
2018,6,9,22,0,14.6
2018,6,9,23,0,14.7
2018,6,10,0,0,14.7
2018,6,10,1,0,14.5
2018,6,10,2,0,14.3
2018,6,10,3,0,14.1
2018,6,10,4,0,14
2018,6,10,5,0,14.1
2018,6,10,6,0,14.3
2018,6,10,7,0,14.8
2018,6,10,8,77,15.8
2018,6,10,9,95,16.5
2018,6,10,10,82,17
2018,6,10,11,215,17.4
2018,6,10,12,278,17.5
2018,6,10,13,276,17.5
2018,6,10,14,200,17.3
2018,6,10,15,61,17.1
2018,6,10,16,9,16.6
2018,6,10,17,0,16
2018,6,10,18,0,15.8
2018,6,10,19,0,15.6
2018,6,10,20,0,15.5
2018,6,10,21,0,15.3
2018,6,10,22,0,15.1
2018,6,10,23,0,14.9
2018,6,11,0,0,14.7
2018,6,11,1,0,14.6
2018,6,11,2,0,14.5
2018,6,11,3,0,14.3
2018,6,11,4,0,14.2
2018,6,11,5,0,14.2
2018,6,11,6,0,14.1
2018,6,11,7,0,14.4
2018,6,11,8,139,15.4
2018,6,11,9,298,16.2
2018,6,11,10,423,17
2018,6,11,11,274,17.5
2018,6,11,12,527,17.8
2018,6,11,13,348,17.8
2018,6,11,14,403,17.6
2018,6,11,15,60,17.3
2018,6,11,16,35,16.5
2018,6,11,17,0,15.9
2018,6,11,18,0,15.6
2018,6,11,19,0,15.4
2018,6,11,20,0,15.3
2018,6,11,21,0,15.2
2018,6,11,22,0,15.2
2018,6,11,23,0,14.9
2018,6,12,0,0,14.5
2018,6,12,1,0,14
2018,6,12,2,0,13.5
2018,6,12,3,0,13.1
2018,6,12,4,0,12.8
2018,6,12,5,0,12.5
2018,6,12,6,0,12
2018,6,12,7,0,11.9
2018,6,12,8,101,12.7
2018,6,12,9,184,13.4
2018,6,12,10,177,14.5
2018,6,12,11,80,15.7
2018,6,12,12,174,16.8
2018,6,12,13,253,17.8
2018,6,12,14,394,18.6
2018,6,12,15,261,18.9
2018,6,12,16,105,18.1
2018,6,12,17,0,17.2
2018,6,12,18,0,16.7
2018,6,12,19,0,16.2
2018,6,12,20,0,15.7
2018,6,12,21,0,15.2
2018,6,12,22,0,14.8
2018,6,12,23,0,14.3
2018,6,13,0,0,13.9
2018,6,13,1,0,13.6
2018,6,13,2,0,13.2
2018,6,13,3,0,12.9
2018,6,13,4,0,12.6
2018,6,13,5,0,12.4
2018,6,13,6,0,12.3
2018,6,13,7,0,12.4
2018,6,13,8,135,13.3
2018,6,13,9,294,14.6
2018,6,13,10,374,16.2
2018,6,13,11,431,17.3
2018,6,13,12,529,18.1
2018,6,13,13,351,18.7
2018,6,13,14,406,18.8
2018,6,13,15,200,18.6
2018,6,13,16,79,17.7
2018,6,13,17,0,16.9
2018,6,13,18,0,16.4
2018,6,13,19,0,15.9
2018,6,13,20,0,15.4
2018,6,13,21,0,14.8
2018,6,13,22,0,14.2
2018,6,13,23,0,13.8
2018,6,14,0,0,13.4
2018,6,14,1,0,13.1
2018,6,14,2,0,12.9
2018,6,14,3,0,12.7
2018,6,14,4,0,12.5
2018,6,14,5,0,12.3
2018,6,14,6,0,12.1
2018,6,14,7,0,12.2
2018,6,14,8,139,13.4
2018,6,14,9,298,14.9
2018,6,14,10,425,16.2
2018,6,14,11,507,17
2018,6,14,12,534,17.7
2018,6,14,13,501,18.2
2018,6,14,14,410,18.4
2018,6,14,15,113,18.2
2018,6,14,16,111,17.2
2018,6,14,17,0,16.2
2018,6,14,18,0,15.6
2018,6,14,19,0,15.1
2018,6,14,20,0,14.6
2018,6,14,21,0,14.1
2018,6,14,22,0,13.8
2018,6,14,23,0,13.4
2018,6,15,0,0,13
2018,6,15,1,0,12.6
2018,6,15,2,0,12.3
2018,6,15,3,0,12
2018,6,15,4,0,12
2018,6,15,5,0,12.2
2018,6,15,6,0,12.4
2018,6,15,7,0,12.8
2018,6,15,8,138,14.3
2018,6,15,9,299,15.7
2018,6,15,10,427,16.9
2018,6,15,11,506,17.9
2018,6,15,12,530,18.7
2018,6,15,13,495,19.3
2018,6,15,14,405,19.4
2018,6,15,15,270,19
2018,6,15,16,39,17.8
2018,6,15,17,0,16.4
2018,6,15,18,0,15.2
2018,6,15,19,0,14.5
2018,6,15,20,0,14.1
2018,6,15,21,0,13.9
2018,6,15,22,0,13.7
2018,6,15,23,0,13.5
2018,6,16,0,0,13.2
2018,6,16,1,0,13
2018,6,16,2,0,12.7
2018,6,16,3,0,12.5
2018,6,16,4,0,12.3
2018,6,16,5,0,12.2
2018,6,16,6,0,12.1
2018,6,16,7,0,12.2
2018,6,16,8,141,13.4
2018,6,16,9,304,14.4
2018,6,16,10,434,15.2
2018,6,16,11,515,16
2018,6,16,12,541,16.7
2018,6,16,13,505,17.3
2018,6,16,14,347,17.5
2018,6,16,15,247,17.4
2018,6,16,16,113,16.5
2018,6,16,17,0,15.5
2018,6,16,18,0,14.7
2018,6,16,19,0,14
2018,6,16,20,0,13.5
2018,6,16,21,0,13
2018,6,16,22,0,12.5
2018,6,16,23,0,11.9
2018,6,17,0,0,11.3
2018,6,17,1,0,11
2018,6,17,2,0,10.8
2018,6,17,3,0,10.6
2018,6,17,4,0,10.3
2018,6,17,5,0,10.2
2018,6,17,6,0,10.1
2018,6,17,7,0,10.4
2018,6,17,8,83,11.4
2018,6,17,9,297,12.3
2018,6,17,10,427,13.1
2018,6,17,11,510,13.9
2018,6,17,12,537,14.7
2018,6,17,13,501,15.3
2018,6,17,14,411,15.5
2018,6,17,15,275,15.1
2018,6,17,16,67,14.1
2018,6,17,17,0,13.2
2018,6,17,18,0,12.7
2018,6,17,19,0,12.2
2018,6,17,20,0,12
2018,6,17,21,0,12
2018,6,17,22,0,12.1
2018,6,17,23,0,12.3
2018,6,18,0,0,12.3
2018,6,18,1,0,11.9
2018,6,18,2,0,11.6
2018,6,18,3,0,11.9
2018,6,18,4,0,12.1
2018,6,18,5,0,12.2
2018,6,18,6,0,12.2
2018,6,18,7,0,12.4
2018,6,18,8,35,13
2018,6,18,9,190,13.7
2018,6,18,10,291,14.6
2018,6,18,11,294,15.2
2018,6,18,12,222,15.6
2018,6,18,13,361,15.8
2018,6,18,14,269,15.7
2018,6,18,15,120,15.4
2018,6,18,16,88,14.9
2018,6,18,17,0,14.3
2018,6,18,18,0,14
2018,6,18,19,0,13.9
2018,6,18,20,0,13.8
2018,6,18,21,0,13.2
2018,6,18,22,0,12.7
2018,6,18,23,0,12.5
2018,6,19,0,0,12.3
2018,6,19,1,0,12.3
2018,6,19,2,0,12.1
2018,6,19,3,0,11.6
2018,6,19,4,0,11.8
2018,6,19,5,0,12.9
2018,6,19,6,0,14.1
2018,6,19,7,0,14.7
2018,6,19,8,52,15
2018,6,19,9,199,15.4
2018,6,19,10,19,15.6
2018,6,19,11,52,15.6
2018,6,19,12,26,15.5
2018,6,19,13,24,15.5
2018,6,19,14,308,15.5
2018,6,19,15,50,15.5
2018,6,19,16,7,15.6
2018,6,19,17,0,15.7
2018,6,19,18,0,15.9
2018,6,19,19,0,15.9
2018,6,19,20,0,15.8
2018,6,19,21,0,15.6
2018,6,19,22,0,15.4
2018,6,19,23,0,15.2
2018,6,20,0,0,15
2018,6,20,1,0,14.9
2018,6,20,2,0,15.1
2018,6,20,3,0,15.1
2018,6,20,4,0,15.1
2018,6,20,5,0,15.2
2018,6,20,6,0,15.4
2018,6,20,7,0,15.5
2018,6,20,8,110,16.2
2018,6,20,9,172,16.9
2018,6,20,10,80,17.4
2018,6,20,11,236,17.7
2018,6,20,12,520,17.9
2018,6,20,13,180,17.8
2018,6,20,14,276,17.7
2018,6,20,15,30,17.3
2018,6,20,16,11,16.4
2018,6,20,17,0,15.8
2018,6,20,18,0,15.6
2018,6,20,19,0,15.5
2018,6,20,20,0,15.5
2018,6,20,21,0,15.5
2018,6,20,22,0,15.4
2018,6,20,23,0,15.3
2018,6,21,0,0,15.1
2018,6,21,1,0,14.8
2018,6,21,2,0,14.4
2018,6,21,3,0,14.2
2018,6,21,4,0,14
2018,6,21,5,0,13.7
2018,6,21,6,0,13.5
2018,6,21,7,0,13.4
2018,6,21,8,44,13.8
2018,6,21,9,189,14.2
2018,6,21,10,267,14.8
2018,6,21,11,297,15.3
2018,6,21,12,421,15.7
2018,6,21,13,376,16
2018,6,21,14,293,16.2
2018,6,21,15,190,16.2
2018,6,21,16,72,15.8
2018,6,21,17,0,15.4
2018,6,21,18,0,15.4
2018,6,21,19,0,15.4
2018,6,21,20,0,15.4
2018,6,21,21,0,15.3
2018,6,21,22,0,15
2018,6,21,23,0,14.6
2018,6,22,0,0,14
2018,6,22,1,0,13.5
2018,6,22,2,0,13.1
2018,6,22,3,0,12.9
2018,6,22,4,0,12.7
2018,6,22,5,0,12.4
2018,6,22,6,0,12.2
2018,6,22,7,0,12.3
2018,6,22,8,121,13.3
2018,6,22,9,277,14.3
2018,6,22,10,418,15.3
2018,6,22,11,501,16.4
2018,6,22,12,527,17.2
2018,6,22,13,497,17.7
2018,6,22,14,408,17.9
2018,6,22,15,274,17.8
2018,6,22,16,114,16.9
2018,6,22,17,0,16
2018,6,22,18,0,15.6
2018,6,22,19,0,15.3
2018,6,22,20,0,14.9
2018,6,22,21,0,14.4
2018,6,22,22,0,13.9
2018,6,22,23,0,13.3
2018,6,23,0,0,12.8
2018,6,23,1,0,12.3
2018,6,23,2,0,11.9
2018,6,23,3,0,11.5
2018,6,23,4,0,11.2
2018,6,23,5,0,11
2018,6,23,6,0,10.8
2018,6,23,7,0,10.8
2018,6,23,8,130,11.7
2018,6,23,9,291,12.9
2018,6,23,10,423,14.5
2018,6,23,11,507,15.8
2018,6,23,12,534,16.9
2018,6,23,13,502,17.6
2018,6,23,14,413,18
2018,6,23,15,277,17.9
2018,6,23,16,116,16.7
2018,6,23,17,0,16
2018,6,23,18,0,15.8
2018,6,23,19,0,15.5
2018,6,23,20,0,15.1
2018,6,23,21,0,14.4
2018,6,23,22,0,13.7
2018,6,23,23,0,12.9
2018,6,24,0,0,12.2
2018,6,24,1,0,11.7
2018,6,24,2,0,11.5
2018,6,24,3,0,11.5
2018,6,24,4,0,11.4
2018,6,24,5,0,11.3
2018,6,24,6,0,11.2
2018,6,24,7,0,11.4
2018,6,24,8,128,12.8
2018,6,24,9,287,14.3
2018,6,24,10,419,15.5
2018,6,24,11,504,16.1
2018,6,24,12,336,16.4
2018,6,24,13,503,16.5
2018,6,24,14,416,16.4
2018,6,24,15,280,16.1
2018,6,24,16,118,15
2018,6,24,17,0,14.2
2018,6,24,18,0,13.9
2018,6,24,19,0,13.8
2018,6,24,20,0,13.7
2018,6,24,21,0,13.6
2018,6,24,22,0,13.5
2018,6,24,23,0,13.3
2018,6,25,0,0,13
2018,6,25,1,0,12.7
2018,6,25,2,0,12.2
2018,6,25,3,0,11.9
2018,6,25,4,0,11.6
2018,6,25,5,0,11.4
2018,6,25,6,0,11.2
2018,6,25,7,0,11.3
2018,6,25,8,127,12.6
2018,6,25,9,288,13.8
2018,6,25,10,421,14.9
2018,6,25,11,506,15.8
2018,6,25,12,533,16.3
2018,6,25,13,501,16.6
2018,6,25,14,411,16.6
2018,6,25,15,275,16.3
2018,6,25,16,115,15.3
2018,6,25,17,0,14.4
2018,6,25,18,0,14.1
2018,6,25,19,0,14
2018,6,25,20,0,13.9
2018,6,25,21,0,13.8
2018,6,25,22,0,13.7
2018,6,25,23,0,13.5
2018,6,26,0,0,13.2
2018,6,26,1,0,12.9
2018,6,26,2,0,12.6
2018,6,26,3,0,12.5
2018,6,26,4,0,12.3
2018,6,26,5,0,12.1
2018,6,26,6,0,12
2018,6,26,7,0,12.1
2018,6,26,8,127,13.3
2018,6,26,9,57,14.5
2018,6,26,10,160,15.6
2018,6,26,11,330,16.2
2018,6,26,12,315,16.5
2018,6,26,13,491,16.7
2018,6,26,14,404,16.7
2018,6,26,15,270,16.4
2018,6,26,16,69,15.6
2018,6,26,17,0,14.9
2018,6,26,18,0,14.7
2018,6,26,19,0,14.6
2018,6,26,20,0,14.7
2018,6,26,21,0,14.9
2018,6,26,22,0,15.1
2018,6,26,23,0,15.3
2018,6,27,0,0,15.3
2018,6,27,1,0,15.1
2018,6,27,2,0,14.9
2018,6,27,3,0,14.8
2018,6,27,4,0,14.7
2018,6,27,5,0,14.6
2018,6,27,6,0,14.4
2018,6,27,7,0,14.4
2018,6,27,8,124,15.1
2018,6,27,9,132,15.8
2018,6,27,10,117,16.2
2018,6,27,11,310,16.6
2018,6,27,12,312,16.8
2018,6,27,13,337,16.9
2018,6,27,14,394,16.8
2018,6,27,15,161,16.7
2018,6,27,16,66,16.2
2018,6,27,17,0,15.9
2018,6,27,18,0,15.8
2018,6,27,19,0,15.7
2018,6,27,20,0,15.6
2018,6,27,21,0,15.4
2018,6,27,22,0,15.3
2018,6,27,23,0,15.2
2018,6,28,0,0,15.1
2018,6,28,1,0,15
2018,6,28,2,0,14.9
2018,6,28,3,0,14.7
2018,6,28,4,0,14.7
2018,6,28,5,0,14.6
2018,6,28,6,0,14.6
2018,6,28,7,0,14.8
2018,6,28,8,69,15.2
2018,6,28,9,202,15.5
2018,6,28,10,400,15.8
2018,6,28,11,484,16.3
2018,6,28,12,257,16.9
2018,6,28,13,345,17.2
2018,6,28,14,382,16.9
2018,6,28,15,120,16.3
2018,6,28,16,75,15.5
2018,6,28,17,0,14.8
2018,6,28,18,0,14.3
2018,6,28,19,0,13.4
2018,6,28,20,0,12.7
2018,6,28,21,0,12.2
2018,6,28,22,0,11.7
2018,6,28,23,0,11.1
2018,6,29,0,0,10.4
2018,6,29,1,0,9.8
2018,6,29,2,0,9.5
2018,6,29,3,0,9.2
2018,6,29,4,0,9
2018,6,29,5,0,8.9
2018,6,29,6,0,8.7
2018,6,29,7,0,8.9
2018,6,29,8,131,10
2018,6,29,9,293,11.1
2018,6,29,10,425,12.6
2018,6,29,11,421,14.2
2018,6,29,12,466,15.3
2018,6,29,13,431,16
2018,6,29,14,349,16.1
2018,6,29,15,232,15.8
2018,6,29,16,96,15.1
2018,6,29,17,0,14.4
2018,6,29,18,0,14.1
2018,6,29,19,0,13.7
2018,6,29,20,0,13.4
2018,6,29,21,0,13
2018,6,29,22,0,12.7
2018,6,29,23,0,12.3
2018,6,30,0,0,11.9
2018,6,30,1,0,11.6
2018,6,30,2,0,11.3
2018,6,30,3,0,11
2018,6,30,4,0,10.7
2018,6,30,5,0,10.6
2018,6,30,6,0,10.5
2018,6,30,7,0,10.6
2018,6,30,8,128,11.7
2018,6,30,9,291,13
2018,6,30,10,427,14.6
2018,6,30,11,513,16.1
2018,6,30,12,542,17
2018,6,30,13,510,17.8
2018,6,30,14,420,18.4
2018,6,30,15,287,18.5
2018,6,30,16,124,17.5
2018,6,30,17,0,16.4
2018,6,30,18,0,15.6
2018,6,30,19,0,14.6
2018,6,30,20,0,13.8
2018,6,30,21,0,13.2
2018,6,30,22,0,12.6
2018,6,30,23,0,12.2
2018,7,1,0,0,11.8
2018,7,1,1,0,11.4
2018,7,1,2,0,11.2
2018,7,1,3,0,11
2018,7,1,4,0,10.9
2018,7,1,5,0,10.9
2018,7,1,6,0,10.8
2018,7,1,7,0,11.1
2018,7,1,8,130,12.4
2018,7,1,9,292,13.8
2018,7,1,10,424,15.1
2018,7,1,11,510,16.1
2018,7,1,12,536,16.7
2018,7,1,13,506,16.9
2018,7,1,14,418,16.8
2018,7,1,15,284,16.5
2018,7,1,16,122,15.6
2018,7,1,17,0,14.8
2018,7,1,18,0,14.7
2018,7,1,19,0,14.7
2018,7,1,20,0,14.7
2018,7,1,21,0,14.6
2018,7,1,22,0,14.6
2018,7,1,23,0,14.6
2018,7,2,0,0,14.6
2018,7,2,1,0,14.6
2018,7,2,2,0,14.5
2018,7,2,3,0,14.5
2018,7,2,4,0,14.5
2018,7,2,5,0,14.6
2018,7,2,6,0,14.6
2018,7,2,7,0,14.7
2018,7,2,8,87,15.4
2018,7,2,9,158,16
2018,7,2,10,249,16.5
2018,7,2,11,399,16.9
2018,7,2,12,436,17.1
2018,7,2,13,402,17.1
2018,7,2,14,254,16.8
2018,7,2,15,123,16.4
2018,7,2,16,12,15.5
2018,7,2,17,0,14.8
2018,7,2,18,0,14.5
2018,7,2,19,0,14.5
2018,7,2,20,0,14.4
2018,7,2,21,0,14.5
2018,7,2,22,0,14.6
2018,7,2,23,0,14.9
2018,7,3,0,0,14.9
2018,7,3,1,0,14.7
2018,7,3,2,0,14.5
2018,7,3,3,0,14.3
2018,7,3,4,0,14.3
2018,7,3,5,0,14.4
2018,7,3,6,0,14.4
2018,7,3,7,0,14.4
2018,7,3,8,25,15.2
2018,7,3,9,292,16.1
2018,7,3,10,258,16.8
2018,7,3,11,324,17.4
2018,7,3,12,451,17.8
2018,7,3,13,431,18.1
2018,7,3,14,418,18.2
2018,7,3,15,285,18
2018,7,3,16,125,17.1
2018,7,3,17,0,16
2018,7,3,18,0,15.5
2018,7,3,19,0,15.3
2018,7,3,20,0,15.5
2018,7,3,21,0,15.3
2018,7,3,22,0,15
2018,7,3,23,0,14.5
2018,7,4,0,0,14
2018,7,4,1,0,13.4
2018,7,4,2,0,12.7
2018,7,4,3,0,12.3
2018,7,4,4,0,12.1
2018,7,4,5,0,11.8
2018,7,4,6,0,11.6
2018,7,4,7,0,11.8
2018,7,4,8,125,13.1
2018,7,4,9,283,14.4
2018,7,4,10,284,15.5
2018,7,4,11,496,16.6
2018,7,4,12,524,17.7
2018,7,4,13,358,18.5
2018,7,4,14,412,19
2018,7,4,15,280,19.1
2018,7,4,16,122,18.2
2018,7,4,17,0,17.2
2018,7,4,18,0,16.7
2018,7,4,19,0,16.3
2018,7,4,20,0,16
2018,7,4,21,0,15.6
2018,7,4,22,0,15.3
2018,7,4,23,0,14.9
2018,7,5,0,0,14.6
2018,7,5,1,0,14.1
2018,7,5,2,0,13.6
2018,7,5,3,0,13.1
2018,7,5,4,0,12.7
2018,7,5,5,0,12.3
2018,7,5,6,0,12.1
2018,7,5,7,0,12.3
2018,7,5,8,125,13.4
2018,7,5,9,283,15
2018,7,5,10,415,17.1
2018,7,5,11,501,19
2018,7,5,12,530,20.4
2018,7,5,13,500,21.4
2018,7,5,14,414,21.9
2018,7,5,15,282,21.8
2018,7,5,16,124,20.8
2018,7,5,17,0,20
2018,7,5,18,0,19.6
2018,7,5,19,0,19.2
2018,7,5,20,0,18.7
2018,7,5,21,0,18.3
2018,7,5,22,0,17.8
2018,7,5,23,0,17.3
2018,7,6,0,0,16.9
2018,7,6,1,0,16.6
2018,7,6,2,0,16.4
2018,7,6,3,0,16.3
2018,7,6,4,0,16.2
2018,7,6,5,0,16.3
2018,7,6,6,0,16.7
2018,7,6,7,0,17.2
2018,7,6,8,125,18.5
2018,7,6,9,283,19.8
2018,7,6,10,413,20.9
2018,7,6,11,495,21.8
2018,7,6,12,525,22.4
2018,7,6,13,348,22.6
2018,7,6,14,103,22.5
2018,7,6,15,225,21.6
2018,7,6,16,125,19.8
2018,7,6,17,0,18.1
2018,7,6,18,0,17
2018,7,6,19,0,15.9
2018,7,6,20,0,15
2018,7,6,21,0,14.4
2018,7,6,22,0,14
2018,7,6,23,0,13.6
2018,7,7,0,0,13.2
2018,7,7,1,0,12.9
2018,7,7,2,0,12.5
2018,7,7,3,0,12.1
2018,7,7,4,0,11.8
2018,7,7,5,0,11.4
2018,7,7,6,0,11.1
2018,7,7,7,0,11.2
2018,7,7,8,137,12.3
2018,7,7,9,300,13.2
2018,7,7,10,433,14.2
2018,7,7,11,518,15.3
2018,7,7,12,546,16.3
2018,7,7,13,511,16.6
2018,7,7,14,425,16.3
2018,7,7,15,125,15.4
2018,7,7,16,135,14.3
2018,7,7,17,0,13.4
2018,7,7,18,0,13
2018,7,7,19,0,12.9
2018,7,7,20,0,12.8
2018,7,7,21,0,12.8
2018,7,7,22,0,12.6
2018,7,7,23,0,12.4
2018,7,8,0,0,12.2
2018,7,8,1,0,11.9
2018,7,8,2,0,11.6
2018,7,8,3,0,11.4
2018,7,8,4,0,11.1
2018,7,8,5,0,11
2018,7,8,6,0,11
2018,7,8,7,0,11.4
2018,7,8,8,134,12.6
2018,7,8,9,299,13.7
2018,7,8,10,434,14.7
2018,7,8,11,522,15.6
2018,7,8,12,550,16.3
2018,7,8,13,520,16.5
2018,7,8,14,432,16.5
2018,7,8,15,296,16.1
2018,7,8,16,134,15.2
2018,7,8,17,0,14.5
2018,7,8,18,0,14.3
2018,7,8,19,0,14.2
2018,7,8,20,0,14.3
2018,7,8,21,0,14.2
2018,7,8,22,0,14
2018,7,8,23,0,13.8
2018,7,9,0,0,13.7
2018,7,9,1,0,13.4
2018,7,9,2,0,13.2
2018,7,9,3,0,13
2018,7,9,4,0,12.8
2018,7,9,5,0,12.6
2018,7,9,6,0,12.3
2018,7,9,7,0,12.4
2018,7,9,8,130,13.5
2018,7,9,9,293,14.5
2018,7,9,10,312,15.5
2018,7,9,11,394,16
2018,7,9,12,365,16.3
2018,7,9,13,287,16.4
2018,7,9,14,313,16.3
2018,7,9,15,295,16
2018,7,9,16,132,15.2
2018,7,9,17,0,14.4
2018,7,9,18,0,14.1
2018,7,9,19,0,14
2018,7,9,20,0,14
2018,7,9,21,0,13.9
2018,7,9,22,0,13.7
2018,7,9,23,0,13.3
2018,7,10,0,0,13
2018,7,10,1,0,12.7
2018,7,10,2,0,12.5
2018,7,10,3,0,12.3
2018,7,10,4,0,12.1
2018,7,10,5,0,11.9
2018,7,10,6,0,11.7
2018,7,10,7,0,11.9
2018,7,10,8,103,12.9
2018,7,10,9,292,13.9
2018,7,10,10,431,15
2018,7,10,11,518,15.7
2018,7,10,12,549,16.2
2018,7,10,13,521,16.4
2018,7,10,14,436,16.4
2018,7,10,15,301,16.2
2018,7,10,16,137,15.4
2018,7,10,17,0,14.7
2018,7,10,18,0,14.5
2018,7,10,19,0,14.3
2018,7,10,20,0,14.1
2018,7,10,21,0,13.9
2018,7,10,22,0,13.4
2018,7,10,23,0,12.9
2018,7,11,0,0,12.2
2018,7,11,1,0,11.6
2018,7,11,2,0,11
2018,7,11,3,0,10.6
2018,7,11,4,0,10.4
2018,7,11,5,0,10.2
2018,7,11,6,0,9.9
2018,7,11,7,0,10
2018,7,11,8,132,11.2
2018,7,11,9,295,12.4
2018,7,11,10,434,14
2018,7,11,11,519,15.5
2018,7,11,12,549,16.3
2018,7,11,13,379,16.7
2018,7,11,14,378,16.9
2018,7,11,15,207,16.7
2018,7,11,16,65,15.9
2018,7,11,17,0,15.2
2018,7,11,18,0,15
2018,7,11,19,0,14.8
2018,7,11,20,0,14.7
2018,7,11,21,0,14.6
2018,7,11,22,0,14.4
2018,7,11,23,0,14.2
2018,7,12,0,0,13.8
2018,7,12,1,0,13.4
2018,7,12,2,0,12.7
2018,7,12,3,0,12.1
2018,7,12,4,0,11.6
2018,7,12,5,0,11.1
2018,7,12,6,0,10.8
2018,7,12,7,0,10.9
2018,7,12,8,125,11.8
2018,7,12,9,283,12.9
2018,7,12,10,426,14.2
2018,7,12,11,515,15.5
2018,7,12,12,548,16.9
2018,7,12,13,522,17.7
2018,7,12,14,434,18
2018,7,12,15,299,17.9
2018,7,12,16,136,17.3
2018,7,12,17,0,16.5
2018,7,12,18,0,15.6
2018,7,12,19,0,14.9
2018,7,12,20,0,13.7
2018,7,12,21,0,12.5
2018,7,12,22,0,11.7
2018,7,12,23,0,11.2
2018,7,13,0,0,10.7
2018,7,13,1,0,10.2
2018,7,13,2,0,9.9
2018,7,13,3,0,9.6
2018,7,13,4,0,9.6
2018,7,13,5,0,9.6
2018,7,13,6,0,9.4
2018,7,13,7,0,9.7
2018,7,13,8,137,10.8
2018,7,13,9,300,12
2018,7,13,10,435,13.5
2018,7,13,11,523,14.6
2018,7,13,12,558,15.3
2018,7,13,13,531,15.8
2018,7,13,14,446,16.3
2018,7,13,15,309,16.4
2018,7,13,16,144,15.6
2018,7,13,17,0,14.7
2018,7,13,18,0,14.3
2018,7,13,19,0,13.7
2018,7,13,20,0,12.9
2018,7,13,21,0,12.2
2018,7,13,22,0,11.7
2018,7,13,23,0,11.4
2018,7,14,0,0,11.1
2018,7,14,1,0,10.9
2018,7,14,2,0,10.7
2018,7,14,3,0,10.5
2018,7,14,4,0,10.4
2018,7,14,5,0,10.2
2018,7,14,6,0,10.1
2018,7,14,7,0,10.3
2018,7,14,8,141,11.5
2018,7,14,9,311,12.8
2018,7,14,10,448,13.8
2018,7,14,11,536,14.5
2018,7,14,12,568,15
2018,7,14,13,539,15.4
2018,7,14,14,451,15.6
2018,7,14,15,315,15.4
2018,7,14,16,148,14.5
2018,7,14,17,0,13.5
2018,7,14,18,0,13.1
2018,7,14,19,0,13.2
2018,7,14,20,0,13.3
2018,7,14,21,0,13.3
2018,7,14,22,0,12.9
2018,7,14,23,0,12.3
2018,7,15,0,0,11.6
2018,7,15,1,0,10.8
2018,7,15,2,0,10.1
2018,7,15,3,0,9.5
2018,7,15,4,0,9
2018,7,15,5,0,8.4
2018,7,15,6,0,7.9
2018,7,15,7,0,8.1
2018,7,15,8,147,9.4
2018,7,15,9,318,10.9
2018,7,15,10,462,12.4
2018,7,15,11,553,13.8
2018,7,15,12,591,14.8
2018,7,15,13,561,15.6
2018,7,15,14,471,16
2018,7,15,15,331,16.1
2018,7,15,16,156,15.5
2018,7,15,17,0,15
2018,7,15,18,0,14.5
2018,7,15,19,0,14
2018,7,15,20,0,13.3
2018,7,15,21,0,12.2
2018,7,15,22,0,11
2018,7,15,23,0,9.9
2018,7,16,0,0,9.2
2018,7,16,1,0,8.6
2018,7,16,2,0,8.2
2018,7,16,3,0,7.8
2018,7,16,4,0,7.5
2018,7,16,5,0,7.2
2018,7,16,6,0,7
2018,7,16,7,0,7.1
2018,7,16,8,147,8.3
2018,7,16,9,318,10.1
2018,7,16,10,463,12.5
2018,7,16,11,550,14
2018,7,16,12,583,15
2018,7,16,13,549,16
2018,7,16,14,455,16.7
2018,7,16,15,312,17
2018,7,16,16,111,16.1
2018,7,16,17,0,15.2
2018,7,16,18,0,14.4
2018,7,16,19,0,13.7
2018,7,16,20,0,13.1
2018,7,16,21,0,12.6
2018,7,16,22,0,12
2018,7,16,23,0,11.4
2018,7,17,0,0,10.9
2018,7,17,1,0,10.6
2018,7,17,2,0,10.5
2018,7,17,3,0,10.4
2018,7,17,4,0,10.4
2018,7,17,5,0,10.2
2018,7,17,6,0,10.1
2018,7,17,7,0,10.4
2018,7,17,8,145,11.7
2018,7,17,9,313,13.2
2018,7,17,10,452,15.2
2018,7,17,11,543,17.2
2018,7,17,12,575,18.6
2018,7,17,13,546,19.5
2018,7,17,14,458,20
2018,7,17,15,322,20
2018,7,17,16,153,18.8
2018,7,17,17,0,17.8
2018,7,17,18,0,17.2
2018,7,17,19,0,16.7
2018,7,17,20,0,16.3
2018,7,17,21,0,16.1
2018,7,17,22,0,16
2018,7,17,23,0,16
2018,7,18,0,0,15.9
2018,7,18,1,0,16
2018,7,18,2,0,15.9
2018,7,18,3,0,15.3
2018,7,18,4,0,14.7
2018,7,18,5,0,14.1
2018,7,18,6,0,13.5
2018,7,18,7,0,13.4
2018,7,18,8,149,14.4
2018,7,18,9,322,15.2
2018,7,18,10,463,16
2018,7,18,11,555,16.9
2018,7,18,12,588,17.7
2018,7,18,13,559,18.4
2018,7,18,14,467,18.8
2018,7,18,15,329,18.9
2018,7,18,16,158,18
2018,7,18,17,0,17.1
2018,7,18,18,0,16.9
2018,7,18,19,0,16.3
2018,7,18,20,0,15.4
2018,7,18,21,0,14.2
2018,7,18,22,0,13.2
2018,7,18,23,0,12.3
2018,7,19,0,0,11.5
2018,7,19,1,0,10.8
2018,7,19,2,0,10.3
2018,7,19,3,0,9.8
2018,7,19,4,0,9.4
2018,7,19,5,0,9.1
2018,7,19,6,0,8.9
2018,7,19,7,0,9.2
2018,7,19,8,98,10.7
2018,7,19,9,223,12.3
2018,7,19,10,263,14.5
2018,7,19,11,375,16.1
2018,7,19,12,421,17.3
2018,7,19,13,387,18.3
2018,7,19,14,469,18.9
2018,7,19,15,331,18.8
2018,7,19,16,158,17.9
2018,7,19,17,0,17
2018,7,19,18,0,16.4
2018,7,19,19,0,16
2018,7,19,20,0,15.5
2018,7,19,21,0,15.2
2018,7,19,22,0,14.8
2018,7,19,23,0,14.5
2018,7,20,0,0,14.3
2018,7,20,1,0,14
2018,7,20,2,0,13.7
2018,7,20,3,0,13.5
2018,7,20,4,0,13.3
2018,7,20,5,0,13.2
2018,7,20,6,0,13.1
2018,7,20,7,0,13.5
2018,7,20,8,144,14.8
2018,7,20,9,269,16.2
2018,7,20,10,373,17.3
2018,7,20,11,402,18.2
2018,7,20,12,573,17.5
2018,7,20,13,553,16.1
2018,7,20,14,470,15.5
2018,7,20,15,335,15
2018,7,20,16,164,14.2
2018,7,20,17,0,13.2
2018,7,20,18,0,12.6
2018,7,20,19,0,12.1
2018,7,20,20,0,11.8
2018,7,20,21,0,11.6
2018,7,20,22,0,11.6
2018,7,20,23,0,11.5
2018,7,21,0,0,11.5
2018,7,21,1,0,11.4
2018,7,21,2,0,11.2
2018,7,21,3,0,11.1
2018,7,21,4,0,10.9
2018,7,21,5,0,10.8
2018,7,21,6,0,10.6
2018,7,21,7,0,10.9
2018,7,21,8,156,12.1
2018,7,21,9,332,13.2
2018,7,21,10,474,14.1
2018,7,21,11,566,14.9
2018,7,21,12,599,15.5
2018,7,21,13,570,15.9
2018,7,21,14,481,16
2018,7,21,15,338,15.9
2018,7,21,16,166,15
2018,7,21,17,13,13.9
2018,7,21,18,0,13.5
2018,7,21,19,0,13.3
2018,7,21,20,0,13.2
2018,7,21,21,0,13.1
2018,7,21,22,0,13.1
2018,7,21,23,0,13.1
2018,7,22,0,0,12.8
2018,7,22,1,0,12.1
2018,7,22,2,0,11.6
2018,7,22,3,0,11.1
2018,7,22,4,0,10.5
2018,7,22,5,0,10.1
2018,7,22,6,0,9.7
2018,7,22,7,0,9.9
2018,7,22,8,151,11
2018,7,22,9,321,12.3
2018,7,22,10,462,13.6
2018,7,22,11,553,14.7
2018,7,22,12,588,15.5
2018,7,22,13,560,15.9
2018,7,22,14,472,16
2018,7,22,15,333,15.9
2018,7,22,16,163,14.9
2018,7,22,17,13,13.8
2018,7,22,18,0,13.4
2018,7,22,19,0,13.1
2018,7,22,20,0,12.9
2018,7,22,21,0,12.8
2018,7,22,22,0,12.5
2018,7,22,23,0,12
2018,7,23,0,0,11.5
2018,7,23,1,0,10.9
2018,7,23,2,0,10.3
2018,7,23,3,0,9.8
2018,7,23,4,0,9.3
2018,7,23,5,0,8.8
2018,7,23,6,0,8.3
2018,7,23,7,0,8.3
2018,7,23,8,158,9.4
2018,7,23,9,331,11
2018,7,23,10,473,12.8
2018,7,23,11,568,14.4
2018,7,23,12,601,16
2018,7,23,13,572,17.1
2018,7,23,14,482,17.6
2018,7,23,15,343,17.7
2018,7,23,16,170,16.7
2018,7,23,17,15,15.5
2018,7,23,18,0,14.8
2018,7,23,19,0,14.2
2018,7,23,20,0,13.6
2018,7,23,21,0,13
2018,7,23,22,0,12.6
2018,7,23,23,0,12.2
2018,7,24,0,0,12.1
2018,7,24,1,0,12.1
2018,7,24,2,0,12.1
2018,7,24,3,0,12.1
2018,7,24,4,0,12
2018,7,24,5,0,11.9
2018,7,24,6,0,11.7
2018,7,24,7,0,12
2018,7,24,8,146,13.4
2018,7,24,9,316,15.1
2018,7,24,10,467,17.2
2018,7,24,11,558,18.7
2018,7,24,12,590,19.6
2018,7,24,13,564,20.2
2018,7,24,14,475,20.5
2018,7,24,15,336,20.6
2018,7,24,16,165,19.6
2018,7,24,17,15,18
2018,7,24,18,0,17.2
2018,7,24,19,0,16.9
2018,7,24,20,0,16.3
2018,7,24,21,0,15.4
2018,7,24,22,0,14.8
2018,7,24,23,0,14.4
2018,7,25,0,0,14.2
2018,7,25,1,0,14
2018,7,25,2,0,13.8
2018,7,25,3,0,13.6
2018,7,25,4,0,13.4
2018,7,25,5,0,13
2018,7,25,6,0,12.7
2018,7,25,7,0,13
2018,7,25,8,161,14.4
2018,7,25,9,331,16.1
2018,7,25,10,470,17.9
2018,7,25,11,561,18.9
2018,7,25,12,593,19.5
2018,7,25,13,561,19.9
2018,7,25,14,473,20.1
2018,7,25,15,335,20
2018,7,25,16,166,18.9
2018,7,25,17,16,17.6
2018,7,25,18,0,17
2018,7,25,19,0,16.4
2018,7,25,20,0,15.7
2018,7,25,21,0,15
2018,7,25,22,0,14.5
2018,7,25,23,0,14.1
2018,7,26,0,0,13.6
2018,7,26,1,0,13.1
2018,7,26,2,0,12.7
2018,7,26,3,0,12.4
2018,7,26,4,0,12.1
2018,7,26,5,0,11.9
2018,7,26,6,0,11.7
2018,7,26,7,12,12
2018,7,26,8,161,13.3
2018,7,26,9,332,15
2018,7,26,10,472,16.2
2018,7,26,11,563,16.8
2018,7,26,12,595,17.4
2018,7,26,13,567,17.9
2018,7,26,14,476,18.1
2018,7,26,15,296,17.9
2018,7,26,16,125,16.7
2018,7,26,17,9,15.3
2018,7,26,18,0,14.7
2018,7,26,19,0,14.3
2018,7,26,20,0,14.3
2018,7,26,21,0,14.4
2018,7,26,22,0,14.3
2018,7,26,23,0,14
2018,7,27,0,0,13.8
2018,7,27,1,0,13.3
2018,7,27,2,0,12.6
2018,7,27,3,0,12
2018,7,27,4,0,11.4
2018,7,27,5,0,11
2018,7,27,6,0,10.6
2018,7,27,7,13,10.8
2018,7,27,8,165,12.1
2018,7,27,9,337,13.9
2018,7,27,10,474,15.9
2018,7,27,11,553,17.1
2018,7,27,12,576,18
2018,7,27,13,559,18.6
2018,7,27,14,457,19
2018,7,27,15,318,18.8
2018,7,27,16,154,17.5
2018,7,27,17,13,16.1
2018,7,27,18,0,15.3
2018,7,27,19,0,14.9
2018,7,27,20,0,14.6
2018,7,27,21,0,14.4
2018,7,27,22,0,14.1
2018,7,27,23,0,13.5
2018,7,28,0,0,13.1
2018,7,28,1,0,12.7
2018,7,28,2,0,12.3
2018,7,28,3,0,12
2018,7,28,4,0,11.7
2018,7,28,5,0,11.4
2018,7,28,6,0,11.2
2018,7,28,7,13,11.4
2018,7,28,8,159,12.7
2018,7,28,9,325,14.2
2018,7,28,10,300,16.2
2018,7,28,11,247,18.1
2018,7,28,12,354,19.4
2018,7,28,13,546,19.9
2018,7,28,14,378,19.9
2018,7,28,15,129,19.2
2018,7,28,16,56,18.3
2018,7,28,17,5,17.4
2018,7,28,18,0,16.6
2018,7,28,19,0,15.9
2018,7,28,20,0,15.6
2018,7,28,21,0,15.4
2018,7,28,22,0,15
2018,7,28,23,0,14.8
2018,7,29,0,0,14.7
2018,7,29,1,0,14.5
2018,7,29,2,0,14.4
2018,7,29,3,0,14.3
2018,7,29,4,0,14.2
2018,7,29,5,0,14.2
2018,7,29,6,0,14.1
2018,7,29,7,12,14.6
2018,7,29,8,151,15.7
2018,7,29,9,317,17.3
2018,7,29,10,461,18.8
2018,7,29,11,547,20
2018,7,29,12,576,20.8
2018,7,29,13,561,21.3
2018,7,29,14,467,21.4
2018,7,29,15,176,21.1
2018,7,29,16,166,20.2
2018,7,29,17,7,18.8
2018,7,29,18,0,17.8
2018,7,29,19,0,16.8
2018,7,29,20,0,15.9
2018,7,29,21,0,15.1
2018,7,29,22,0,14.4
2018,7,29,23,0,13.8
2018,7,30,0,0,13.2
2018,7,30,1,0,12.7
2018,7,30,2,0,12.4
2018,7,30,3,0,12
2018,7,30,4,0,11.8
2018,7,30,5,0,11.5
2018,7,30,6,0,11.2
2018,7,30,7,18,11.6
2018,7,30,8,179,12.7
2018,7,30,9,359,13.4
2018,7,30,10,507,14.3
2018,7,30,11,602,15.3
2018,7,30,12,635,16.3
2018,7,30,13,600,17.2
2018,7,30,14,508,17.7
2018,7,30,15,362,17.8
2018,7,30,16,185,17.2
2018,7,30,17,22,16.4
2018,7,30,18,0,15.5
2018,7,30,19,0,14.3
2018,7,30,20,0,13.2
2018,7,30,21,0,12.1
2018,7,30,22,0,11.1
2018,7,30,23,0,10.4
2018,7,31,0,0,9.9
2018,7,31,1,0,9.7
2018,7,31,2,0,9.7
2018,7,31,3,0,9.8
2018,7,31,4,0,9.9
2018,7,31,5,0,9.9
2018,7,31,6,0,9.9
2018,7,31,7,5,10.4
2018,7,31,8,43,12
2018,7,31,9,71,13.4
2018,7,31,10,498,15.2
2018,7,31,11,589,16.7
2018,7,31,12,542,18
2018,7,31,13,589,18.9
2018,7,31,14,459,19.2
2018,7,31,15,355,19.1
2018,7,31,16,183,18.1
2018,7,31,17,23,17
2018,7,31,18,0,16.3
2018,7,31,19,0,15.7
2018,7,31,20,0,15.3
2018,7,31,21,0,14.8
2018,7,31,22,0,14.4
2018,7,31,23,0,14.1
2018,8,1,0,0,13.9
2018,8,1,1,0,13.6
2018,8,1,2,0,13.4
2018,8,1,3,0,13.2
2018,8,1,4,0,12.9
2018,8,1,5,0,12.6
2018,8,1,6,0,12.3
2018,8,1,7,19,12.6
2018,8,1,8,178,13.9
2018,8,1,9,353,15.8
2018,8,1,10,495,17.2
2018,8,1,11,586,17.9
2018,8,1,12,617,18.4
2018,8,1,13,588,18.9
2018,8,1,14,497,19
2018,8,1,15,355,18.9
2018,8,1,16,183,18
2018,8,1,17,24,16.8
2018,8,1,18,0,16.1
2018,8,1,19,0,15.6
2018,8,1,20,0,15.2
2018,8,1,21,0,14.7
2018,8,1,22,0,14.2
2018,8,1,23,0,13.8
2018,8,2,0,0,13.4
2018,8,2,1,0,13.1
2018,8,2,2,0,12.9
2018,8,2,3,0,12.7
2018,8,2,4,0,12.5
2018,8,2,5,0,12.4
2018,8,2,6,0,12.6
2018,8,2,7,8,13.2
2018,8,2,8,172,14.3
2018,8,2,9,345,15.5
2018,8,2,10,485,16.3
2018,8,2,11,573,16.8
2018,8,2,12,604,17.2
2018,8,2,13,580,17.5
2018,8,2,14,493,17.5
2018,8,2,15,355,17.3
2018,8,2,16,185,16.7
2018,8,2,17,25,15.6
2018,8,2,18,0,15
2018,8,2,19,0,14.7
2018,8,2,20,0,14.6
2018,8,2,21,0,14.5
2018,8,2,22,0,14.3
2018,8,2,23,0,14.2
2018,8,3,0,0,13.9
2018,8,3,1,0,13.7
2018,8,3,2,0,13.4
2018,8,3,3,0,13
2018,8,3,4,0,12.6
2018,8,3,5,0,12.2
2018,8,3,6,0,11.7
2018,8,3,7,16,11.9
2018,8,3,8,182,13.1
2018,8,3,9,359,14.7
2018,8,3,10,499,16.7
2018,8,3,11,585,18.6
2018,8,3,12,611,19.7
2018,8,3,13,588,20.3
2018,8,3,14,491,20.4
2018,8,3,15,349,20.2
2018,8,3,16,179,19.3
2018,8,3,17,24,18
2018,8,3,18,0,17.2
2018,8,3,19,0,16.6
2018,8,3,20,0,16.3
2018,8,3,21,0,16.3
2018,8,3,22,0,16.1
2018,8,3,23,0,14.8
2018,8,4,0,0,14.2
2018,8,4,1,0,13.8
2018,8,4,2,0,13.4
2018,8,4,3,0,12.9
2018,8,4,4,0,12.6
2018,8,4,5,0,12.4
2018,8,4,6,0,12.2
2018,8,4,7,25,12.7
2018,8,4,8,193,13.6
2018,8,4,9,372,14.4
2018,8,4,10,521,15.4
2018,8,4,11,616,16.5
2018,8,4,12,649,17.5
2018,8,4,13,545,18.1
2018,8,4,14,522,18.4
2018,8,4,15,379,18.3
2018,8,4,16,119,17.5
2018,8,4,17,30,16.3
2018,8,4,18,0,15.6
2018,8,4,19,0,14.8
2018,8,4,20,0,14.1
2018,8,4,21,0,13.3
2018,8,4,22,0,12.7
2018,8,4,23,0,12.2
2018,8,5,0,0,11.7
2018,8,5,1,0,11.2
2018,8,5,2,0,10.7
2018,8,5,3,0,10.1
2018,8,5,4,0,9.6
2018,8,5,5,0,9.1
2018,8,5,6,0,8.8
2018,8,5,7,25,9.4
2018,8,5,8,190,10.6
2018,8,5,9,367,12.7
2018,8,5,10,433,15.3
2018,8,5,11,608,17
2018,8,5,12,641,17.9
2018,8,5,13,611,18.5
2018,8,5,14,521,18.8
2018,8,5,15,379,18.8
2018,8,5,16,202,17.8
2018,8,5,17,31,16.4
2018,8,5,18,0,15.7
2018,8,5,19,0,15.3
2018,8,5,20,0,15.1
2018,8,5,21,0,14.9
2018,8,5,22,0,14.6
2018,8,5,23,0,14.4
2018,8,6,0,0,14.2
2018,8,6,1,0,13.9
2018,8,6,2,0,13.9
2018,8,6,3,0,13.9
2018,8,6,4,0,13.9
2018,8,6,5,0,14.1
2018,8,6,6,0,14.3
2018,8,6,7,4,14
2018,8,6,8,15,13.8
2018,8,6,9,17,13.7
2018,8,6,10,40,13.9
2018,8,6,11,226,14.6
2018,8,6,12,427,16.1
2018,8,6,13,269,17.2
2018,8,6,14,497,17.7
2018,8,6,15,377,17.8
2018,8,6,16,205,17.2
2018,8,6,17,15,15.9
2018,8,6,18,0,15.3
2018,8,6,19,0,14.8
2018,8,6,20,0,14.5
2018,8,6,21,0,14.2
2018,8,6,22,0,13.8
2018,8,6,23,0,13.4
2018,8,7,0,0,13.1
2018,8,7,1,0,12.8
2018,8,7,2,0,12.6
2018,8,7,3,0,12.4
2018,8,7,4,0,12.2
2018,8,7,5,0,12
2018,8,7,6,0,11.8
2018,8,7,7,30,12.4
2018,8,7,8,201,13.3
2018,8,7,9,380,14
2018,8,7,10,524,14.7
2018,8,7,11,621,15.4
2018,8,7,12,654,15.8
2018,8,7,13,626,16
2018,8,7,14,537,16
2018,8,7,15,393,15.8
2018,8,7,16,213,15.2
2018,8,7,17,36,14.1
2018,8,7,18,0,13.3
2018,8,7,19,0,12.7
2018,8,7,20,0,12.3
2018,8,7,21,0,11.9
2018,8,7,22,0,11.5
2018,8,7,23,0,11.1
2018,8,8,0,0,10.7
2018,8,8,1,0,10.5
2018,8,8,2,0,10.3
2018,8,8,3,0,10.1
2018,8,8,4,0,9.9
2018,8,8,5,0,9.8
2018,8,8,6,0,9.6
2018,8,8,7,14,10.2
2018,8,8,8,162,11.6
2018,8,8,9,298,13.1
2018,8,8,10,440,14.5
2018,8,8,11,448,15.5
2018,8,8,12,450,16.4
2018,8,8,13,513,17.3
2018,8,8,14,447,18
2018,8,8,15,387,18.2
2018,8,8,16,210,17.5
2018,8,8,17,16,16.3
2018,8,8,18,0,15.6
2018,8,8,19,0,14.9
2018,8,8,20,0,14.3
2018,8,8,21,0,13.7
2018,8,8,22,0,13.3
2018,8,8,23,0,13
2018,8,9,0,0,12.6
2018,8,9,1,0,12.3
2018,8,9,2,0,12.1
2018,8,9,3,0,11.8
2018,8,9,4,0,11.6
2018,8,9,5,0,11.4
2018,8,9,6,0,11.3
2018,8,9,7,33,11.9
2018,8,9,8,205,13.4
2018,8,9,9,385,15.1
2018,8,9,10,531,16.2
2018,8,9,11,624,16.9
2018,8,9,12,657,17.4
2018,8,9,13,629,17.6
2018,8,9,14,537,17.6
2018,8,9,15,391,17.4
2018,8,9,16,212,16.5
2018,8,9,17,37,15.1
2018,8,9,18,0,14.5
2018,8,9,19,0,14.3
2018,8,9,20,0,14.1
2018,8,9,21,0,13.8
2018,8,9,22,0,13.5
2018,8,9,23,0,13.2
2018,8,10,0,0,12.9
2018,8,10,1,0,12.4
2018,8,10,2,0,11.7
2018,8,10,3,0,11.1
2018,8,10,4,0,10.6
2018,8,10,5,0,10
2018,8,10,6,0,9.5
2018,8,10,7,37,9.9
2018,8,10,8,217,11.2
2018,8,10,9,401,13.2
2018,8,10,10,549,15.5
2018,8,10,11,644,17.6
2018,8,10,12,677,19
2018,8,10,13,645,19.7
2018,8,10,14,551,19.9
2018,8,10,15,404,19.7
2018,8,10,16,192,18.6
2018,8,10,17,36,17
2018,8,10,18,0,16.1
2018,8,10,19,0,15.5
2018,8,10,20,0,15.2
2018,8,10,21,0,14.8
2018,8,10,22,0,14.4
2018,8,10,23,0,14
2018,8,11,0,0,13.7
2018,8,11,1,0,13.6
2018,8,11,2,0,13.6
2018,8,11,3,0,13.6
2018,8,11,4,0,13.5
2018,8,11,5,0,13.5
2018,8,11,6,0,13.5
2018,8,11,7,37,14.3
2018,8,11,8,214,15.7
2018,8,11,9,395,17.2
2018,8,11,10,544,18.8
2018,8,11,11,635,20
2018,8,11,12,665,20.8
2018,8,11,13,632,21.3
2018,8,11,14,540,21.5
2018,8,11,15,393,21.5
2018,8,11,16,212,20.8
2018,8,11,17,36,19.8
2018,8,11,18,0,19.2
2018,8,11,19,0,18.5
2018,8,11,20,0,18.1
2018,8,11,21,0,17.2
2018,8,11,22,0,15.8
2018,8,11,23,0,14.7
2018,8,12,0,0,13.6
2018,8,12,1,0,12.7
2018,8,12,2,0,12
2018,8,12,3,0,11.6
2018,8,12,4,0,11.3
2018,8,12,5,0,11
2018,8,12,6,0,10.8
2018,8,12,7,18,11.3
2018,8,12,8,165,12
2018,8,12,9,283,12.6
2018,8,12,10,550,13.2
2018,8,12,11,648,14.1
2018,8,12,12,681,14.8
2018,8,12,13,649,15.4
2018,8,12,14,555,15.7
2018,8,12,15,408,15.8
2018,8,12,16,225,15.3
2018,8,12,17,44,14.1
2018,8,12,18,0,13.3
2018,8,12,19,0,12.4
2018,8,12,20,0,11.7
2018,8,12,21,0,11.3
2018,8,12,22,0,11
2018,8,12,23,0,10.8
2018,8,13,0,0,10.6
2018,8,13,1,0,10.5
2018,8,13,2,0,10.4
2018,8,13,3,0,10.2
2018,8,13,4,0,10.2
2018,8,13,5,0,10.2
2018,8,13,6,0,10.2
2018,8,13,7,45,11.3
2018,8,13,8,225,12.6
2018,8,13,9,407,13.9
2018,8,13,10,553,15.3
2018,8,13,11,645,16.5
2018,8,13,12,677,17.4
2018,8,13,13,520,17.9
2018,8,13,14,469,18.2
2018,8,13,15,402,18.1
2018,8,13,16,220,17.6
2018,8,13,17,42,16.3
2018,8,13,18,0,15.6
2018,8,13,19,0,14.9
2018,8,13,20,0,14.1
2018,8,13,21,0,13.4
2018,8,13,22,0,12.9
2018,8,13,23,0,12.5
2018,8,14,0,0,12.2
2018,8,14,1,0,11.9
2018,8,14,2,0,11.7
2018,8,14,3,0,11.5
2018,8,14,4,0,11.3
2018,8,14,5,0,11.1
2018,8,14,6,0,10.9
2018,8,14,7,46,11.6
2018,8,14,8,230,13
2018,8,14,9,415,14.6
2018,8,14,10,567,16.3
2018,8,14,11,663,17.8
2018,8,14,12,695,18.9
2018,8,14,13,663,19.4
2018,8,14,14,567,19.8
2018,8,14,15,418,19.7
2018,8,14,16,230,18.6
2018,8,14,17,46,16.9
2018,8,14,18,0,16
2018,8,14,19,0,15.6
2018,8,14,20,0,15.5
2018,8,14,21,0,15
2018,8,14,22,0,14.3
2018,8,14,23,0,13.6
2018,8,15,0,0,12.8
2018,8,15,1,0,12.2
2018,8,15,2,0,11.8
2018,8,15,3,0,11.5
2018,8,15,4,0,11.3
2018,8,15,5,0,11.3
2018,8,15,6,0,11.3
2018,8,15,7,51,12.2
2018,8,15,8,237,14
2018,8,15,9,427,16.6
2018,8,15,10,575,18.9
2018,8,15,11,667,20.5
2018,8,15,12,691,21.4
2018,8,15,13,659,21.7
2018,8,15,14,560,21.6
2018,8,15,15,409,21.3
2018,8,15,16,228,20.5
2018,8,15,17,48,19.1
2018,8,15,18,0,18.4
2018,8,15,19,0,18
2018,8,15,20,0,17.6
2018,8,15,21,0,17.2
2018,8,15,22,0,17
2018,8,15,23,0,16.8
2018,8,16,0,0,16.6
2018,8,16,1,0,16.4
2018,8,16,2,0,16.3
2018,8,16,3,0,15.9
2018,8,16,4,0,15.5
2018,8,16,5,0,15.2
2018,8,16,6,0,14.8
2018,8,16,7,44,15.1
2018,8,16,8,219,16.2
2018,8,16,9,401,16.9
2018,8,16,10,556,17.5
2018,8,16,11,506,18.1
2018,8,16,12,685,18.6
2018,8,16,13,659,18.9
2018,8,16,14,563,18.9
2018,8,16,15,416,18.7
2018,8,16,16,231,17.9
2018,8,16,17,49,16.5
2018,8,16,18,0,15.7
2018,8,16,19,0,15.1
2018,8,16,20,0,14.5
2018,8,16,21,0,13.7
2018,8,16,22,0,12.9
2018,8,16,23,0,12.1
2018,8,17,0,0,11.6
2018,8,17,1,0,11.1
2018,8,17,2,0,10.8
2018,8,17,3,0,10.5
2018,8,17,4,0,10.1
2018,8,17,5,0,9.8
2018,8,17,6,0,9.6
2018,8,17,7,54,10.4
2018,8,17,8,240,11.9
2018,8,17,9,425,13.4
2018,8,17,10,574,14.6
2018,8,17,11,668,15.4
2018,8,17,12,697,16
2018,8,17,13,664,16.4
2018,8,17,14,568,16.6
2018,8,17,15,417,16.5
2018,8,17,16,233,16
2018,8,17,17,51,14.7
2018,8,17,18,0,14.1
2018,8,17,19,0,14.1
2018,8,17,20,0,13.4
2018,8,17,21,0,12.6
2018,8,17,22,0,12.1
2018,8,17,23,0,11.6
2018,8,18,0,0,11
2018,8,18,1,0,10.5
2018,8,18,2,0,10
2018,8,18,3,0,9.5
2018,8,18,4,0,9.2
2018,8,18,5,0,9
2018,8,18,6,0,8.9
2018,8,18,7,59,10
2018,8,18,8,247,11.8
2018,8,18,9,432,14.4
2018,8,18,10,578,16.6
2018,8,18,11,675,18.2
2018,8,18,12,704,19.2
2018,8,18,13,670,19.7
2018,8,18,14,353,19.8
2018,8,18,15,372,19.1
2018,8,18,16,172,17.3
2018,8,18,17,21,15.4
2018,8,18,18,0,13.9
2018,8,18,19,0,13.2
2018,8,18,20,0,12.8
2018,8,18,21,0,12.5
2018,8,18,22,0,12.3
2018,8,18,23,0,12.1
2018,8,19,0,0,11.8
2018,8,19,1,0,11.6
2018,8,19,2,0,11.3
2018,8,19,3,0,11
2018,8,19,4,0,10.7
2018,8,19,5,0,10.5
2018,8,19,6,0,10.3
2018,8,19,7,63,10.9
2018,8,19,8,255,11.6
2018,8,19,9,443,12.6
2018,8,19,10,591,13.7
2018,8,19,11,686,14.6
2018,8,19,12,714,15.1
2018,8,19,13,676,15.1
2018,8,19,14,577,14.8
2018,8,19,15,344,14.2
2018,8,19,16,243,13.6
2018,8,19,17,44,13
2018,8,19,18,0,12.5
2018,8,19,19,0,12.2
2018,8,19,20,0,12.3
2018,8,19,21,0,12.3
2018,8,19,22,0,12.1
2018,8,19,23,0,12
2018,8,20,0,0,11.9
2018,8,20,1,0,11.6
2018,8,20,2,0,11.2
2018,8,20,3,0,10.8
2018,8,20,4,0,10.6
2018,8,20,5,0,10.3
2018,8,20,6,0,10.1
2018,8,20,7,59,10.6
2018,8,20,8,248,11.4
2018,8,20,9,435,12.2
2018,8,20,10,585,12.9
2018,8,20,11,679,13.4
2018,8,20,12,709,13.8
2018,8,20,13,678,14
2018,8,20,14,520,14.1
2018,8,20,15,343,14
2018,8,20,16,242,13.6
2018,8,20,17,55,12.6
2018,8,20,18,0,12.2
2018,8,20,19,0,12.3
2018,8,20,20,0,11.9
2018,8,20,21,0,11.4
2018,8,20,22,0,11.2
2018,8,20,23,0,10.9
2018,8,21,0,0,10.4
2018,8,21,1,0,10.2
2018,8,21,2,0,9.9
2018,8,21,3,0,9.7
2018,8,21,4,0,9.4
2018,8,21,5,0,9.2
2018,8,21,6,0,9.1
2018,8,21,7,67,10
2018,8,21,8,256,11.3
2018,8,21,9,439,12.8
2018,8,21,10,587,14.3
2018,8,21,11,681,15.7
2018,8,21,12,713,16.6
2018,8,21,13,677,17
2018,8,21,14,578,16.9
2018,8,21,15,428,16.6
2018,8,21,16,244,15.9
2018,8,21,17,58,14.7
2018,8,21,18,0,13.9
2018,8,21,19,0,13.3
2018,8,21,20,0,12.8
2018,8,21,21,0,12.4
2018,8,21,22,0,12.1
2018,8,21,23,0,11.8
2018,8,22,0,0,11.6
2018,8,22,1,0,11.5
2018,8,22,2,0,11.4
2018,8,22,3,0,11.3
2018,8,22,4,0,11.2
2018,8,22,5,0,11
2018,8,22,6,0,11
2018,8,22,7,43,12
2018,8,22,8,258,13
2018,8,22,9,442,14.1
2018,8,22,10,465,14.9
2018,8,22,11,681,15.4
2018,8,22,12,506,15.7
2018,8,22,13,356,15.6
2018,8,22,14,580,15.3
2018,8,22,15,343,14.9
2018,8,22,16,179,14.3
2018,8,22,17,39,13.3
2018,8,22,18,0,12.8
2018,8,22,19,0,12.7
2018,8,22,20,0,12.6
2018,8,22,21,0,12.6
2018,8,22,22,0,12.6
2018,8,22,23,0,12.5
2018,8,23,0,0,12.4
2018,8,23,1,0,12.2
2018,8,23,2,0,11.9
2018,8,23,3,0,11.8
2018,8,23,4,0,11.7
2018,8,23,5,0,11.7
2018,8,23,6,0,11.7
2018,8,23,7,70,12.8
2018,8,23,8,259,14.2
2018,8,23,9,444,15.1
2018,8,23,10,367,15.7
2018,8,23,11,413,16.2
2018,8,23,12,710,16.4
2018,8,23,13,674,16.5
2018,8,23,14,203,16.2
2018,8,23,15,344,15.9
2018,8,23,16,175,15.4
2018,8,23,17,38,14.3
2018,8,23,18,0,13.7
2018,8,23,19,0,13.3
2018,8,23,20,0,13
2018,8,23,21,0,12.9
2018,8,23,22,0,12.8
2018,8,23,23,0,12.8
2018,8,24,0,0,12.8
2018,8,24,1,0,12.8
2018,8,24,2,0,13
2018,8,24,3,0,13
2018,8,24,4,0,12.9
2018,8,24,5,0,12.8
2018,8,24,6,0,12.8
2018,8,24,7,6,13.2
2018,8,24,8,28,13.9
2018,8,24,9,207,14.5
2018,8,24,10,147,15
2018,8,24,11,140,15.5
2018,8,24,12,236,15.7
2018,8,24,13,659,15.8
2018,8,24,14,566,15.9
2018,8,24,15,422,15.9
2018,8,24,16,239,15.6
2018,8,24,17,10,14.8
2018,8,24,18,0,14.3
2018,8,24,19,0,14.2
2018,8,24,20,0,14.2
2018,8,24,21,0,14.2
2018,8,24,22,0,14.2
2018,8,24,23,0,14.3
2018,8,25,0,0,14.2
2018,8,25,1,0,14
2018,8,25,2,0,13.8
2018,8,25,3,0,13.7
2018,8,25,4,0,13.6
2018,8,25,5,0,13.7
2018,8,25,6,0,13.8
2018,8,25,7,28,14.8
2018,8,25,8,217,16
2018,8,25,9,328,16.8
2018,8,25,10,143,17.4
2018,8,25,11,513,17.9
2018,8,25,12,402,18
2018,8,25,13,358,17.9
2018,8,25,14,144,17.7
2018,8,25,15,185,17.3
2018,8,25,16,57,16.6
2018,8,25,17,16,15.8
2018,8,25,18,0,15.5
2018,8,25,19,0,15.3
2018,8,25,20,0,15.2
2018,8,25,21,0,15.1
2018,8,25,22,0,14.9
2018,8,25,23,0,14.8
2018,8,26,0,0,14.6
2018,8,26,1,0,14.4
2018,8,26,2,0,14.1
2018,8,26,3,0,13.7
2018,8,26,4,0,13.4
2018,8,26,5,0,13.2
2018,8,26,6,0,13
2018,8,26,7,34,13.2
2018,8,26,8,121,13.9
2018,8,26,9,250,14.3
2018,8,26,10,136,14.6
2018,8,26,11,397,14.6
2018,8,26,12,341,14.4
2018,8,26,13,190,14.5
2018,8,26,14,144,15
2018,8,26,15,108,15.4
2018,8,26,16,58,15.4
2018,8,26,17,17,15
2018,8,26,18,0,15.1
2018,8,26,19,0,14.8
2018,8,26,20,0,14.1
2018,8,26,21,0,13.6
2018,8,26,22,0,13.3
2018,8,26,23,0,13.1
2018,8,27,0,0,13
2018,8,27,1,0,12.9
2018,8,27,2,0,12.8
2018,8,27,3,0,12.8
2018,8,27,4,0,12.9
2018,8,27,5,0,13.2
2018,8,27,6,0,13.5
2018,8,27,7,6,13.7
2018,8,27,8,19,13.6
2018,8,27,9,177,13.6
2018,8,27,10,123,13.9
2018,8,27,11,475,14.2
2018,8,27,12,319,14.3
2018,8,27,13,444,14.3
2018,8,27,14,219,14.1
2018,8,27,15,19,13.9
2018,8,27,16,28,13.4
2018,8,27,17,18,12.9
2018,8,27,18,0,12.6
2018,8,27,19,0,12.6
2018,8,27,20,0,12.6
2018,8,27,21,0,12.5
2018,8,27,22,0,12.3
2018,8,27,23,0,12
2018,8,28,0,0,11.8
2018,8,28,1,0,11.5
2018,8,28,2,0,11.1
2018,8,28,3,0,10.8
2018,8,28,4,0,10.5
2018,8,28,5,0,10.1
2018,8,28,6,0,9.9
2018,8,28,7,28,10.7
2018,8,28,8,160,11.5
2018,8,28,9,353,12.1
2018,8,28,10,517,12.8
2018,8,28,11,549,13.4
2018,8,28,12,753,13.8
2018,8,28,13,716,14
2018,8,28,14,615,14
2018,8,28,15,459,13.7
2018,8,28,16,265,13.1
2018,8,28,17,32,12.1
2018,8,28,18,0,11.5
2018,8,28,19,0,11.2
2018,8,28,20,0,11.1
2018,8,28,21,0,11
2018,8,28,22,0,11
2018,8,28,23,0,10.8
2018,8,29,0,0,10.5
2018,8,29,1,0,10.2
2018,8,29,2,0,9.8
2018,8,29,3,0,9.5
2018,8,29,4,0,9.2
2018,8,29,5,0,8.7
2018,8,29,6,0,8.4
2018,8,29,7,101,9.5
2018,8,29,8,306,10.7
2018,8,29,9,500,11.9
2018,8,29,10,651,12.8
2018,8,29,11,751,13.5
2018,8,29,12,781,14.2
2018,8,29,13,739,14.6
2018,8,29,14,636,14.8
2018,8,29,15,479,14.7
2018,8,29,16,282,14.2
2018,8,29,17,80,12.9
2018,8,29,18,0,12.2
2018,8,29,19,0,11.9
2018,8,29,20,0,11.9
2018,8,29,21,0,11.8
2018,8,29,22,0,11.6
2018,8,29,23,0,11.3
2018,8,30,0,0,10.9
2018,8,30,1,0,10.5
2018,8,30,2,0,10.1
2018,8,30,3,0,9.7
2018,8,30,4,0,9.6
2018,8,30,5,0,9.4
2018,8,30,6,0,9.2
2018,8,30,7,103,10.4
2018,8,30,8,307,12
2018,8,30,9,499,13.3
2018,8,30,10,650,14.3
2018,8,30,11,745,15
2018,8,30,12,774,15.5
2018,8,30,13,731,15.8
2018,8,30,14,627,15.7
2018,8,30,15,465,15.3
2018,8,30,16,269,14.6
2018,8,30,17,46,13.5
2018,8,30,18,0,12.9
2018,8,30,19,0,12.8
2018,8,30,20,0,12.8
2018,8,30,21,0,12.8
2018,8,30,22,0,12.9
2018,8,30,23,0,12.9
2018,8,31,0,0,12.9
2018,8,31,1,0,12.6
2018,8,31,2,0,12.2
2018,8,31,3,0,11.9
2018,8,31,4,0,11.7
2018,8,31,5,0,11.6
2018,8,31,6,0,12.1
2018,8,31,7,84,13.3
2018,8,31,8,293,14.6
2018,8,31,9,141,15.7
2018,8,31,10,82,16.5
2018,8,31,11,178,16.9
2018,8,31,12,116,17
2018,8,31,13,137,17.2
2018,8,31,14,54,17.2
2018,8,31,15,63,17.3
2018,8,31,16,264,17.4
2018,8,31,17,74,16.5
2018,8,31,18,0,15.7
2018,8,31,19,0,15.3
2018,8,31,20,0,15
2018,8,31,21,0,14.7
2018,8,31,22,0,14.4
2018,8,31,23,0,14.1
2018,9,1,0,0,13.7
2018,9,1,1,0,13.5
2018,9,1,2,0,13.2
2018,9,1,3,0,13.2
2018,9,1,4,0,13.2
2018,9,1,5,0,13.2
2018,9,1,6,0,13.3
2018,9,1,7,111,14.5
2018,9,1,8,313,15.4
2018,9,1,9,503,16.3
2018,9,1,10,652,17.4
2018,9,1,11,746,18.4
2018,9,1,12,774,19
2018,9,1,13,636,19.3
2018,9,1,14,503,19.3
2018,9,1,15,350,19
2018,9,1,16,183,18.3
2018,9,1,17,48,17.2
2018,9,1,18,0,16.5
2018,9,1,19,0,16
2018,9,1,20,0,15.4
2018,9,1,21,0,15
2018,9,1,22,0,14.7
2018,9,1,23,0,14.4
2018,9,2,0,0,14.1
2018,9,2,1,0,13.8
2018,9,2,2,0,13.4
2018,9,2,3,0,13
2018,9,2,4,0,12.7
2018,9,2,5,0,12.6
2018,9,2,6,0,12.8
2018,9,2,7,12,13.4
2018,9,2,8,50,13.8
2018,9,2,9,56,14.2
2018,9,2,10,102,14.4
2018,9,2,11,239,14.5
2018,9,2,12,522,14.6
2018,9,2,13,554,14.7
2018,9,2,14,462,14.6
2018,9,2,15,272,14.3
2018,9,2,16,183,13.8
2018,9,2,17,81,13.1
2018,9,2,18,0,12.5
2018,9,2,19,0,12.4
2018,9,2,20,0,12.5
2018,9,2,21,0,12.5
2018,9,2,22,0,12.5
2018,9,2,23,0,12.6
2018,9,3,0,0,12.6
2018,9,3,1,0,12.5
2018,9,3,2,0,12.4
2018,9,3,3,0,12.2
2018,9,3,4,0,12.2
2018,9,3,5,0,12.2
2018,9,3,6,0,12.5
2018,9,3,7,41,13.6
2018,9,3,8,254,14.4
2018,9,3,9,253,15
2018,9,3,10,345,15.4
2018,9,3,11,304,15.6
2018,9,3,12,442,15.5
2018,9,3,13,288,15.3
2018,9,3,14,92,15
2018,9,3,15,224,14.7
2018,9,3,16,111,14.4
2018,9,3,17,28,13.8
2018,9,3,18,0,13.4
2018,9,3,19,0,13.4
2018,9,3,20,0,13.4
2018,9,3,21,0,13.4
2018,9,3,22,0,13.4
2018,9,3,23,0,13.3
2018,9,4,0,0,13.4
2018,9,4,1,0,13.4
2018,9,4,2,0,13.4
2018,9,4,3,0,13.4
2018,9,4,4,0,13.4
2018,9,4,5,0,13.5
2018,9,4,6,0,13.7
2018,9,4,7,28,14.7
2018,9,4,8,323,15.3
2018,9,4,9,512,15.9
2018,9,4,10,659,16.4
2018,9,4,11,750,16.7
2018,9,4,12,778,16.7
2018,9,4,13,739,16.7
2018,9,4,14,637,16.8
2018,9,4,15,456,16.6
2018,9,4,16,285,16.4
2018,9,4,17,71,15.6
2018,9,4,18,0,15.1
2018,9,4,19,0,14.9
2018,9,4,20,0,14.7
2018,9,4,21,0,14.4
2018,9,4,22,0,14.2
2018,9,4,23,0,14.1
2018,9,5,0,0,14.1
2018,9,5,1,0,14.1
2018,9,5,2,0,13.9
2018,9,5,3,0,13.8
2018,9,5,4,0,13.7
2018,9,5,5,0,13.6
2018,9,5,6,0,13.7
2018,9,5,7,75,14.7
2018,9,5,8,185,15.7
2018,9,5,9,351,16.6
2018,9,5,10,263,17.1
2018,9,5,11,526,17.3
2018,9,5,12,218,17.3
2018,9,5,13,501,17.3
2018,9,5,14,636,17.2
2018,9,5,15,383,17
2018,9,5,16,283,16.7
2018,9,5,17,58,15.9
2018,9,5,18,0,15.1
2018,9,5,19,0,14.6
2018,9,5,20,0,14.4
2018,9,5,21,0,14.2
2018,9,5,22,0,14
2018,9,5,23,0,13.7
2018,9,6,0,0,13.5
2018,9,6,1,0,13.3
2018,9,6,2,0,13.1
2018,9,6,3,0,13
2018,9,6,4,0,12.9
2018,9,6,5,0,12.7
2018,9,6,6,0,12.8
2018,9,6,7,55,14
2018,9,6,8,240,15.5
2018,9,6,9,223,17
2018,9,6,10,514,18
2018,9,6,11,634,18.7
2018,9,6,12,634,19.1
2018,9,6,13,585,19.2
2018,9,6,14,526,19.1
2018,9,6,15,410,18.9
2018,9,6,16,182,18.4
2018,9,6,17,28,17.5
2018,9,6,18,0,16.8
2018,9,6,19,0,16.5
2018,9,6,20,0,16.4
2018,9,6,21,0,16.3
2018,9,6,22,0,16.1
2018,9,6,23,0,15.8
2018,9,7,0,0,15.6
2018,9,7,1,0,15.5
2018,9,7,2,0,15.2
2018,9,7,3,0,15.1
2018,9,7,4,0,14.9
2018,9,7,5,0,14.7
2018,9,7,6,0,14.6
2018,9,7,7,78,15.4
2018,9,7,8,323,16.5
2018,9,7,9,508,18.1
2018,9,7,10,656,19.9
2018,9,7,11,501,21.4
2018,9,7,12,568,20.9
2018,9,7,13,595,19.2
2018,9,7,14,152,17.8
2018,9,7,15,136,17.2
2018,9,7,16,121,16.8
2018,9,7,17,41,16.5
2018,9,7,18,0,16.1
2018,9,7,19,0,15.8
2018,9,7,20,0,15.4
2018,9,7,21,0,15.1
2018,9,7,22,0,14.9
2018,9,7,23,0,14.8
2018,9,8,0,0,14.8
2018,9,8,1,0,14.7
2018,9,8,2,0,14.5
2018,9,8,3,0,14.4
2018,9,8,4,0,14.3
2018,9,8,5,0,14.5
2018,9,8,6,0,14.7
2018,9,8,7,20,14.9
2018,9,8,8,24,15.1
2018,9,8,9,100,15.2
2018,9,8,10,376,15.3
2018,9,8,11,126,15.6
2018,9,8,12,94,15.7
2018,9,8,13,169,15.6
2018,9,8,14,53,15.5
2018,9,8,15,158,15.2
2018,9,8,16,76,14.9
2018,9,8,17,7,14.4
2018,9,8,18,0,13.9
2018,9,8,19,0,13.7
2018,9,8,20,0,13.7
2018,9,8,21,0,13.7
2018,9,8,22,0,13.5
2018,9,8,23,0,13.1
2018,9,9,0,0,12.6
2018,9,9,1,0,12.1
2018,9,9,2,0,11.6
2018,9,9,3,0,11.1
2018,9,9,4,0,10.6
2018,9,9,5,0,10.2
2018,9,9,6,0,10.2
2018,9,9,7,149,11.3
2018,9,9,8,358,13.2
2018,9,9,9,544,15.6
2018,9,9,10,696,17.5
2018,9,9,11,788,18.8
2018,9,9,12,811,19.5
2018,9,9,13,768,20
2018,9,9,14,657,20.3
2018,9,9,15,493,20.4
2018,9,9,16,293,20
2018,9,9,17,93,18.6
2018,9,9,18,0,17.8
2018,9,9,19,0,17.4
2018,9,9,20,0,16.8
2018,9,9,21,0,16.1
2018,9,9,22,0,15.6
2018,9,9,23,0,15.1
2018,9,10,0,0,14.7
2018,9,10,1,0,14.4
2018,9,10,2,0,14.2
2018,9,10,3,0,14
2018,9,10,4,0,13.8
2018,9,10,5,0,13.6
2018,9,10,6,0,13.5
2018,9,10,7,136,14.6
2018,9,10,8,336,16.3
2018,9,10,9,522,17.6
2018,9,10,10,665,18.3
2018,9,10,11,746,18.6
2018,9,10,12,770,18.8
2018,9,10,13,719,18.8
2018,9,10,14,617,18.7
2018,9,10,15,459,18.2
2018,9,10,16,269,17.4
2018,9,10,17,80,16.2
2018,9,10,18,0,15.2
2018,9,10,19,0,14.9
2018,9,10,20,0,14.8
2018,9,10,21,0,14.8
2018,9,10,22,0,14.9
2018,9,10,23,0,14.8
2018,9,11,0,0,14.6
2018,9,11,1,0,14.4
2018,9,11,2,0,14.1
2018,9,11,3,0,13.9
2018,9,11,4,0,13.5
2018,9,11,5,0,13.1
2018,9,11,6,0,12.9
2018,9,11,7,128,14.2
2018,9,11,8,323,15.9
2018,9,11,9,508,17.5
2018,9,11,10,651,18.6
2018,9,11,11,741,19.4
2018,9,11,12,768,20.2
2018,9,11,13,727,20.6
2018,9,11,14,623,20.7
2018,9,11,15,467,20.5
2018,9,11,16,276,19.6
2018,9,11,17,84,18.1
2018,9,11,18,0,17
2018,9,11,19,0,16.6
2018,9,11,20,0,16.3
2018,9,11,21,0,16
2018,9,11,22,0,15.7
2018,9,11,23,0,15.4
2018,9,12,0,0,15.1
2018,9,12,1,0,14.9
2018,9,12,2,0,14.7
2018,9,12,3,0,14.4
2018,9,12,4,0,14.1
2018,9,12,5,0,13.9
2018,9,12,6,0,14
2018,9,12,7,132,15.3
2018,9,12,8,309,17.1
2018,9,12,9,494,19.3
2018,9,12,10,678,21.3
2018,9,12,11,766,23
2018,9,12,12,791,24.1
2018,9,12,13,753,24.7
2018,9,12,14,646,24.9
2018,9,12,15,488,24.7
2018,9,12,16,297,23.6
2018,9,12,17,68,21.4
2018,9,12,18,0,19.9
2018,9,12,19,0,19.1
2018,9,12,20,0,19
2018,9,12,21,0,19.1
2018,9,12,22,0,18.9
2018,9,12,23,0,18
2018,9,13,0,0,17.6
2018,9,13,1,0,17.3
2018,9,13,2,0,16.8
2018,9,13,3,0,16
2018,9,13,4,0,15.2
2018,9,13,5,0,14.6
2018,9,13,6,0,14.4
2018,9,13,7,149,15.3
2018,9,13,8,351,16.2
2018,9,13,9,538,17.2
2018,9,13,10,692,18.1
2018,9,13,11,777,18.8
2018,9,13,12,800,19
2018,9,13,13,765,18.9
2018,9,13,14,657,18.6
2018,9,13,15,495,18
2018,9,13,16,298,17.3
2018,9,13,17,97,16.3
2018,9,13,18,0,15.5
2018,9,13,19,0,15.4
2018,9,13,20,0,15.6
2018,9,13,21,0,15.7
2018,9,13,22,0,15.6
2018,9,13,23,0,15.4
2018,9,14,0,0,15.2
2018,9,14,1,0,15.1
2018,9,14,2,0,15
2018,9,14,3,0,15.1
2018,9,14,4,0,15.1
2018,9,14,5,0,15.1
2018,9,14,6,0,15.2
2018,9,14,7,153,15.9
2018,9,14,8,229,17.4
2018,9,14,9,550,18.7
2018,9,14,10,714,19.9
2018,9,14,11,805,21.1
2018,9,14,12,828,22.2
2018,9,14,13,785,22.9
2018,9,14,14,675,23.2
2018,9,14,15,510,23.1
2018,9,14,16,314,22.2
2018,9,14,17,106,20.4
2018,9,14,18,0,18.9
2018,9,14,19,0,18.2
2018,9,14,20,0,17.9
2018,9,14,21,0,17.6
2018,9,14,22,0,17.2
2018,9,14,23,0,16.8
2018,9,15,0,0,16.2
2018,9,15,1,0,15.6
2018,9,15,2,0,15.1
2018,9,15,3,0,14.7
2018,9,15,4,0,14.3
2018,9,15,5,0,14.1
2018,9,15,6,0,14.3
2018,9,15,7,174,15.9
2018,9,15,8,390,17.9
2018,9,15,9,585,20.4
2018,9,15,10,738,22.6
2018,9,15,11,827,24.4
2018,9,15,12,685,25.6
2018,9,15,13,790,26.4
2018,9,15,14,559,26.7
2018,9,15,15,520,26.6
2018,9,15,16,280,26.2
2018,9,15,17,64,24.8
2018,9,15,18,0,23.5
2018,9,15,19,0,21.3
2018,9,15,20,0,19.1
2018,9,15,21,0,17.7
2018,9,15,22,0,16.5
2018,9,15,23,0,15.6
2018,9,16,0,0,14.6
2018,9,16,1,0,13.6
2018,9,16,2,0,12.7
2018,9,16,3,0,12.1
2018,9,16,4,0,11.6
2018,9,16,5,0,11.2
2018,9,16,6,0,11.1
2018,9,16,7,190,11.7
2018,9,16,8,413,12.7
2018,9,16,9,611,13.7
2018,9,16,10,763,14.5
2018,9,16,11,854,15.1
2018,9,16,12,878,15.6
2018,9,16,13,827,15.7
2018,9,16,14,714,15.6
2018,9,16,15,543,15.3
2018,9,16,16,333,14.8
2018,9,16,17,117,14.1
2018,9,16,18,0,13.4
2018,9,16,19,0,13.3
2018,9,16,20,0,13.2
2018,9,16,21,0,13.2
2018,9,16,22,0,13.1
2018,9,16,23,0,13
2018,9,17,0,0,13
2018,9,17,1,0,12.8
2018,9,17,2,0,12.6
2018,9,17,3,0,12.4
2018,9,17,4,0,12.2
2018,9,17,5,0,12.1
2018,9,17,6,12,12.3
2018,9,17,7,185,13.6
2018,9,17,8,401,14.7
2018,9,17,9,592,15.5
2018,9,17,10,742,16.3
2018,9,17,11,93,17
2018,9,17,12,853,17.5
2018,9,17,13,811,17.8
2018,9,17,14,699,17.7
2018,9,17,15,531,17.4
2018,9,17,16,328,16.8
2018,9,17,17,116,15.9
2018,9,17,18,0,15
2018,9,17,19,0,14.7
2018,9,17,20,0,14.5
2018,9,17,21,0,14.4
2018,9,17,22,0,14.2
2018,9,17,23,0,14
2018,9,18,0,0,13.7
2018,9,18,1,0,13.4
2018,9,18,2,0,13
2018,9,18,3,0,12.7
2018,9,18,4,0,12.3
2018,9,18,5,0,12.1
2018,9,18,6,14,12.3
2018,9,18,7,191,13.6
2018,9,18,8,408,15.3
2018,9,18,9,602,17.3
2018,9,18,10,755,19.2
2018,9,18,11,845,20.7
2018,9,18,12,868,21.7
2018,9,18,13,821,22.3
2018,9,18,14,706,22.6
2018,9,18,15,538,22.5
2018,9,18,16,331,21.9
2018,9,18,17,118,20.3
2018,9,18,18,0,18.8
2018,9,18,19,0,18.1
2018,9,18,20,0,17.7
2018,9,18,21,0,17.5
2018,9,18,22,0,17.2
2018,9,18,23,0,16.9
2018,9,19,0,0,16.6
2018,9,19,1,0,16.3
2018,9,19,2,0,16
2018,9,19,3,0,15.7
2018,9,19,4,0,15.5
2018,9,19,5,0,15.2
2018,9,19,6,16,15.7
2018,9,19,7,195,17.3
2018,9,19,8,273,19
2018,9,19,9,291,20.6
2018,9,19,10,748,21.8
2018,9,19,11,832,22.7
2018,9,19,12,854,23.5
2018,9,19,13,816,24
2018,9,19,14,485,24
2018,9,19,15,540,23.6
2018,9,19,16,335,22.8
2018,9,19,17,122,21.4
2018,9,19,18,0,20
2018,9,19,19,0,18.7
2018,9,19,20,0,17.3
2018,9,19,21,0,16
2018,9,19,22,0,14.9
2018,9,19,23,0,14.1
2018,9,20,0,0,13.6
2018,9,20,1,0,13.3
2018,9,20,2,0,13.5
2018,9,20,3,0,13.7
2018,9,20,4,0,13.6
2018,9,20,5,0,13.4
2018,9,20,6,2,13.4
2018,9,20,7,13,13.7
2018,9,20,8,85,14.2
2018,9,20,9,221,14.8
2018,9,20,10,238,15.1
2018,9,20,11,201,15.4
2018,9,20,12,231,15.7
2018,9,20,13,554,16
2018,9,20,14,704,16.2
2018,9,20,15,541,16
2018,9,20,16,336,15.6
2018,9,20,17,124,14.9
2018,9,20,18,0,14
2018,9,20,19,0,13.7
2018,9,20,20,0,13.7
2018,9,20,21,0,13.8
2018,9,20,22,0,14.1
2018,9,20,23,0,14
2018,9,21,0,0,13.6
2018,9,21,1,0,13.1
2018,9,21,2,0,12.5
2018,9,21,3,0,12.1
2018,9,21,4,0,11.8
2018,9,21,5,0,11.4
2018,9,21,6,21,11.3
2018,9,21,7,205,12.7
2018,9,21,8,421,14.3
2018,9,21,9,615,15.8
2018,9,21,10,771,17
2018,9,21,11,859,18.2
2018,9,21,12,883,19
2018,9,21,13,835,19.4
2018,9,21,14,719,19.5
2018,9,21,15,551,19.1
2018,9,21,16,344,18.5
2018,9,21,17,128,17.2
2018,9,21,18,0,15.9
2018,9,21,19,0,15.4
2018,9,21,20,0,15.2
2018,9,21,21,0,15
2018,9,21,22,0,14.8
2018,9,21,23,0,14.6
2018,9,22,0,0,14.5
2018,9,22,1,0,14.2
2018,9,22,2,0,13.8
2018,9,22,3,0,13.4
2018,9,22,4,0,12.9
2018,9,22,5,0,12.4
2018,9,22,6,23,12.5
2018,9,22,7,206,14
2018,9,22,8,373,15.6
2018,9,22,9,533,17.5
2018,9,22,10,672,19.2
2018,9,22,11,741,20.5
2018,9,22,12,785,21.4
2018,9,22,13,525,21.7
2018,9,22,14,498,21.7
2018,9,22,15,408,21.4
2018,9,22,16,241,20.8
2018,9,22,17,86,19.5
2018,9,22,18,0,18.3
2018,9,22,19,0,17.8
2018,9,22,20,0,17.5
2018,9,22,21,0,17.5
2018,9,22,22,0,17.4
2018,9,22,23,0,16.9
2018,9,23,0,0,16.2
2018,9,23,1,0,15.5
2018,9,23,2,0,15.1
2018,9,23,3,0,14.8
2018,9,23,4,0,14.5
2018,9,23,5,0,14.3
2018,9,23,6,25,14.6
2018,9,23,7,208,15.8
2018,9,23,8,419,17.1
2018,9,23,9,335,18
2018,9,23,10,762,18.6
2018,9,23,11,846,18.9
2018,9,23,12,550,19
2018,9,23,13,493,18.9
2018,9,23,14,702,18.7
2018,9,23,15,535,18.3
2018,9,23,16,332,17.8
2018,9,23,17,83,17.2
2018,9,23,18,0,16.6
2018,9,23,19,0,16.5
2018,9,23,20,0,16.2
2018,9,23,21,0,15.7
2018,9,23,22,0,15.3
2018,9,23,23,0,15
2018,9,24,0,0,14.8
2018,9,24,1,0,14.6
2018,9,24,2,0,14.3
2018,9,24,3,0,14
2018,9,24,4,0,13.8
2018,9,24,5,0,13.6
2018,9,24,6,3,13.9
2018,9,24,7,14,14.5
2018,9,24,8,79,15.1
2018,9,24,9,108,15.7
2018,9,24,10,555,16.1
2018,9,24,11,525,16.1
2018,9,24,12,691,15.9
2018,9,24,13,643,15.7
2018,9,24,14,317,15.6
2018,9,24,15,243,15.4
2018,9,24,16,79,15.3
2018,9,24,17,14,15
2018,9,24,18,0,14.4
2018,9,24,19,0,14.1
2018,9,24,20,0,14
2018,9,24,21,0,13.8
2018,9,24,22,0,13.7
2018,9,24,23,0,13.5
2018,9,25,0,0,13.4
2018,9,25,1,0,13.2
2018,9,25,2,0,13.1
2018,9,25,3,0,13.1
2018,9,25,4,0,13
2018,9,25,5,0,13
2018,9,25,6,10,13.2
2018,9,25,7,222,14.2
2018,9,25,8,299,14.9
2018,9,25,9,302,15.5
2018,9,25,10,597,16.2
2018,9,25,11,336,16.8
2018,9,25,12,314,17.2
2018,9,25,13,407,17.3
2018,9,25,14,556,17.4
2018,9,25,15,316,17.1
2018,9,25,16,346,16.6
2018,9,25,17,131,15.9
2018,9,25,18,0,15
2018,9,25,19,0,14.7
2018,9,25,20,0,14.5
2018,9,25,21,0,14.4
2018,9,25,22,0,14.5
2018,9,25,23,0,14.5
2018,9,26,0,0,14.5
2018,9,26,1,0,14.3
2018,9,26,2,0,14.1
2018,9,26,3,0,13.9
2018,9,26,4,0,13.8
2018,9,26,5,0,13.7
2018,9,26,6,4,13.9
2018,9,26,7,10,14.9
2018,9,26,8,68,15.5
2018,9,26,9,71,15.7
2018,9,26,10,165,15.3
2018,9,26,11,432,14.8
2018,9,26,12,263,14.1
2018,9,26,13,359,13.8
2018,9,26,14,368,13.6
2018,9,26,15,437,13.4
2018,9,26,16,214,13.5
2018,9,26,17,30,13.4
2018,9,26,18,0,13.3
2018,9,26,19,0,13.3
2018,9,26,20,0,13.3
2018,9,26,21,0,13.4
2018,9,26,22,0,13.5
2018,9,26,23,0,13.6
2018,9,27,0,0,13.5
2018,9,27,1,0,13.3
2018,9,27,2,0,13
2018,9,27,3,0,12.9
2018,9,27,4,0,12.8
2018,9,27,5,0,12.6
2018,9,27,6,38,12.7
2018,9,27,7,233,13.4
2018,9,27,8,449,14.2
2018,9,27,9,639,15.2
2018,9,27,10,795,16.6
2018,9,27,11,883,18
2018,9,27,12,902,19.1
2018,9,27,13,853,19.7
2018,9,27,14,738,20
2018,9,27,15,569,20
2018,9,27,16,361,19.6
2018,9,27,17,142,18.4
2018,9,27,18,0,17
2018,9,27,19,0,16.3
2018,9,27,20,0,16
2018,9,27,21,0,15.7
2018,9,27,22,0,15.3
2018,9,27,23,0,14.9
2018,9,28,0,0,14.5
2018,9,28,1,0,14
2018,9,28,2,0,13.6
2018,9,28,3,0,13.2
2018,9,28,4,0,12.8
2018,9,28,5,0,12.4
2018,9,28,6,43,12.8
2018,9,28,7,242,14.3
2018,9,28,8,459,16.9
2018,9,28,9,649,19.7
2018,9,28,10,791,21.9
2018,9,28,11,411,23.6
2018,9,28,12,887,24.7
2018,9,28,13,836,25.4
2018,9,28,14,566,25.7
2018,9,28,15,503,25.6
2018,9,28,16,340,24.8
2018,9,28,17,129,23.3
2018,9,28,18,0,22.2
2018,9,28,19,0,21.6
2018,9,28,20,0,20.8
2018,9,28,21,0,20.1
2018,9,28,22,0,19.4
2018,9,28,23,0,18.6
2018,9,29,0,0,17.8
2018,9,29,1,0,17.2
2018,9,29,2,0,16.8
2018,9,29,3,0,16.4
2018,9,29,4,0,16.1
2018,9,29,5,0,16
2018,9,29,6,17,16.2
2018,9,29,7,241,16.9
2018,9,29,8,280,17.8
2018,9,29,9,381,18.5
2018,9,29,10,820,19.1
2018,9,29,11,901,19.5
2018,9,29,12,917,19.5
2018,9,29,13,862,18.8
2018,9,29,14,745,17.4
2018,9,29,15,572,16.2
2018,9,29,16,363,15.5
2018,9,29,17,144,15
2018,9,29,18,0,14.5
2018,9,29,19,0,14.5
2018,9,29,20,0,14.5
2018,9,29,21,0,14.5
2018,9,29,22,0,14.5
2018,9,29,23,0,14.4
2018,9,30,0,0,14.3
2018,9,30,1,0,14
2018,9,30,2,0,13.7
2018,9,30,3,0,13.4
2018,9,30,4,0,13.1
2018,9,30,5,0,12.8
2018,9,30,6,38,13.2
2018,9,30,7,113,14.3
2018,9,30,8,473,15.3
2018,9,30,9,474,16.1
2018,9,30,10,810,16.8
2018,9,30,11,892,17.4
2018,9,30,12,908,17.8
2018,9,30,13,856,18
2018,9,30,14,740,18
2018,9,30,15,572,17.9
2018,9,30,16,366,17.6
2018,9,30,17,148,17
2018,9,30,18,0,16.1
2018,9,30,19,0,15.7
2018,9,30,20,0,15.6
2018,9,30,21,0,15.6
2018,9,30,22,0,15.7
2018,9,30,23,0,15.7
2018,10,1,0,0,15.8
2018,10,1,1,0,15.7
2018,10,1,2,0,15.3
2018,10,1,3,0,14.8
2018,10,1,4,0,14.2
2018,10,1,5,0,14
2018,10,1,6,32,14.3
2018,10,1,7,257,15.6
2018,10,1,8,474,17.1
2018,10,1,9,666,18.3
2018,10,1,10,810,19.3
2018,10,1,11,895,20
2018,10,1,12,912,20.5
2018,10,1,13,863,20.8
2018,10,1,14,747,20.8
2018,10,1,15,577,20.6
2018,10,1,16,370,19.9
2018,10,1,17,151,18.8
2018,10,1,18,0,17.5
2018,10,1,19,0,16.9
2018,10,1,20,0,16.6
2018,10,1,21,0,16.3
2018,10,1,22,0,16
2018,10,1,23,0,15.7
2018,10,2,0,0,15.3
2018,10,2,1,0,15
2018,10,2,2,0,14.8
2018,10,2,3,0,14.6
2018,10,2,4,0,14.3
2018,10,2,5,0,14.3
2018,10,2,6,55,14.7
2018,10,2,7,255,16
2018,10,2,8,472,17.5
2018,10,2,9,665,19.1
2018,10,2,10,816,20.4
2018,10,2,11,899,21.3
2018,10,2,12,918,21.8
2018,10,2,13,867,22.1
2018,10,2,14,751,22
2018,10,2,15,579,21.7
2018,10,2,16,368,21
2018,10,2,17,149,19.9
2018,10,2,18,0,18.4
2018,10,2,19,0,17.7
2018,10,2,20,0,17.4
2018,10,2,21,0,17.1
2018,10,2,22,0,16.9
2018,10,2,23,0,16.7
2018,10,3,0,0,16.4
2018,10,3,1,0,16.2
2018,10,3,2,0,16.1
2018,10,3,3,0,15.9
2018,10,3,4,0,15.6
2018,10,3,5,0,15.2
2018,10,3,6,22,15.5
2018,10,3,7,123,16.7
2018,10,3,8,447,17.8
2018,10,3,9,336,18.7
2018,10,3,10,654,20.2
2018,10,3,11,667,21.8
2018,10,3,12,632,22.5
2018,10,3,13,600,22.7
2018,10,3,14,336,22.4
2018,10,3,15,326,21.7
2018,10,3,16,135,21
2018,10,3,17,26,20.6
2018,10,3,18,0,20.5
2018,10,3,19,0,19.8
2018,10,3,20,0,19.4
2018,10,3,21,0,18.7
2018,10,3,22,0,18.1
2018,10,3,23,0,17.7
2018,10,4,0,0,17.3
2018,10,4,1,0,17.2
2018,10,4,2,0,17
2018,10,4,3,0,16.6
2018,10,4,4,0,16.4
2018,10,4,5,0,16.4
2018,10,4,6,21,16.8
2018,10,4,7,24,17.1
2018,10,4,8,112,17.2
2018,10,4,9,129,17.2
2018,10,4,10,55,17.3
2018,10,4,11,115,17.5
2018,10,4,12,112,17.6
2018,10,4,13,188,17.5
2018,10,4,14,153,17.2
2018,10,4,15,72,16.9
2018,10,4,16,22,16.8
2018,10,4,17,26,16.6
2018,10,4,18,0,16.4
2018,10,4,19,0,16.5
2018,10,4,20,0,16.5
2018,10,4,21,0,16.5
2018,10,4,22,0,16.6
2018,10,4,23,0,16.5
2018,10,5,0,0,16.5
2018,10,5,1,0,16.4
2018,10,5,2,0,16.3
2018,10,5,3,0,16.1
2018,10,5,4,0,15.9
2018,10,5,5,0,15.8
2018,10,5,6,24,15.8
2018,10,5,7,76,16
2018,10,5,8,196,16.1
2018,10,5,9,181,16.2
2018,10,5,10,304,16.5
2018,10,5,11,168,16.7
2018,10,5,12,162,16.8
2018,10,5,13,135,16.8
2018,10,5,14,189,16.7
2018,10,5,15,117,16.5
2018,10,5,16,123,16.2
2018,10,5,17,52,16
2018,10,5,18,0,15.8
2018,10,5,19,0,15.8
2018,10,5,20,0,15.8
2018,10,5,21,0,15.7
2018,10,5,22,0,15.7
2018,10,5,23,0,15.8
2018,10,6,0,0,15.7
2018,10,6,1,0,15.6
2018,10,6,2,0,15.4
2018,10,6,3,0,15.2
2018,10,6,4,0,15.2
2018,10,6,5,0,15.1
2018,10,6,6,18,15.4
2018,10,6,7,137,16
2018,10,6,8,485,16.6
2018,10,6,9,673,17.2
2018,10,6,10,335,17.4
2018,10,6,11,902,17.6
2018,10,6,12,122,17.8
2018,10,6,13,366,17.8
2018,10,6,14,754,17.8
2018,10,6,15,583,17.7
2018,10,6,16,374,17.4
2018,10,6,17,157,17
2018,10,6,18,0,16.5
2018,10,6,19,0,16.2
2018,10,6,20,0,16
2018,10,6,21,0,15.7
2018,10,6,22,0,15.5
2018,10,6,23,0,15.3
2018,10,7,0,0,15.1
2018,10,7,1,0,15.1
2018,10,7,2,0,14.9
2018,10,7,3,0,14.7
2018,10,7,4,0,14.7
2018,10,7,5,0,14.6
2018,10,7,6,52,14.7
2018,10,7,7,219,15.2
2018,10,7,8,39,16.1
2018,10,7,9,158,17
2018,10,7,10,316,17.6
2018,10,7,11,408,18
2018,10,7,12,458,18.1
2018,10,7,13,128,18.2
2018,10,7,14,172,17.9
2018,10,7,15,155,17.6
2018,10,7,16,184,17.3
2018,10,7,17,26,17.1
2018,10,7,18,0,17
2018,10,7,19,0,17.1
2018,10,7,20,0,17
2018,10,7,21,0,17
2018,10,7,22,0,17
2018,10,7,23,0,16.7
2018,10,8,0,0,16.6
2018,10,8,1,0,16.5
2018,10,8,2,0,16.5
2018,10,8,3,0,16.5
2018,10,8,4,0,16.4
2018,10,8,5,0,16.4
2018,10,8,6,16,16.8
2018,10,8,7,64,17.4
2018,10,8,8,39,18.2
2018,10,8,9,267,18.8
2018,10,8,10,807,19.2
2018,10,8,11,251,19.2
2018,10,8,12,717,19.2
2018,10,8,13,549,19.3
2018,10,8,14,404,19.4
2018,10,8,15,243,19.4
2018,10,8,16,367,19.2
2018,10,8,17,93,18.8
2018,10,8,18,0,17.8
2018,10,8,19,0,17.4
2018,10,8,20,0,17
2018,10,8,21,0,16.7
2018,10,8,22,0,16.4
2018,10,8,23,0,16.1
2018,10,9,0,0,15.8
2018,10,9,1,0,15.4
2018,10,9,2,0,15.2
2018,10,9,3,0,15
2018,10,9,4,0,14.9
2018,10,9,5,0,14.8
2018,10,9,6,62,15.2
2018,10,9,7,285,16.1
2018,10,9,8,504,17.7
2018,10,9,9,699,19.8
2018,10,9,10,727,21.4
2018,10,9,11,811,22.5
2018,10,9,12,740,22.8
2018,10,9,13,586,22.6
2018,10,9,14,493,22.5
2018,10,9,15,472,22.5
2018,10,9,16,307,22.3
2018,10,9,17,140,21.5
2018,10,9,18,0,20.1
2018,10,9,19,0,19.5
2018,10,9,20,0,19
2018,10,9,21,0,18.7
2018,10,9,22,0,18.6
2018,10,9,23,0,18.5
2018,10,10,0,0,17.8
2018,10,10,1,0,17.1
2018,10,10,2,0,17.2
2018,10,10,3,0,17.4
2018,10,10,4,0,17.4
2018,10,10,5,0,17.1
2018,10,10,6,7,17.1
2018,10,10,7,20,17.2
2018,10,10,8,252,17.3
2018,10,10,9,38,17.1
2018,10,10,10,62,17
2018,10,10,11,75,16.7
2018,10,10,12,234,16.3
2018,10,10,13,158,16.2
2018,10,10,14,171,15.9
2018,10,10,15,126,15.6
2018,10,10,16,154,15.3
2018,10,10,17,13,15.2
2018,10,10,18,0,15.2
2018,10,10,19,0,15.2
2018,10,10,20,0,15.2
2018,10,10,21,0,15
2018,10,10,22,0,14.9
2018,10,10,23,0,14.9
2018,10,11,0,0,14.8
2018,10,11,1,0,14.6
2018,10,11,2,0,14.4
2018,10,11,3,0,14.3
2018,10,11,4,0,14.4
2018,10,11,5,0,14.6
2018,10,11,6,6,14.9
2018,10,11,7,87,15.3
2018,10,11,8,200,15.6
2018,10,11,9,538,15.9
2018,10,11,10,162,16.2
2018,10,11,11,695,16.6
2018,10,11,12,410,16.9
2018,10,11,13,210,17.1
2018,10,11,14,132,17.1
2018,10,11,15,412,16.9
2018,10,11,16,109,16.7
2018,10,11,17,75,16.3
2018,10,11,18,0,15.9
2018,10,11,19,0,15.7
2018,10,11,20,0,15.6
2018,10,11,21,0,15.5
2018,10,11,22,0,15.5
2018,10,11,23,0,15.5
2018,10,12,0,0,15.5
2018,10,12,1,0,15.4
2018,10,12,2,0,15.4
2018,10,12,3,0,15.2
2018,10,12,4,0,15.1
2018,10,12,5,0,15.1
2018,10,12,6,33,15.4
2018,10,12,7,298,15.8
2018,10,12,8,282,16.2
2018,10,12,9,189,16.5
2018,10,12,10,458,16.8
2018,10,12,11,349,17
2018,10,12,12,139,17.2
2018,10,12,13,144,17.1
2018,10,12,14,107,16.9
2018,10,12,15,447,16.8
2018,10,12,16,395,16.6
2018,10,12,17,113,16.5
2018,10,12,18,0,16
2018,10,12,19,0,16
2018,10,12,20,0,15.9
2018,10,12,21,0,15.8
2018,10,12,22,0,15.8
2018,10,12,23,0,15.9
2018,10,13,0,0,15.8
2018,10,13,1,0,15.6
2018,10,13,2,0,15.6
2018,10,13,3,0,15.6
2018,10,13,4,0,15.6
2018,10,13,5,0,15.6
2018,10,13,6,93,16.3
2018,10,13,7,220,17.1
2018,10,13,8,449,17.6
2018,10,13,9,492,18
2018,10,13,10,739,18.5
2018,10,13,11,734,18.9
2018,10,13,12,703,19.3
2018,10,13,13,289,19.2
2018,10,13,14,690,18.9
2018,10,13,15,179,18.5
2018,10,13,16,381,18.2
2018,10,13,17,165,17.7
2018,10,13,18,0,16.9
2018,10,13,19,0,16.7
2018,10,13,20,0,16.7
2018,10,13,21,0,16.7
2018,10,13,22,0,16.7
2018,10,13,23,0,16.7
2018,10,14,0,0,16.7
2018,10,14,1,0,16.7
2018,10,14,2,0,16.8
2018,10,14,3,0,16.8
2018,10,14,4,0,16.8
2018,10,14,5,0,16.9
2018,10,14,6,23,17.3
2018,10,14,7,171,17.7
2018,10,14,8,318,18.2
2018,10,14,9,533,18.8
2018,10,14,10,648,19.4
2018,10,14,11,845,19.8
2018,10,14,12,939,20.1
2018,10,14,13,654,20.1
2018,10,14,14,766,19.8
2018,10,14,15,437,19.6
2018,10,14,16,386,19.4
2018,10,14,17,170,19
2018,10,14,18,10,18.3
2018,10,14,19,0,17.9
2018,10,14,20,0,17.5
2018,10,14,21,0,17.4
2018,10,14,22,0,17.4
2018,10,14,23,0,17.4
2018,10,15,0,0,17.4
2018,10,15,1,0,17.3
2018,10,15,2,0,17.2
2018,10,15,3,0,17.3
2018,10,15,4,0,17.3
2018,10,15,5,0,17.1
2018,10,15,6,33,17.7
2018,10,15,7,23,18.3
2018,10,15,8,202,18.8
2018,10,15,9,285,19.6
2018,10,15,10,169,20.2
2018,10,15,11,313,20.4
2018,10,15,12,707,20.3
2018,10,15,13,574,20.2
2018,10,15,14,522,20.2
2018,10,15,15,249,20.3
2018,10,15,16,291,20.1
2018,10,15,17,168,19.7
2018,10,15,18,9,19
2018,10,15,19,0,18.8
2018,10,15,20,0,18.7
2018,10,15,21,0,18.5
2018,10,15,22,0,18.2
2018,10,15,23,0,17.9
2018,10,16,0,0,17.7
2018,10,16,1,0,17.7
2018,10,16,2,0,17.7
2018,10,16,3,0,17.6
2018,10,16,4,0,17.5
2018,10,16,5,0,17.6
2018,10,16,6,86,18.2
2018,10,16,7,310,19
2018,10,16,8,523,19.8
2018,10,16,9,708,20.6
2018,10,16,10,842,21.2
2018,10,16,11,921,21.6
2018,10,16,12,937,21.8
2018,10,16,13,886,21.8
2018,10,16,14,644,21.6
2018,10,16,15,593,21.3
2018,10,16,16,359,20.9
2018,10,16,17,170,20.3
2018,10,16,18,11,19.6
2018,10,16,19,0,19.2
2018,10,16,20,0,19
2018,10,16,21,0,18.8
2018,10,16,22,0,18.7
2018,10,16,23,0,18.6
2018,10,17,0,0,18.5
2018,10,17,1,0,18.3
2018,10,17,2,0,18.2
2018,10,17,3,0,18
2018,10,17,4,0,18
2018,10,17,5,0,18.1
2018,10,17,6,38,18.9
2018,10,17,7,13,19.7
2018,10,17,8,261,20.6
2018,10,17,9,531,21.2
2018,10,17,10,750,21.6
2018,10,17,11,760,22
2018,10,17,12,572,22.1
2018,10,17,13,345,21.8
2018,10,17,14,217,21.1
2018,10,17,15,349,20.4
2018,10,17,16,225,19.9
2018,10,17,17,58,19.6
2018,10,17,18,10,19.3
2018,10,17,19,0,19.2
2018,10,17,20,0,19.1
2018,10,17,21,0,19
2018,10,17,22,0,18.9
2018,10,17,23,0,18.8
2018,10,18,0,0,18.6
2018,10,18,1,0,18.5
2018,10,18,2,0,18.4
2018,10,18,3,0,18.4
2018,10,18,4,0,18.3
2018,10,18,5,0,18.3
2018,10,18,6,113,18.8
2018,10,18,7,326,19.3
2018,10,18,8,253,20
2018,10,18,9,222,21
2018,10,18,10,453,21.8
2018,10,18,11,739,22.5
2018,10,18,12,416,22.8
2018,10,18,13,308,22.7
2018,10,18,14,124,22.5
2018,10,18,15,80,22
2018,10,18,16,186,21.5
2018,10,18,17,66,20.8
2018,10,18,18,8,20.2
2018,10,18,19,0,19.9
2018,10,18,20,0,19.7
2018,10,18,21,0,19.5
2018,10,18,22,0,19.2
2018,10,18,23,0,19
2018,10,19,0,0,18.8
2018,10,19,1,0,18.5
2018,10,19,2,0,18.2
2018,10,19,3,0,17.9
2018,10,19,4,0,17.7
2018,10,19,5,0,17.4
2018,10,19,6,118,17.8
2018,10,19,7,334,18.8
2018,10,19,8,553,20.3
2018,10,19,9,744,21.8
2018,10,19,10,889,23.5
2018,10,19,11,969,25.1
2018,10,19,12,983,25.7
2018,10,19,13,926,25.5
2018,10,19,14,802,24.9
2018,10,19,15,627,24.4
2018,10,19,16,414,23.4
2018,10,19,17,191,22.1
2018,10,19,18,16,20.7
2018,10,19,19,0,20
2018,10,19,20,0,19.8
2018,10,19,21,0,19.6
2018,10,19,22,0,19.5
2018,10,19,23,0,19.3
2018,10,20,0,0,19.2
2018,10,20,1,0,19
2018,10,20,2,0,18.8
2018,10,20,3,0,18.5
2018,10,20,4,0,18.3
2018,10,20,5,0,18.1
2018,10,20,6,120,19
2018,10,20,7,286,20
2018,10,20,8,438,21.6
2018,10,20,9,318,23
2018,10,20,10,624,24.4
2018,10,20,11,439,25.2
2018,10,20,12,933,25.3
2018,10,20,13,735,25
2018,10,20,14,311,24.7
2018,10,20,15,503,24
2018,10,20,16,228,22.5
2018,10,20,17,68,21.2
2018,10,20,18,7,20.4
2018,10,20,19,0,20
2018,10,20,20,0,19.7
2018,10,20,21,0,19.4
2018,10,20,22,0,19.3
2018,10,20,23,0,19.2
2018,10,21,0,0,19
2018,10,21,1,0,18.7
2018,10,21,2,0,18.3
2018,10,21,3,0,17.7
2018,10,21,4,0,17.1
2018,10,21,5,0,16.7
2018,10,21,6,61,16.5
2018,10,21,7,16,16.4
2018,10,21,8,143,16.6
2018,10,21,9,218,17.1
2018,10,21,10,396,17.7
2018,10,21,11,511,18.3
2018,10,21,12,979,18.7
2018,10,21,13,704,18.9
2018,10,21,14,801,18.8
2018,10,21,15,351,18.7
2018,10,21,16,132,18.4
2018,10,21,17,193,17.9
2018,10,21,18,18,17.1
2018,10,21,19,0,16.7
2018,10,21,20,0,16.5
2018,10,21,21,0,16.4
2018,10,21,22,0,16.4
2018,10,21,23,0,16.4
2018,10,22,0,0,16.5
2018,10,22,1,0,16.5
2018,10,22,2,0,16.5
2018,10,22,3,0,16.5
2018,10,22,4,0,16.5
2018,10,22,5,0,16.5
2018,10,22,6,101,17.1
2018,10,22,7,340,18.3
2018,10,22,8,249,19.4
2018,10,22,9,367,20.1
2018,10,22,10,673,20.7
2018,10,22,11,962,21.2
2018,10,22,12,973,21.6
2018,10,22,13,924,21.7
2018,10,22,14,803,21.7
2018,10,22,15,629,21.4
2018,10,22,16,420,20.8
2018,10,22,17,199,19.9
2018,10,22,18,21,18.8
2018,10,22,19,0,18.1
2018,10,22,20,0,17.9
2018,10,22,21,0,17.7
2018,10,22,22,0,17.5
2018,10,22,23,0,17.4
2018,10,23,0,0,17.3
2018,10,23,1,0,17.2
2018,10,23,2,0,17.1
2018,10,23,3,0,16.9
2018,10,23,4,0,16.8
2018,10,23,5,0,16.7
2018,10,23,6,134,17.3
2018,10,23,7,353,18.9
2018,10,23,8,570,20.4
2018,10,23,9,758,21.5
2018,10,23,10,904,22.6
2018,10,23,11,982,23.6
2018,10,23,12,854,24.4
2018,10,23,13,744,24.8
2018,10,23,14,811,24.8
2018,10,23,15,554,24.5
2018,10,23,16,427,23.7
2018,10,23,17,204,22.5
2018,10,23,18,22,20.9
2018,10,23,19,0,20.1
2018,10,23,20,0,19.9
2018,10,23,21,0,19.8
2018,10,23,22,0,19.7
2018,10,23,23,0,19.6
2018,10,24,0,0,19.3
2018,10,24,1,0,18.9
2018,10,24,2,0,18.5
2018,10,24,3,0,17.9
2018,10,24,4,0,17.6
2018,10,24,5,0,17.3
2018,10,24,6,127,17.4
2018,10,24,7,338,17.7
2018,10,24,8,554,18.2
2018,10,24,9,405,18.6
2018,10,24,10,304,19
2018,10,24,11,459,19.1
2018,10,24,12,622,18.8
2018,10,24,13,646,18.6
2018,10,24,14,643,18.6
2018,10,24,15,495,18.3
2018,10,24,16,291,17.8
2018,10,24,17,74,17.2
2018,10,24,18,11,16.6
2018,10,24,19,0,16.4
2018,10,24,20,0,16.6
2018,10,24,21,0,16.6
2018,10,24,22,0,16.7
2018,10,24,23,0,16.7
2018,10,25,0,0,16.8
2018,10,25,1,0,16.7
2018,10,25,2,0,16.6
2018,10,25,3,0,16.3
2018,10,25,4,0,16
2018,10,25,5,0,15.7
2018,10,25,6,89,16.3
2018,10,25,7,138,17.3
2018,10,25,8,572,18.4
2018,10,25,9,516,19.4
2018,10,25,10,616,20.1
2018,10,25,11,474,20.7
2018,10,25,12,990,21.3
2018,10,25,13,794,21.6
2018,10,25,14,696,21.7
2018,10,25,15,556,21.3
2018,10,25,16,429,20.7
2018,10,25,17,150,19.9
2018,10,25,18,25,18.7
2018,10,25,19,0,18.1
2018,10,25,20,0,18
2018,10,25,21,0,17.9
2018,10,25,22,0,17.8
2018,10,25,23,0,17.7
2018,10,26,0,0,17.4
2018,10,26,1,0,17
2018,10,26,2,0,16.6
2018,10,26,3,0,16
2018,10,26,4,0,15.4
2018,10,26,5,0,15.5
2018,10,26,6,39,16.9
2018,10,26,7,27,18.3
2018,10,26,8,133,19.2
2018,10,26,9,272,19.7
2018,10,26,10,401,19.9
2018,10,26,11,969,19.8
2018,10,26,12,979,19.7
2018,10,26,13,928,19.8
2018,10,26,14,807,19.9
2018,10,26,15,633,19.7
2018,10,26,16,424,19.4
2018,10,26,17,203,18.9
2018,10,26,18,25,18.1
2018,10,26,19,0,17.7
2018,10,26,20,0,17.6
2018,10,26,21,0,17.5
2018,10,26,22,0,17.4
2018,10,26,23,0,17.2
2018,10,27,0,0,17
2018,10,27,1,0,16.9
2018,10,27,2,0,16.7
2018,10,27,3,0,16.5
2018,10,27,4,0,16.4
2018,10,27,5,0,16.4
2018,10,27,6,53,17.3
2018,10,27,7,368,18.3
2018,10,27,8,583,19.2
2018,10,27,9,548,20.2
2018,10,27,10,913,21.2
2018,10,27,11,989,22.1
2018,10,27,12,999,22.8
2018,10,27,13,940,23.1
2018,10,27,14,706,23.3
2018,10,27,15,640,23.2
2018,10,27,16,432,22.7
2018,10,27,17,213,21.8
2018,10,27,18,28,20.2
2018,10,27,19,0,19.2
2018,10,27,20,0,18.7
2018,10,27,21,0,18.5
2018,10,27,22,0,18.2
2018,10,27,23,0,17.9
2018,10,28,0,0,17.4
2018,10,28,1,0,17.1
2018,10,28,2,0,16.9
2018,10,28,3,0,16.9
2018,10,28,4,0,16.8
2018,10,28,5,0,16.8
2018,10,28,6,90,16.8
2018,10,28,7,269,16.8
2018,10,28,8,462,17.1
2018,10,28,9,696,17.5
2018,10,28,10,766,18
2018,10,28,11,343,18.1
2018,10,28,12,677,18.2
2018,10,28,13,759,18.2
2018,10,28,14,637,18
2018,10,28,15,325,17.8
2018,10,28,16,379,17.5
2018,10,28,17,148,17.1
2018,10,28,18,21,16.5
2018,10,28,19,0,16.1
2018,10,28,20,0,16
2018,10,28,21,0,15.9
2018,10,28,22,0,15.9
2018,10,28,23,0,16
2018,10,29,0,0,16
2018,10,29,1,0,16.1
2018,10,29,2,0,16.1
2018,10,29,3,0,16.3
2018,10,29,4,0,16.4
2018,10,29,5,0,16.5
2018,10,29,6,151,17
2018,10,29,7,118,17.8
2018,10,29,8,75,18.5
2018,10,29,9,66,19.1
2018,10,29,10,120,19.5
2018,10,29,11,532,19.7
2018,10,29,12,521,19.9
2018,10,29,13,571,19.9
2018,10,29,14,533,19.8
2018,10,29,15,433,19.5
2018,10,29,16,423,19.1
2018,10,29,17,206,18.5
2018,10,29,18,19,17.8
2018,10,29,19,0,17.4
2018,10,29,20,0,17.2
2018,10,29,21,0,17.1
2018,10,29,22,0,17.1
2018,10,29,23,0,17.1
2018,10,30,0,0,16.9
2018,10,30,1,0,16.7
2018,10,30,2,0,16.5
2018,10,30,3,0,16.3
2018,10,30,4,0,15.9
2018,10,30,5,0,15.6
2018,10,30,6,162,16.6
2018,10,30,7,385,18
2018,10,30,8,606,19.4
2018,10,30,9,795,20.7
2018,10,30,10,941,22
2018,10,30,11,1019,23.1
2018,10,30,12,1025,24
2018,10,30,13,964,24.6
2018,10,30,14,842,24.8
2018,10,30,15,666,24.7
2018,10,30,16,454,24.2
2018,10,30,17,228,23
2018,10,30,18,36,21.3
2018,10,30,19,0,20.4
2018,10,30,20,0,20
2018,10,30,21,0,19.8
2018,10,30,22,0,19.8
2018,10,30,23,0,19.6
2018,10,31,0,0,19
2018,10,31,1,0,18.4
2018,10,31,2,0,18
2018,10,31,3,0,17.5
2018,10,31,4,0,17.1
2018,10,31,5,0,17
2018,10,31,6,166,18.1
2018,10,31,7,389,19.5
2018,10,31,8,607,20.8
2018,10,31,9,794,22
2018,10,31,10,935,23
2018,10,31,11,1011,23.7
2018,10,31,12,1017,23.9
2018,10,31,13,953,23.6
2018,10,31,14,828,23
2018,10,31,15,652,22.3
2018,10,31,16,442,21.6
2018,10,31,17,219,20.8
2018,10,31,18,24,19.8
2018,10,31,19,0,19.3
2018,10,31,20,0,19.1
2018,10,31,21,0,19
2018,10,31,22,0,18.8
2018,10,31,23,0,18.8
2018,11,1,0,0,18.8
2018,11,1,1,0,18.8
2018,11,1,2,0,18.8
2018,11,1,3,0,18.7
2018,11,1,4,0,18.6
2018,11,1,5,0,18.8
2018,11,1,6,128,19.5
2018,11,1,7,373,20.6
2018,11,1,8,147,21.5
2018,11,1,9,550,22.5
2018,11,1,10,911,23.7
2018,11,1,11,984,24.9
2018,11,1,12,990,25.9
2018,11,1,13,929,26.5
2018,11,1,14,718,26.8
2018,11,1,15,633,26.7
2018,11,1,16,423,26.2
2018,11,1,17,187,24.9
2018,11,1,18,32,23.4
2018,11,1,19,0,22.8
2018,11,1,20,0,22.7
2018,11,1,21,0,22.7
2018,11,1,22,0,22.9
2018,11,1,23,0,23.1
2018,11,2,0,0,23.2
2018,11,2,1,0,23.2
2018,11,2,2,0,23.3
2018,11,2,3,0,23.5
2018,11,2,4,0,23.5
2018,11,2,5,0,23.4
2018,11,2,6,159,24
2018,11,2,7,377,24.9
2018,11,2,8,522,26.3
2018,11,2,9,286,27.6
2018,11,2,10,789,28.6
2018,11,2,11,1013,29.3
2018,11,2,12,1007,29.9
2018,11,2,13,938,30.3
2018,11,2,14,810,30.5
2018,11,2,15,546,30.1
2018,11,2,16,435,29.5
2018,11,2,17,221,28.9
2018,11,2,18,22,27.8
2018,11,2,19,0,27
2018,11,2,20,0,25.7
2018,11,2,21,0,24.4
2018,11,2,22,0,23.6
2018,11,2,23,0,23
2018,11,3,0,0,23
2018,11,3,1,0,23.1
2018,11,3,2,0,23.3
2018,11,3,3,0,23.5
2018,11,3,4,0,23.5
2018,11,3,5,0,23.6
2018,11,3,6,169,24.4
2018,11,3,7,390,25.2
2018,11,3,8,608,26.2
2018,11,3,9,798,27.1
2018,11,3,10,941,28.1
2018,11,3,11,1020,29
2018,11,3,12,1036,29.5
2018,11,3,13,875,28.9
2018,11,3,14,699,27.3
2018,11,3,15,510,25.8
2018,11,3,16,213,24.1
2018,11,3,17,180,22
2018,11,3,18,36,20
2018,11,3,19,0,19.1
2018,11,3,20,0,18.9
2018,11,3,21,0,18.8
2018,11,3,22,0,18.6
2018,11,3,23,0,18.6
2018,11,4,0,0,18.5
2018,11,4,1,0,18.5
2018,11,4,2,0,18.5
2018,11,4,3,0,18.5
2018,11,4,4,0,18.6
2018,11,4,5,9,18.9
2018,11,4,6,165,19.9
2018,11,4,7,383,20.7
2018,11,4,8,597,21.5
2018,11,4,9,502,22.3
2018,11,4,10,761,23
2018,11,4,11,856,23.5
2018,11,4,12,903,24
2018,11,4,13,946,24.2
2018,11,4,14,748,24.2
2018,11,4,15,652,24
2018,11,4,16,406,23.3
2018,11,4,17,206,22.3
2018,11,4,18,39,21
2018,11,4,19,0,20.5
2018,11,4,20,0,20.3
2018,11,4,21,0,20.1
2018,11,4,22,0,19.9
2018,11,4,23,0,19.7
2018,11,5,0,0,19.5
2018,11,5,1,0,19.3
2018,11,5,2,0,18.9
2018,11,5,3,0,18.6
2018,11,5,4,0,18.2
2018,11,5,5,10,18.1
2018,11,5,6,168,19
2018,11,5,7,221,20.2
2018,11,5,8,464,21.8
2018,11,5,9,705,23.4
2018,11,5,10,801,25
2018,11,5,11,457,26.5
2018,11,5,12,79,27
2018,11,5,13,618,27.2
2018,11,5,14,141,27.2
2018,11,5,15,188,26.6
2018,11,5,16,276,26
2018,11,5,17,102,25.6
2018,11,5,18,21,24.4
2018,11,5,19,0,23.7
2018,11,5,20,0,23.1
2018,11,5,21,0,22.9
2018,11,5,22,0,22.8
2018,11,5,23,0,22.7
2018,11,6,0,0,22.6
2018,11,6,1,0,22.5
2018,11,6,2,0,22.5
2018,11,6,3,0,22.3
2018,11,6,4,0,22.1
2018,11,6,5,9,22
2018,11,6,6,86,22.4
2018,11,6,7,19,23
2018,11,6,8,293,23
2018,11,6,9,485,23.4
2018,11,6,10,301,24.3
2018,11,6,11,203,25.4
2018,11,6,12,240,26.2
2018,11,6,13,375,27.5
2018,11,6,14,566,27.9
2018,11,6,15,521,27.1
2018,11,6,16,184,27.6
2018,11,6,17,76,27.5
2018,11,6,18,17,26.6
2018,11,6,19,0,26.2
2018,11,6,20,0,26.3
2018,11,6,21,0,26
2018,11,6,22,0,25.6
2018,11,6,23,0,25.5
2018,11,7,0,0,25.4
2018,11,7,1,0,25
2018,11,7,2,0,24.2
2018,11,7,3,0,23.2
2018,11,7,4,0,22.3
2018,11,7,5,11,22.2
2018,11,7,6,118,22.7
2018,11,7,7,266,22.8
2018,11,7,8,251,22.8
2018,11,7,9,221,22.8
2018,11,7,10,192,22.8
2018,11,7,11,156,22.9
2018,11,7,12,88,23.1
2018,11,7,13,77,23.5
2018,11,7,14,149,24
2018,11,7,15,40,23.3
2018,11,7,16,22,21.4
2018,11,7,17,59,19.7
2018,11,7,18,15,18.6
2018,11,7,19,0,18
2018,11,7,20,0,17.6
2018,11,7,21,0,17.3
2018,11,7,22,0,16.9
2018,11,7,23,0,16.5
2018,11,8,0,0,16
2018,11,8,1,0,15.7
2018,11,8,2,0,15.6
2018,11,8,3,0,15.3
2018,11,8,4,0,14.6
2018,11,8,5,13,14
2018,11,8,6,60,13.9
2018,11,8,7,403,14.3
2018,11,8,8,629,15.1
2018,11,8,9,825,15.9
2018,11,8,10,969,16.8
2018,11,8,11,1054,17.6
2018,11,8,12,1064,18.2
2018,11,8,13,1005,18.4
2018,11,8,14,878,18.2
2018,11,8,15,696,17.9
2018,11,8,16,483,17.5
2018,11,8,17,254,17
2018,11,8,18,33,16.4
2018,11,8,19,0,16
2018,11,8,20,0,15.9
2018,11,8,21,0,15.9
2018,11,8,22,0,15.8
2018,11,8,23,0,15.8
2018,11,9,0,0,15.8
2018,11,9,1,0,15.8
2018,11,9,2,0,15.8
2018,11,9,3,0,15.6
2018,11,9,4,0,15.4
2018,11,9,5,17,15.2
2018,11,9,6,153,15.8
2018,11,9,7,414,16.9
2018,11,9,8,503,18
2018,11,9,9,635,18.9
2018,11,9,10,846,19.6
2018,11,9,11,929,20.2
2018,11,9,12,866,20.7
2018,11,9,13,867,20.9
2018,11,9,14,701,21
2018,11,9,15,522,20.8
2018,11,9,16,422,20.2
2018,11,9,17,208,19.4
2018,11,9,18,51,18.7
2018,11,9,19,0,18.4
2018,11,9,20,0,18.3
2018,11,9,21,0,18.3
2018,11,9,22,0,18.2
2018,11,9,23,0,17.9
2018,11,10,0,0,17.7
2018,11,10,1,0,17.4
2018,11,10,2,0,17.1
2018,11,10,3,0,17
2018,11,10,4,0,16.8
2018,11,10,5,19,16.5
2018,11,10,6,195,17.1
2018,11,10,7,325,18.3
2018,11,10,8,640,19.8
2018,11,10,9,827,20.9
2018,11,10,10,971,21.5
2018,11,10,11,1049,21.7
2018,11,10,12,704,21.7
2018,11,10,13,995,21.5
2018,11,10,14,874,21.1
2018,11,10,15,99,20.7
2018,11,10,16,481,20.2
2018,11,10,17,256,19.6
2018,11,10,18,29,18.7
2018,11,10,19,0,17.8
2018,11,10,20,0,17.5
2018,11,10,21,0,17.3
2018,11,10,22,0,17.2
2018,11,10,23,0,17.2
2018,11,11,0,0,17.2
2018,11,11,1,0,17.1
2018,11,11,2,0,17
2018,11,11,3,0,16.8
2018,11,11,4,0,16.6
2018,11,11,5,20,16.6
2018,11,11,6,158,17.2
2018,11,11,7,420,18.6
2018,11,11,8,636,19.8
2018,11,11,9,820,20.9
2018,11,11,10,960,21.8
2018,11,11,11,1036,22.3
2018,11,11,12,1047,22.5
2018,11,11,13,989,22.5
2018,11,11,14,868,22.1
2018,11,11,15,694,21.6
2018,11,11,16,486,21
2018,11,11,17,262,20.2
2018,11,11,18,61,19.3
2018,11,11,19,0,18.5
2018,11,11,20,0,18.3
2018,11,11,21,0,18.1
2018,11,11,22,0,18
2018,11,11,23,0,18.1
2018,11,12,0,0,18.2
2018,11,12,1,0,18.4
2018,11,12,2,0,18.2
2018,11,12,3,0,18
2018,11,12,4,0,17.8
2018,11,12,5,21,17.8
2018,11,12,6,200,18.6
2018,11,12,7,425,19.9
2018,11,12,8,642,20.9
2018,11,12,9,828,21.7
2018,11,12,10,968,22.2
2018,11,12,11,1048,22.7
2018,11,12,12,1058,22.9
2018,11,12,13,998,23
2018,11,12,14,880,22.8
2018,11,12,15,708,22.5
2018,11,12,16,499,22
2018,11,12,17,272,21.3
2018,11,12,18,66,20.1
2018,11,12,19,0,19.1
2018,11,12,20,0,18.8
2018,11,12,21,0,18.5
2018,11,12,22,0,18.4
2018,11,12,23,0,18.3
2018,11,13,0,0,18.2
2018,11,13,1,0,18.2
2018,11,13,2,0,18.3
2018,11,13,3,0,18.3
2018,11,13,4,0,18.2
2018,11,13,5,22,18.2
2018,11,13,6,158,19.3
2018,11,13,7,370,20.3
2018,11,13,8,644,21.2
2018,11,13,9,832,22.1
2018,11,13,10,807,22.9
2018,11,13,11,702,23.4
2018,11,13,12,915,23.5
2018,11,13,13,882,23.4
2018,11,13,14,790,23.5
2018,11,13,15,702,23.2
2018,11,13,16,485,22.5
2018,11,13,17,163,21.6
2018,11,13,18,35,20.5
2018,11,13,19,0,19.8
2018,11,13,20,0,19.6
2018,11,13,21,0,19.4
2018,11,13,22,0,19.2
2018,11,13,23,0,19.1
2018,11,14,0,0,19
2018,11,14,1,0,18.9
2018,11,14,2,0,18.8
2018,11,14,3,0,18.7
2018,11,14,4,0,18.7
2018,11,14,5,4,18.8
2018,11,14,6,14,19.3
2018,11,14,7,20,19.9
2018,11,14,8,75,20.3
2018,11,14,9,128,20.8
2018,11,14,10,136,21.2
2018,11,14,11,248,21.7
2018,11,14,12,449,22
2018,11,14,13,260,22.1
2018,11,14,14,283,22.2
2018,11,14,15,210,22.3
2018,11,14,16,88,22.2
2018,11,14,17,69,21.8
2018,11,14,18,8,21.1
2018,11,14,19,0,20.5
2018,11,14,20,0,20.4
2018,11,14,21,0,20.2
2018,11,14,22,0,20
2018,11,14,23,0,20
2018,11,15,0,0,19.8
2018,11,15,1,0,19.5
2018,11,15,2,0,19.2
2018,11,15,3,0,18.7
2018,11,15,4,0,18.1
2018,11,15,5,22,18
2018,11,15,6,192,19
2018,11,15,7,407,20.6
2018,11,15,8,616,21.5
2018,11,15,9,795,21.8
2018,11,15,10,721,22
2018,11,15,11,252,21.7
2018,11,15,12,180,21.3
2018,11,15,13,357,20.7
2018,11,15,14,63,20.2
2018,11,15,15,236,19.7
2018,11,15,16,270,19
2018,11,15,17,18,18.3
2018,11,15,18,15,17.6
2018,11,15,19,0,17.3
2018,11,15,20,0,17.3
2018,11,15,21,0,17.4
2018,11,15,22,0,17.4
2018,11,15,23,0,17.4
2018,11,16,0,0,17.3
2018,11,16,1,0,17.1
2018,11,16,2,0,17
2018,11,16,3,0,16.9
2018,11,16,4,0,16.9
2018,11,16,5,9,17.2
2018,11,16,6,78,18
2018,11,16,7,143,18.7
2018,11,16,8,53,19.4
2018,11,16,9,119,19.9
2018,11,16,10,363,20.3
2018,11,16,11,785,20.6
2018,11,16,12,496,20.6
2018,11,16,13,491,20.6
2018,11,16,14,357,20.4
2018,11,16,15,382,20.2
2018,11,16,16,488,20.1
2018,11,16,17,267,19.7
2018,11,16,18,43,19
2018,11,16,19,0,18.2
2018,11,16,20,0,17.8
2018,11,16,21,0,17.8
2018,11,16,22,0,17.9
2018,11,16,23,0,17.9
2018,11,17,0,0,17.6
2018,11,17,1,0,17.2
2018,11,17,2,0,16.7
2018,11,17,3,0,16.3
2018,11,17,4,0,16.2
2018,11,17,5,18,16.7
2018,11,17,6,158,17.7
2018,11,17,7,410,18.7
2018,11,17,8,622,19.5
2018,11,17,9,506,20
2018,11,17,10,673,20.4
2018,11,17,11,561,20.6
2018,11,17,12,668,20.5
2018,11,17,13,676,20.5
2018,11,17,14,864,20.2
2018,11,17,15,514,19.8
2018,11,17,16,202,19.2
2018,11,17,17,19,18.8
2018,11,17,18,30,18.2
2018,11,17,19,0,17.8
2018,11,17,20,0,17.7
2018,11,17,21,0,17.7
2018,11,17,22,0,17.7
2018,11,17,23,0,17.7
2018,11,18,0,0,17.7
2018,11,18,1,0,17.5
2018,11,18,2,0,17.5
2018,11,18,3,0,17.4
2018,11,18,4,0,17.5
2018,11,18,5,21,17.7
2018,11,18,6,174,18.4
2018,11,18,7,441,19.1
2018,11,18,8,660,19.8
2018,11,18,9,847,20.5
2018,11,18,10,774,20.9
2018,11,18,11,713,21.2
2018,11,18,12,865,21.2
2018,11,18,13,1010,21.1
2018,11,18,14,889,20.8
2018,11,18,15,493,20.5
2018,11,18,16,511,20.1
2018,11,18,17,207,19.7
2018,11,18,18,52,19
2018,11,18,19,0,18.3
2018,11,18,20,0,18.1
2018,11,18,21,0,17.8
2018,11,18,22,0,17.6
2018,11,18,23,0,17.3
2018,11,19,0,0,17.2
2018,11,19,1,0,17
2018,11,19,2,0,16.9
2018,11,19,3,0,16.9
2018,11,19,4,0,16.8
2018,11,19,5,32,16.9
2018,11,19,6,223,18.1
2018,11,19,7,183,19.3
2018,11,19,8,486,20.1
2018,11,19,9,213,20.8
2018,11,19,10,508,21.4
2018,11,19,11,902,21.9
2018,11,19,12,1070,22.1
2018,11,19,13,998,22
2018,11,19,14,648,21.8
2018,11,19,15,453,21.4
2018,11,19,16,361,21
2018,11,19,17,280,20.4
2018,11,19,18,49,19.7
2018,11,19,19,0,19
2018,11,19,20,0,18.8
2018,11,19,21,0,18.6
2018,11,19,22,0,18.4
2018,11,19,23,0,18.4
2018,11,20,0,0,18.2
2018,11,20,1,0,18
2018,11,20,2,0,17.8
2018,11,20,3,0,17.6
2018,11,20,4,0,17.4
2018,11,20,5,21,17.6
2018,11,20,6,169,18.9
2018,11,20,7,303,20.4
2018,11,20,8,475,21.4
2018,11,20,9,85,22.3
2018,11,20,10,814,23.1
2018,11,20,11,1038,23.8
2018,11,20,12,1047,24.2
2018,11,20,13,984,24.3
2018,11,20,14,860,24
2018,11,20,15,594,23.5
2018,11,20,16,314,22.7
2018,11,20,17,205,21.7
2018,11,20,18,49,20.9
2018,11,20,19,0,20.4
2018,11,20,20,0,20.4
2018,11,20,21,0,20.5
2018,11,20,22,0,20.5
2018,11,20,23,0,20.3
2018,11,21,0,0,20
2018,11,21,1,0,19.8
2018,11,21,2,0,19.8
2018,11,21,3,0,19.9
2018,11,21,4,0,19.8
2018,11,21,5,22,20.1
2018,11,21,6,167,20.9
2018,11,21,7,297,22
2018,11,21,8,321,23.1
2018,11,21,9,339,24.5
2018,11,21,10,343,24.9
2018,11,21,11,343,24.9
2018,11,21,12,201,25.1
2018,11,21,13,119,24.9
2018,11,21,14,149,24.7
2018,11,21,15,139,24.3
2018,11,21,16,325,23.9
2018,11,21,17,85,23.7
2018,11,21,18,27,22.9
2018,11,21,19,0,22.1
2018,11,21,20,0,21.5
2018,11,21,21,0,21.1
2018,11,21,22,0,20.8
2018,11,21,23,0,20.6
2018,11,22,0,0,20.5
2018,11,22,1,0,20.3
2018,11,22,2,0,19.9
2018,11,22,3,0,19.7
2018,11,22,4,0,19.4
2018,11,22,5,27,19.7
2018,11,22,6,202,20.6
2018,11,22,7,421,21.5
2018,11,22,8,339,22.2
2018,11,22,9,499,22.3
2018,11,22,10,814,22.2
2018,11,22,11,1070,22.3
2018,11,22,12,1098,22.5
2018,11,22,13,1050,22.8
2018,11,22,14,932,23.1
2018,11,22,15,459,23
2018,11,22,16,541,22.5
2018,11,22,17,311,21.6
2018,11,22,18,53,20.4
2018,11,22,19,0,19.3
2018,11,22,20,0,18.5
2018,11,22,21,0,17.6
2018,11,22,22,0,16.9
2018,11,22,23,0,16.3
2018,11,23,0,0,15.7
2018,11,23,1,0,15.3
2018,11,23,2,0,15
2018,11,23,3,0,14.6
2018,11,23,4,0,14.3
2018,11,23,5,26,14.3
2018,11,23,6,183,14.9
2018,11,23,7,452,15.8
2018,11,23,8,666,16.9
2018,11,23,9,852,18.2
2018,11,23,10,988,19.5
2018,11,23,11,1070,20.6
2018,11,23,12,1087,21.5
2018,11,23,13,1034,22
2018,11,23,14,920,22.3
2018,11,23,15,752,22.4
2018,11,23,16,547,22.2
2018,11,23,17,317,21.6
2018,11,23,18,101,20.6
2018,11,23,19,0,19.4
2018,11,23,20,0,18.5
2018,11,23,21,0,17.8
2018,11,23,22,0,17.2
2018,11,23,23,0,16.6
2018,11,24,0,0,15.9
2018,11,24,1,0,15.4
2018,11,24,2,0,15.2
2018,11,24,3,0,15.1
2018,11,24,4,0,15.2
2018,11,24,5,18,15.5
2018,11,24,6,140,16.3
2018,11,24,7,449,17.4
2018,11,24,8,668,18.6
2018,11,24,9,854,20
2018,11,24,10,222,21.2
2018,11,24,11,475,22.2
2018,11,24,12,472,22.9
2018,11,24,13,121,23.3
2018,11,24,14,207,23.4
2018,11,24,15,71,23.4
2018,11,24,16,155,23
2018,11,24,17,154,22.2
2018,11,24,18,31,20.9
2018,11,24,19,0,19.4
2018,11,24,20,0,18.6
2018,11,24,21,0,18.1
2018,11,24,22,0,17.7
2018,11,24,23,0,17.4
2018,11,25,0,0,17
2018,11,25,1,0,16.7
2018,11,25,2,0,16.6
2018,11,25,3,0,16.5
2018,11,25,4,0,16.4
2018,11,25,5,26,16.5
2018,11,25,6,180,17.2
2018,11,25,7,384,18.4
2018,11,25,8,370,19.6
2018,11,25,9,653,20.6
2018,11,25,10,802,21.5
2018,11,25,11,1066,22.2
2018,11,25,12,1081,22.8
2018,11,25,13,1023,22.9
2018,11,25,14,903,22.4
2018,11,25,15,732,21.6
2018,11,25,16,522,20.6
2018,11,25,17,295,19.6
2018,11,25,18,66,18.7
2018,11,25,19,0,18.2
2018,11,25,20,0,18.1
2018,11,25,21,0,18.1
2018,11,25,22,0,18
2018,11,25,23,0,17.9
2018,11,26,0,0,17.7
2018,11,26,1,0,17.5
2018,11,26,2,0,17.2
2018,11,26,3,0,16.9
2018,11,26,4,0,16.7
2018,11,26,5,26,16.9
2018,11,26,6,178,17.6
2018,11,26,7,441,18.3
2018,11,26,8,430,19.1
2018,11,26,9,271,19.9
2018,11,26,10,821,20.6
2018,11,26,11,910,21.1
2018,11,26,12,898,21.4
2018,11,26,13,1019,21.4
2018,11,26,14,904,21.2
2018,11,26,15,737,20.8
2018,11,26,16,530,20.2
2018,11,26,17,306,19.5
2018,11,26,18,98,18.8
2018,11,26,19,0,18.2
2018,11,26,20,0,18
2018,11,26,21,0,17.9
2018,11,26,22,0,17.8
2018,11,26,23,0,17.8
2018,11,27,0,0,17.8
2018,11,27,1,0,17.8
2018,11,27,2,0,17.9
2018,11,27,3,0,17.9
2018,11,27,4,0,17.9
2018,11,27,5,10,18
2018,11,27,6,37,18.6
2018,11,27,7,215,19.5
2018,11,27,8,459,20.3
2018,11,27,9,566,21.3
2018,11,27,10,963,22.3
2018,11,27,11,1037,22.8
2018,11,27,12,1045,23
2018,11,27,13,979,22.7
2018,11,27,14,262,22.2
2018,11,27,15,205,21.5
2018,11,27,16,409,20.7
2018,11,27,17,81,19.8
2018,11,27,18,25,19.1
2018,11,27,19,0,18.8
2018,11,27,20,0,18.7
2018,11,27,21,0,18.8
2018,11,27,22,0,18.9
2018,11,27,23,0,18.9
2018,11,28,0,0,19.1
2018,11,28,1,0,19.2
2018,11,28,2,0,19.2
2018,11,28,3,0,19.3
2018,11,28,4,0,19.4
2018,11,28,5,7,19.4
2018,11,28,6,26,19.4
2018,11,28,7,20,19.4
2018,11,28,8,36,19.4
2018,11,28,9,59,19.5
2018,11,28,10,79,19.5
2018,11,28,11,189,19.4
2018,11,28,12,442,19
2018,11,28,13,171,18.7
2018,11,28,14,135,18.4
2018,11,28,15,157,18.2
2018,11,28,16,147,18.1
2018,11,28,17,75,18.1
2018,11,28,18,35,18.2
2018,11,28,19,0,18.2
2018,11,28,20,0,18.1
2018,11,28,21,0,17.9
2018,11,28,22,0,17.7
2018,11,28,23,0,17.4
2018,11,29,0,0,17.3
2018,11,29,1,0,17.2
2018,11,29,2,0,17
2018,11,29,3,0,16.8
2018,11,29,4,0,16.7
2018,11,29,5,12,16.8
2018,11,29,6,82,17.2
2018,11,29,7,75,17.8
2018,11,29,8,230,18.5
2018,11,29,9,824,19.1
2018,11,29,10,550,19.6
2018,11,29,11,604,20.1
2018,11,29,12,762,20.3
2018,11,29,13,710,20.5
2018,11,29,14,892,20.5
2018,11,29,15,728,20.3
2018,11,29,16,527,19.9
2018,11,29,17,308,19.5
2018,11,29,18,54,18.9
2018,11,29,19,0,18.3
2018,11,29,20,0,18.2
2018,11,29,21,0,18.1
2018,11,29,22,0,18
2018,11,29,23,0,17.8
2018,11,30,0,0,17.6
2018,11,30,1,0,17.4
2018,11,30,2,0,17.2
2018,11,30,3,0,17
2018,11,30,4,0,16.8
2018,11,30,5,18,17.1
2018,11,30,6,127,17.9
2018,11,30,7,439,18.8
2018,11,30,8,652,19.6
2018,11,30,9,836,20.4
2018,11,30,10,583,21.1
2018,11,30,11,1052,21.8
2018,11,30,12,1066,22.2
2018,11,30,13,1008,22.3
2018,11,30,14,892,22.2
2018,11,30,15,728,22
2018,11,30,16,528,21.5
2018,11,30,17,310,20.8
2018,11,30,18,55,19.8
2018,11,30,19,0,18.7
2018,11,30,20,0,18.3
2018,11,30,21,0,18.1
2018,11,30,22,0,18
2018,11,30,23,0,17.8
2018,12,1,0,0,17.7
2018,12,1,1,0,17.7
2018,12,1,2,0,17.8
2018,12,1,3,0,17.9
2018,12,1,4,0,18
2018,12,1,5,36,18.3
2018,12,1,6,218,19.2
2018,12,1,7,440,20.1
2018,12,1,8,656,21.1
2018,12,1,9,846,22.2
2018,12,1,10,1000,23.2
2018,12,1,11,1083,24.2
2018,12,1,12,1098,24.9
2018,12,1,13,1043,25.2
2018,12,1,14,929,25.2
2018,12,1,15,763,24.8
2018,12,1,16,555,23.9
2018,12,1,17,329,22.6
2018,12,1,18,115,21
2018,12,1,19,0,19.9
2018,12,1,20,0,19.6
2018,12,1,21,0,19.4
2018,12,1,22,0,19.3
2018,12,1,23,0,19.2
2018,12,2,0,0,19.1
2018,12,2,1,0,19
2018,12,2,2,0,18.9
2018,12,2,3,0,18.8
2018,12,2,4,0,18.6
2018,12,2,5,12,18.8
2018,12,2,6,76,19.9
2018,12,2,7,80,21.4
2018,12,2,8,188,23.1
2018,12,2,9,840,25.1
2018,12,2,10,979,26.7
2018,12,2,11,1055,27.9
2018,12,2,12,1060,28.4
2018,12,2,13,1007,28
2018,12,2,14,902,27.2
2018,12,2,15,747,26.4
2018,12,2,16,555,25.5
2018,12,2,17,338,24.1
2018,12,2,18,120,21.9
2018,12,2,19,0,19.9
2018,12,2,20,0,18.7
2018,12,2,21,0,18
2018,12,2,22,0,17.6
2018,12,2,23,0,17.2
2018,12,3,0,0,16.7
2018,12,3,1,0,16.5
2018,12,3,2,0,16.4
2018,12,3,3,0,16.4
2018,12,3,4,0,16.2
2018,12,3,5,38,16.5
2018,12,3,6,189,17.7
2018,12,3,7,459,19.2
2018,12,3,8,682,20.6
2018,12,3,9,873,21.8
2018,12,3,10,1016,22.8
2018,12,3,11,1095,23.7
2018,12,3,12,1109,24.8
2018,12,3,13,1055,25.8
2018,12,3,14,943,26.4
2018,12,3,15,777,26.7
2018,12,3,16,570,26.5
2018,12,3,17,344,25.9
2018,12,3,18,126,24.5
2018,12,3,19,0,23
2018,12,3,20,0,22.4
2018,12,3,21,0,21.8
2018,12,3,22,0,21.2
2018,12,3,23,0,20.6
2018,12,4,0,0,20
2018,12,4,1,0,19.6
2018,12,4,2,0,19.3
2018,12,4,3,0,19
2018,12,4,4,0,18.7
2018,12,4,5,39,18.9
2018,12,4,6,225,20.2
2018,12,4,7,443,21.4
2018,12,4,8,362,22
2018,12,4,9,173,22.1
2018,12,4,10,250,22
2018,12,4,11,400,21.7
2018,12,4,12,793,21.4
2018,12,4,13,610,21.1
2018,12,4,14,275,20.9
2018,12,4,15,428,20.5
2018,12,4,16,182,20.2
2018,12,4,17,54,19.7
2018,12,4,18,107,19.2
2018,12,4,19,0,18.7
2018,12,4,20,0,18.6
2018,12,4,21,0,18.5
2018,12,4,22,0,18.4
2018,12,4,23,0,18.4
2018,12,5,0,0,18.3
2018,12,5,1,0,18.2
2018,12,5,2,0,18.2
2018,12,5,3,0,18.2
2018,12,5,4,0,18.3
2018,12,5,5,34,18.7
2018,12,5,6,210,19.4
2018,12,5,7,236,19.9
2018,12,5,8,269,20.5
2018,12,5,9,270,21.1
2018,12,5,10,334,21.4
2018,12,5,11,460,21.6
2018,12,5,12,476,21.5
2018,12,5,13,259,21.4
2018,12,5,14,345,21.3
2018,12,5,15,451,21.2
2018,12,5,16,324,21
2018,12,5,17,197,20.6
2018,12,5,18,115,20.1
2018,12,5,19,0,19.4
2018,12,5,20,0,19.2
2018,12,5,21,0,19
2018,12,5,22,0,19
2018,12,5,23,0,18.9
2018,12,6,0,0,18.9
2018,12,6,1,0,18.8
2018,12,6,2,0,18.7
2018,12,6,3,0,18.6
2018,12,6,4,0,18.6
2018,12,6,5,17,18.9
2018,12,6,6,114,20.2
2018,12,6,7,288,21.3
2018,12,6,8,393,22.1
2018,12,6,9,840,22.7
2018,12,6,10,982,23.2
2018,12,6,11,1064,23.6
2018,12,6,12,1086,23.7
2018,12,6,13,1037,23.7
2018,12,6,14,927,23.6
2018,12,6,15,765,23.2
2018,12,6,16,562,22.8
2018,12,6,17,341,22.2
2018,12,6,18,127,21.3
2018,12,6,19,0,20.5
2018,12,6,20,0,20.1
2018,12,6,21,0,19.8
2018,12,6,22,0,19.5
2018,12,6,23,0,19.2
2018,12,7,0,0,18.9
2018,12,7,1,0,18.6
2018,12,7,2,0,18.4
2018,12,7,3,0,18.1
2018,12,7,4,0,18
2018,12,7,5,39,18.4
2018,12,7,6,229,19.8
2018,12,7,7,253,21.1
2018,12,7,8,672,22
2018,12,7,9,860,22.8
2018,12,7,10,1002,23.5
2018,12,7,11,1086,24
2018,12,7,12,1104,24.3
2018,12,7,13,1054,24.5
2018,12,7,14,942,24.4
2018,12,7,15,779,24
2018,12,7,16,573,23.4
2018,12,7,17,346,22.5
2018,12,7,18,130,21.5
2018,12,7,19,0,20.6
2018,12,7,20,0,20.3
2018,12,7,21,0,20.1
2018,12,7,22,0,19.9
2018,12,7,23,0,19.6
2018,12,8,0,0,19.3
2018,12,8,1,0,19
2018,12,8,2,0,18.7
2018,12,8,3,0,18.4
2018,12,8,4,0,18.1
2018,12,8,5,37,18.5
2018,12,8,6,225,19.7
2018,12,8,7,451,20.8
2018,12,8,8,673,22
2018,12,8,9,863,23.1
2018,12,8,10,1009,24.1
2018,12,8,11,1094,25
2018,12,8,12,1113,25.5
2018,12,8,13,1064,25.7
2018,12,8,14,950,25.6
2018,12,8,15,785,25.2
2018,12,8,16,576,24.5
2018,12,8,17,347,23.5
2018,12,8,18,130,22.4
2018,12,8,19,0,21.3
2018,12,8,20,0,20.9
2018,12,8,21,0,20.5
2018,12,8,22,0,20.2
2018,12,8,23,0,19.8
2018,12,9,0,0,19.5
2018,12,9,1,0,19.1
2018,12,9,2,0,18.8
2018,12,9,3,0,18.7
2018,12,9,4,0,18.7
2018,12,9,5,35,19.3
2018,12,9,6,216,20.6
2018,12,9,7,437,21.8
2018,12,9,8,653,22.8
2018,12,9,9,840,23.8
2018,12,9,10,879,24.6
2018,12,9,11,887,25
2018,12,9,12,1080,25.1
2018,12,9,13,1029,25
2018,12,9,14,921,24.8
2018,12,9,15,759,24.6
2018,12,9,16,554,24
2018,12,9,17,331,23.2
2018,12,9,18,107,22.1
2018,12,9,19,0,21.2
2018,12,9,20,0,20.8
2018,12,9,21,0,20.6
2018,12,9,22,0,20.3
2018,12,9,23,0,20.3
2018,12,10,0,0,20.3
2018,12,10,1,0,20.3
2018,12,10,2,0,20.2
2018,12,10,3,0,20.2
2018,12,10,4,0,20
2018,12,10,5,21,20.4
2018,12,10,6,109,21.2
2018,12,10,7,358,22
2018,12,10,8,433,23
2018,12,10,9,647,23.8
2018,12,10,10,566,24.3
2018,12,10,11,224,24.5
2018,12,10,12,304,24.2
2018,12,10,13,246,24.1
2018,12,10,14,147,24.4
2018,12,10,15,343,24.2
2018,12,10,16,343,23.6
2018,12,10,17,92,23
2018,12,10,18,16,22.2
2018,12,10,19,0,21.5
2018,12,10,20,0,21.1
2018,12,10,21,0,20.9
2018,12,10,22,0,20.6
2018,12,10,23,0,20.2
2018,12,11,0,0,19.8
2018,12,11,1,0,19.5
2018,12,11,2,0,19.3
2018,12,11,3,0,19.2
2018,12,11,4,0,19.2
2018,12,11,5,4,19.5
2018,12,11,6,9,20.1
2018,12,11,7,303,20.6
2018,12,11,8,387,21.1
2018,12,11,9,699,21.6
2018,12,11,10,453,21.8
2018,12,11,11,652,21.9
2018,12,11,12,635,22.3
2018,12,11,13,318,22.4
2018,12,11,14,260,22.3
2018,12,11,15,254,22.1
2018,12,11,16,137,21.7
2018,12,11,17,109,21.2
2018,12,11,18,74,20.6
2018,12,11,19,0,19.9
2018,12,11,20,0,19.6
2018,12,11,21,0,19.3
2018,12,11,22,0,19.2
2018,12,11,23,0,19.1
2018,12,12,0,0,19.1
2018,12,12,1,0,19.1
2018,12,12,2,0,19.1
2018,12,12,3,0,19.2
2018,12,12,4,0,19.3
2018,12,12,5,16,19.8
2018,12,12,6,87,20.7
2018,12,12,7,167,21.4
2018,12,12,8,301,22
2018,12,12,9,228,22.7
2018,12,12,10,437,23.1
2018,12,12,11,752,23.3
2018,12,12,12,646,23
2018,12,12,13,395,22.5
2018,12,12,14,227,22.2
2018,12,12,15,177,22.1
2018,12,12,16,83,22
2018,12,12,17,108,21.8
2018,12,12,18,51,21.4
2018,12,12,19,0,21
2018,12,12,20,0,20.8
2018,12,12,21,0,20.7
2018,12,12,22,0,20.6
2018,12,12,23,0,20.5
2018,12,13,0,0,20.3
2018,12,13,1,0,20.2
2018,12,13,2,0,20.1
2018,12,13,3,0,20
2018,12,13,4,0,20
2018,12,13,5,20,20.4
2018,12,13,6,116,20.8
2018,12,13,7,382,21.3
2018,12,13,8,339,22.4
2018,12,13,9,616,23.8
2018,12,13,10,245,25.1
2018,12,13,11,175,26
2018,12,13,12,774,26.4
2018,12,13,13,917,26.1
2018,12,13,14,432,25.3
2018,12,13,15,297,24.5
2018,12,13,16,507,23.7
2018,12,13,17,195,23
2018,12,13,18,103,22.6
2018,12,13,19,0,22.1
2018,12,13,20,0,21.9
2018,12,13,21,0,21.7
2018,12,13,22,0,21.5
2018,12,13,23,0,21.4
2018,12,14,0,0,21.4
2018,12,14,1,0,21.4
2018,12,14,2,0,21.6
2018,12,14,3,0,21.6
2018,12,14,4,0,21.6
2018,12,14,5,16,21.8
2018,12,14,6,119,22
2018,12,14,7,64,22.5
2018,12,14,8,452,23.3
2018,12,14,9,363,24.3
2018,12,14,10,144,24.9
2018,12,14,11,191,25.1
2018,12,14,12,652,25
2018,12,14,13,324,24.7
2018,12,14,14,69,24.2
2018,12,14,15,51,23.6
2018,12,14,16,29,22.9
2018,12,14,17,74,22.5
2018,12,14,18,93,22.2
2018,12,14,19,0,22.1
2018,12,14,20,0,22.1
2018,12,14,21,0,22
2018,12,14,22,0,22
2018,12,14,23,0,21.9
2018,12,15,0,0,22
2018,12,15,1,0,22
2018,12,15,2,0,21.9
2018,12,15,3,0,21.7
2018,12,15,4,0,21.6
2018,12,15,5,21,21.9
2018,12,15,6,180,22.4
2018,12,15,7,382,23
2018,12,15,8,450,23.9
2018,12,15,9,670,24.8
2018,12,15,10,796,25.5
2018,12,15,11,996,25.6
2018,12,15,12,698,25.2
2018,12,15,13,848,24.8
2018,12,15,14,861,24.4
2018,12,15,15,95,23.8
2018,12,15,16,29,23.6
2018,12,15,17,99,23.1
2018,12,15,18,91,22.8
2018,12,15,19,0,22.6
2018,12,15,20,0,22.5
2018,12,15,21,0,22.4
2018,12,15,22,0,22.3
2018,12,15,23,0,22.3
2018,12,16,0,0,22.3
2018,12,16,1,0,22.2
2018,12,16,2,0,22.1
2018,12,16,3,0,21.9
2018,12,16,4,0,21.7
2018,12,16,5,22,21.9
2018,12,16,6,185,22.3
2018,12,16,7,395,23.1
2018,12,16,8,608,24.1
2018,12,16,9,796,25
2018,12,16,10,939,25.7
2018,12,16,11,1023,26.1
2018,12,16,12,1039,26.2
2018,12,16,13,985,26.2
2018,12,16,14,452,26.2
2018,12,16,15,544,25.8
2018,12,16,16,524,25
2018,12,16,17,313,23.9
2018,12,16,18,117,22.8
2018,12,16,19,0,22.2
2018,12,16,20,0,22.1
2018,12,16,21,0,22
2018,12,16,22,0,21.8
2018,12,16,23,0,21.6
2018,12,17,0,0,21.4
2018,12,17,1,0,21.1
2018,12,17,2,0,21
2018,12,17,3,0,20.8
2018,12,17,4,0,20.7
2018,12,17,5,27,21
2018,12,17,6,196,21.7
2018,12,17,7,413,22.7
2018,12,17,8,629,23.7
2018,12,17,9,817,24.5
2018,12,17,10,965,25.1
2018,12,17,11,1054,25.4
2018,12,17,12,1076,25.6
2018,12,17,13,1034,25.5
2018,12,17,14,928,25.3
2018,12,17,15,768,25.1
2018,12,17,16,567,24.8
2018,12,17,17,349,24.3
2018,12,17,18,140,23.5
2018,12,17,19,0,22.5
2018,12,17,20,0,22
2018,12,17,21,0,21.6
2018,12,17,22,0,21.4
2018,12,17,23,0,21.1
2018,12,18,0,0,21
2018,12,18,1,0,20.9
2018,12,18,2,0,20.9
2018,12,18,3,0,20.9
2018,12,18,4,0,21
2018,12,18,5,28,21.4
2018,12,18,6,198,21.9
2018,12,18,7,410,22.4
2018,12,18,8,169,23
2018,12,18,9,339,23.6
2018,12,18,10,604,24
2018,12,18,11,739,24.2
2018,12,18,12,779,24.3
2018,12,18,13,778,24.2
2018,12,18,14,638,23.8
2018,12,18,15,345,23.3
2018,12,18,16,96,22.8
2018,12,18,17,104,22.3
2018,12,18,18,26,21.6
2018,12,18,19,0,21.2
2018,12,18,20,0,21
2018,12,18,21,0,21
2018,12,18,22,0,21
2018,12,18,23,0,21
2018,12,19,0,0,20.9
2018,12,19,1,0,20.9
2018,12,19,2,0,20.8
2018,12,19,3,0,20.7
2018,12,19,4,0,20.7
2018,12,19,5,4,20.9
2018,12,19,6,24,21.2
2018,12,19,7,34,21.5
2018,12,19,8,203,22.1
2018,12,19,9,66,22.7
2018,12,19,10,78,23.2
2018,12,19,11,248,23.5
2018,12,19,12,176,23.7
2018,12,19,13,224,23.7
2018,12,19,14,554,23.5
2018,12,19,15,561,23.2
2018,12,19,16,31,22.7
2018,12,19,17,16,22.1
2018,12,19,18,66,21.7
2018,12,19,19,0,21.4
2018,12,19,20,0,21.2
2018,12,19,21,0,21.3
2018,12,19,22,0,21.4
2018,12,19,23,0,21.4
2018,12,20,0,0,21.4
2018,12,20,1,0,21.3
2018,12,20,2,0,21.3
2018,12,20,3,0,21.2
2018,12,20,4,0,21.2
2018,12,20,5,25,21.5
2018,12,20,6,171,22.1
2018,12,20,7,340,22.7
2018,12,20,8,603,23.7
2018,12,20,9,729,24.8
2018,12,20,10,935,25.9
2018,12,20,11,932,27
2018,12,20,12,822,27.9
2018,12,20,13,863,28.3
2018,12,20,14,891,28
2018,12,20,15,296,27.1
2018,12,20,16,32,25.8
2018,12,20,17,17,24.4
2018,12,20,18,8,23.3
2018,12,20,19,0,22.8
2018,12,20,20,0,22.5
2018,12,20,21,0,22.3
2018,12,20,22,0,22
2018,12,20,23,0,21.5
2018,12,21,0,0,20.9
2018,12,21,1,0,20.4
2018,12,21,2,0,20.1
2018,12,21,3,0,19.9
2018,12,21,4,0,19.9
2018,12,21,5,7,20.2
2018,12,21,6,50,20.6
2018,12,21,7,183,21.1
2018,12,21,8,152,21.6
2018,12,21,9,235,21.9
2018,12,21,10,289,22.2
2018,12,21,11,317,22.4
2018,12,21,12,108,22.2
2018,12,21,13,374,22.1
2018,12,21,14,502,21.9
2018,12,21,15,199,21.6
2018,12,21,16,375,21.2
2018,12,21,17,78,20.8
2018,12,21,18,139,20.2
2018,12,21,19,0,19.7
2018,12,21,20,0,19.6
2018,12,21,21,0,19.7
2018,12,21,22,0,20
2018,12,21,23,0,20.1
2018,12,22,0,0,19.9
2018,12,22,1,0,19.4
2018,12,22,2,0,18.9
2018,12,22,3,0,18.6
2018,12,22,4,0,18.4
2018,12,22,5,19,18.2
2018,12,22,6,156,18.2
2018,12,22,7,183,18.6
2018,12,22,8,316,19.2
2018,12,22,9,256,19.5
2018,12,22,10,433,19.9
2018,12,22,11,519,20.2
2018,12,22,12,716,20.4
2018,12,22,13,863,20.4
2018,12,22,14,622,20.5
2018,12,22,15,526,20.4
2018,12,22,16,284,20.3
2018,12,22,17,198,20.1
2018,12,22,18,159,19.6
2018,12,22,19,0,19.1
2018,12,22,20,0,19
2018,12,22,21,0,18.8
2018,12,22,22,0,18.7
2018,12,22,23,0,18.5
2018,12,23,0,0,18.3
2018,12,23,1,0,18.2
2018,12,23,2,0,17.9
2018,12,23,3,0,17.8
2018,12,23,4,0,17.6
2018,12,23,5,20,17.7
2018,12,23,6,165,18.2
2018,12,23,7,409,18.9
2018,12,23,8,651,19.7
2018,12,23,9,841,20.5
2018,12,23,10,981,21.1
2018,12,23,11,739,21.6
2018,12,23,12,723,21.8
2018,12,23,13,1066,21.8
2018,12,23,14,965,21.8
2018,12,23,15,808,21.6
2018,12,23,16,609,21.3
2018,12,23,17,387,20.8
2018,12,23,18,168,20.2
2018,12,23,19,0,19.3
2018,12,23,20,0,18.9
2018,12,23,21,0,18.6
2018,12,23,22,0,18.4
2018,12,23,23,0,18.3
2018,12,24,0,0,18.3
2018,12,24,1,0,18.3
2018,12,24,2,0,18.3
2018,12,24,3,0,18.1
2018,12,24,4,0,17.8
2018,12,24,5,29,17.8
2018,12,24,6,210,18.7
2018,12,24,7,434,19.9
2018,12,24,8,654,20.9
2018,12,24,9,847,21.9
2018,12,24,10,998,22.8
2018,12,24,11,1086,23.5
2018,12,24,12,1112,23.8
2018,12,24,13,1069,24
2018,12,24,14,967,23.9
2018,12,24,15,809,23.7
2018,12,24,16,608,23.4
2018,12,24,17,385,22.7
2018,12,24,18,167,21.8
2018,12,24,19,0,20.7
2018,12,24,20,0,20.3
2018,12,24,21,0,20
2018,12,24,22,0,19.6
2018,12,24,23,0,19.2
2018,12,25,0,0,18.9
2018,12,25,1,0,18.6
2018,12,25,2,0,18.4
2018,12,25,3,0,18.3
2018,12,25,4,0,18.3
2018,12,25,5,25,18.8
2018,12,25,6,199,20
2018,12,25,7,419,21.4
2018,12,25,8,639,22.8
2018,12,25,9,831,24
2018,12,25,10,983,25.2
2018,12,25,11,1074,26.1
2018,12,25,12,1101,26.5
2018,12,25,13,1061,26.6
2018,12,25,14,959,26.4
2018,12,25,15,803,26.1
2018,12,25,16,605,25.5
2018,12,25,17,384,24.7
2018,12,25,18,165,23.6
2018,12,25,19,0,22.3
2018,12,25,20,0,21.8
2018,12,25,21,0,21.4
2018,12,25,22,0,21
2018,12,25,23,0,20.7
2018,12,26,0,0,20.5
2018,12,26,1,0,20.2
2018,12,26,2,0,20
2018,12,26,3,0,19.8
2018,12,26,4,0,19.8
2018,12,26,5,23,20.3
2018,12,26,6,192,21.5
2018,12,26,7,410,22.8
2018,12,26,8,627,24
2018,12,26,9,817,25.1
2018,12,26,10,971,26.2
2018,12,26,11,1061,26.9
2018,12,26,12,1089,27.3
2018,12,26,13,1052,27.3
2018,12,26,14,952,27.1
2018,12,26,15,797,26.6
2018,12,26,16,594,25.8
2018,12,26,17,375,24.9
2018,12,26,18,160,23.7
2018,12,26,19,0,22.6
2018,12,26,20,0,22
2018,12,26,21,0,21.5
2018,12,26,22,0,21.2
2018,12,26,23,0,20.9
2018,12,27,0,0,20.6
2018,12,27,1,0,20.3
2018,12,27,2,0,20
2018,12,27,3,0,19.8
2018,12,27,4,0,19.7
2018,12,27,5,22,20.2
2018,12,27,6,190,21.5
2018,12,27,7,408,22.9
2018,12,27,8,624,24.3
2018,12,27,9,816,25.7
2018,12,27,10,963,27.1
2018,12,27,11,1055,28.3
2018,12,27,12,1083,28.9
2018,12,27,13,1043,28.9
2018,12,27,14,944,28.6
2018,12,27,15,790,28.1
2018,12,27,16,501,27.3
2018,12,27,17,375,26.2
2018,12,27,18,161,24.9
2018,12,27,19,11,23.6
2018,12,27,20,0,23
2018,12,27,21,0,22.6
2018,12,27,22,0,22.3
2018,12,27,23,0,22
2018,12,28,0,0,21.7
2018,12,28,1,0,21.5
2018,12,28,2,0,21.2
2018,12,28,3,0,20.9
2018,12,28,4,0,20.6
2018,12,28,5,21,21
2018,12,28,6,187,21.9
2018,12,28,7,404,23.3
2018,12,28,8,621,25
2018,12,28,9,813,26.9
2018,12,28,10,828,28.7
2018,12,28,11,1050,29.9
2018,12,28,12,1079,30.2
2018,12,28,13,1040,29.9
2018,12,28,14,944,29.5
2018,12,28,15,792,28.7
2018,12,28,16,597,27.7
2018,12,28,17,382,26.5
2018,12,28,18,166,25
2018,12,28,19,12,23.5
2018,12,28,20,0,22.7
2018,12,28,21,0,22.1
2018,12,28,22,0,21.6
2018,12,28,23,0,21
2018,12,29,0,0,20.6
2018,12,29,1,0,20.2
2018,12,29,2,0,20
2018,12,29,3,0,19.9
2018,12,29,4,0,19.8
2018,12,29,5,21,20.3
2018,12,29,6,190,21.4
2018,12,29,7,414,22.8
2018,12,29,8,636,24.6
2018,12,29,9,829,26.8
2018,12,29,10,978,29.2
2018,12,29,11,1063,30.7
2018,12,29,12,1089,30.8
2018,12,29,13,1049,30.4
2018,12,29,14,948,29.9
2018,12,29,15,794,29.3
2018,12,29,16,599,28.5
2018,12,29,17,379,27.3
2018,12,29,18,163,25.6
2018,12,29,19,11,23.9
2018,12,29,20,0,22.8
2018,12,29,21,0,22.1
2018,12,29,22,0,21.5
2018,12,29,23,0,21.2
2018,12,30,0,0,20.9
2018,12,30,1,0,20.8
2018,12,30,2,0,20.7
2018,12,30,3,0,20.8
2018,12,30,4,0,20.8
2018,12,30,5,17,21.2
2018,12,30,6,175,21.9
2018,12,30,7,365,23.1
2018,12,30,8,613,25.3
2018,12,30,9,807,27.7
2018,12,30,10,957,29.8
2018,12,30,11,1053,30.5
2018,12,30,12,1080,30.5
2018,12,30,13,1039,30
2018,12,30,14,781,29.3
2018,12,30,15,574,28.5
2018,12,30,16,468,27.5
2018,12,30,17,174,26.4
2018,12,30,18,153,25.2
2018,12,30,19,9,24.3
2018,12,30,20,0,23.8
2018,12,30,21,0,23.5
2018,12,30,22,0,23.3
2018,12,30,23,0,22.9
2018,12,31,0,0,22.5
2018,12,31,1,0,22.2
2018,12,31,2,0,22
2018,12,31,3,0,21.9
2018,12,31,4,0,21.8
2018,12,31,5,8,21.9
2018,12,31,6,73,22.5
2018,12,31,7,310,23.4
2018,12,31,8,578,24.8
2018,12,31,9,207,26.5
2018,12,31,10,592,28.1
2018,12,31,11,779,29.4
2018,12,31,12,736,29.8
2018,12,31,13,130,29.4
2018,12,31,14,818,28.5
2018,12,31,15,261,27.5
2018,12,31,16,52,26.6
2018,12,31,17,94,25.3
2018,12,31,18,47,23.9
2018,12,31,19,7,23.2
2018,12,31,20,0,23
2018,12,31,21,0,22.9
2018,12,31,22,0,22.9
2018,12,31,23,0,22.6
2019,1,1,0,0,20.5
2019,1,1,1,0,20
2019,1,1,2,0,19.7
2019,1,1,3,0,19.5
2019,1,1,4,0,19.5
2019,1,1,5,6,19.6
2019,1,1,6,23,20.2
2019,1,1,7,138,20.9
2019,1,1,8,251,21.7
2019,1,1,9,431,22.7
2019,1,1,10,939,29.5
2019,1,1,11,1031,29.4
2019,1,1,12,1063,29.1
2019,1,1,13,1025,28.7
2019,1,1,14,931,28.4
2019,1,1,15,782,28
2019,1,1,16,590,27.5
2019,1,1,17,374,26.7
2019,1,1,18,162,25.5
2019,1,1,19,11,24.3
2019,1,1,20,0,23.6
2019,1,1,21,0,23.2
2019,1,1,22,0,23
2019,1,1,23,0,22.7
2019,1,2,0,0,22.6
2019,1,2,1,0,22.3
2019,1,2,2,0,21.8
2019,1,2,3,0,21.3
2019,1,2,4,0,21.1
2019,1,2,5,14,21.6
2019,1,2,6,166,22.6
2019,1,2,7,375,23.5
2019,1,2,8,589,24.6
2019,1,2,9,651,25.6
2019,1,2,10,941,26.5
2019,1,2,11,564,27.1
2019,1,2,12,1063,27.3
2019,1,2,13,1017,27.1
2019,1,2,14,922,26.9
2019,1,2,15,96,26.5
2019,1,2,16,94,25.9
2019,1,2,17,203,25
2019,1,2,18,71,24
2019,1,2,19,8,23
2019,1,2,20,0,22.4
2019,1,2,21,0,22.2
2019,1,2,22,0,22.1
2019,1,2,23,0,21.9
2019,1,3,0,0,21.7
2019,1,3,1,0,21.5
2019,1,3,2,0,21.3
2019,1,3,3,0,21.2
2019,1,3,4,0,21.2
2019,1,3,5,11,21.5
2019,1,3,6,55,21.9
2019,1,3,7,40,22.1
2019,1,3,8,528,22.5
2019,1,3,9,645,22.9
2019,1,3,10,921,23.4
2019,1,3,11,872,24
2019,1,3,12,680,24.7
2019,1,3,13,1008,25
2019,1,3,14,915,25.2
2019,1,3,15,642,25.1
2019,1,3,16,333,24.9
2019,1,3,17,190,24.5
2019,1,3,18,75,23.8
2019,1,3,19,11,23.1
2019,1,3,20,0,22.7
2019,1,3,21,0,22.3
2019,1,3,22,0,22
2019,1,3,23,0,21.7
2019,1,4,0,0,21.5
2019,1,4,1,0,21.3
2019,1,4,2,0,21.1
2019,1,4,3,0,21
2019,1,4,4,0,21
2019,1,4,5,14,21.5
2019,1,4,6,170,22.5
2019,1,4,7,385,23.4
2019,1,4,8,602,24.6
2019,1,4,9,796,25.8
2019,1,4,10,952,27
2019,1,4,11,1047,27.9
2019,1,4,12,1079,28.3
2019,1,4,13,1047,28.4
2019,1,4,14,953,28.3
2019,1,4,15,802,27.9
2019,1,4,16,603,27.4
2019,1,4,17,384,26.5
2019,1,4,18,168,25.4
2019,1,4,19,12,24.2
2019,1,4,20,0,23.6
2019,1,4,21,0,23.3
2019,1,4,22,0,23.1
2019,1,4,23,0,22.9
2019,1,5,0,0,22.7
2019,1,5,1,0,22.5
2019,1,5,2,0,22.4
2019,1,5,3,0,22.3
2019,1,5,4,0,22.3
2019,1,5,5,12,22.8
2019,1,5,6,166,23.9
2019,1,5,7,378,25.7
2019,1,5,8,592,28.6
2019,1,5,9,780,31.9
2019,1,5,10,921,33.3
2019,1,5,11,818,31.9
2019,1,5,12,1026,30.7
2019,1,5,13,288,29.2
2019,1,5,14,576,27.4
2019,1,5,15,53,25.2
2019,1,5,16,32,23.4
2019,1,5,17,98,21.8
2019,1,5,18,8,20.9
2019,1,5,19,6,20.6
2019,1,5,20,0,20.6
2019,1,5,21,0,20.5
2019,1,5,22,0,20.5
2019,1,5,23,0,20.5
2019,1,6,0,0,20.4
2019,1,6,1,0,20.2
2019,1,6,2,0,20
2019,1,6,3,0,19.8
2019,1,6,4,0,19.6
2019,1,6,5,3,19.5
2019,1,6,6,15,19.6
2019,1,6,7,334,20
2019,1,6,8,53,20.4
2019,1,6,9,64,20.9
2019,1,6,10,134,21.1
2019,1,6,11,86,21.4
2019,1,6,12,148,21.7
2019,1,6,13,228,21.8
2019,1,6,14,181,21.9
2019,1,6,15,64,21.8
2019,1,6,16,48,21.6
2019,1,6,17,72,21.2
2019,1,6,18,159,20.8
2019,1,6,19,11,20.5
2019,1,6,20,0,20.4
2019,1,6,21,0,20.4
2019,1,6,22,0,20.3
2019,1,6,23,0,20.3
2019,1,7,0,0,20.3
2019,1,7,1,0,20.4
2019,1,7,2,0,20.5
2019,1,7,3,0,20.6
2019,1,7,4,0,20.7
2019,1,7,5,6,20.9
2019,1,7,6,38,21.2
2019,1,7,7,170,21.5
2019,1,7,8,193,21.8
2019,1,7,9,212,22.2
2019,1,7,10,232,22.5
2019,1,7,11,376,22.7
2019,1,7,12,313,22.9
2019,1,7,13,220,22.9
2019,1,7,14,341,22.7
2019,1,7,15,47,22.5
2019,1,7,16,228,22.3
2019,1,7,17,73,22
2019,1,7,18,151,21.7
2019,1,7,19,9,21.6
2019,1,7,20,0,21.7
2019,1,7,21,0,21.7
2019,1,7,22,0,21.7
2019,1,7,23,0,21.7
2019,1,8,0,0,21.5
2019,1,8,1,0,21.3
2019,1,8,2,0,21.2
2019,1,8,3,0,21.1
2019,1,8,4,0,21.1
2019,1,8,5,0,21.5
2019,1,8,6,148,22.2
2019,1,8,7,353,23
2019,1,8,8,564,24
2019,1,8,9,754,24.9
2019,1,8,10,905,25.8
2019,1,8,11,919,26.6
2019,1,8,12,1035,27.1
2019,1,8,13,836,27
2019,1,8,14,913,26.8
2019,1,8,15,677,26.6
2019,1,8,16,337,26.2
2019,1,8,17,286,25.5
2019,1,8,18,157,24.5
2019,1,8,19,10,23.5
2019,1,8,20,0,22.9
2019,1,8,21,0,22.4
2019,1,8,22,0,22.1
2019,1,8,23,0,21.6
2019,1,9,0,0,21.3
2019,1,9,1,0,21.2
2019,1,9,2,0,21.1
2019,1,9,3,0,20.9
2019,1,9,4,0,20.9
2019,1,9,5,0,21.3
2019,1,9,6,135,22.2
2019,1,9,7,236,23.7
2019,1,9,8,579,25.5
2019,1,9,9,772,27.2
2019,1,9,10,932,28
2019,1,9,11,1027,28
2019,1,9,12,1057,27.4
2019,1,9,13,1015,26.3
2019,1,9,14,667,25.2
2019,1,9,15,758,24.2
2019,1,9,16,567,23.6
2019,1,9,17,355,23
2019,1,9,18,151,22.4
2019,1,9,19,8,22
2019,1,9,20,0,21.9
2019,1,9,21,0,21.8
2019,1,9,22,0,21.6
2019,1,9,23,0,21.5
2019,1,10,0,0,21.4
2019,1,10,1,0,21.3
2019,1,10,2,0,21.1
2019,1,10,3,0,21
2019,1,10,4,0,21
2019,1,10,5,0,21.2
2019,1,10,6,136,21.7
2019,1,10,7,336,22.2
2019,1,10,8,62,22.6
2019,1,10,9,87,22.9
2019,1,10,10,83,23.2
2019,1,10,11,233,23.3
2019,1,10,12,269,23.3
2019,1,10,13,201,23.3
2019,1,10,14,162,23.2
2019,1,10,15,192,23
2019,1,10,16,203,22.7
2019,1,10,17,99,22.2
2019,1,10,18,27,21.7
2019,1,10,19,7,21.4
2019,1,10,20,0,21.4
2019,1,10,21,0,21.4
2019,1,10,22,0,21.4
2019,1,10,23,0,21.3
2019,1,11,0,0,21.2
2019,1,11,1,0,21.1
2019,1,11,2,0,21.1
2019,1,11,3,0,21.1
2019,1,11,4,0,21.1
2019,1,11,5,0,21.4
2019,1,11,6,79,21.9
2019,1,11,7,18,22.2
2019,1,11,8,228,22.7
2019,1,11,9,477,23.6
2019,1,11,10,896,24.5
2019,1,11,11,892,25.2
2019,1,11,12,915,25.5
2019,1,11,13,847,25.4
2019,1,11,14,113,25.3
2019,1,11,15,93,25.1
2019,1,11,16,80,24.8
2019,1,11,17,85,24.2
2019,1,11,18,13,23.4
2019,1,11,19,8,22.9
2019,1,11,20,0,22.8
2019,1,11,21,0,22.7
2019,1,11,22,0,22.6
2019,1,11,23,0,22.3
2019,1,12,0,0,22.1
2019,1,12,1,0,22
2019,1,12,2,0,21.9
2019,1,12,3,0,21.7
2019,1,12,4,0,21.6
2019,1,12,5,0,21.9
2019,1,12,6,142,22.6
2019,1,12,7,353,23.6
2019,1,12,8,570,25.1
2019,1,12,9,767,26.7
2019,1,12,10,927,28.3
2019,1,12,11,1027,29.5
2019,1,12,12,1066,29.9
2019,1,12,13,1039,29.9
2019,1,12,14,947,29.5
2019,1,12,15,799,28.9
2019,1,12,16,606,28.1
2019,1,12,17,292,27
2019,1,12,18,171,25.7
2019,1,12,19,13,24.4
2019,1,12,20,0,23.7
2019,1,12,21,0,23.3
2019,1,12,22,0,22.9
2019,1,12,23,0,22.7
2019,1,13,0,0,22.3
2019,1,13,1,0,21.8
2019,1,13,2,0,21.8
2019,1,13,3,0,22
2019,1,13,4,0,22
2019,1,13,5,0,22.4
2019,1,13,6,138,22.7
2019,1,13,7,339,23.1
2019,1,13,8,253,23.5
2019,1,13,9,734,23.9
2019,1,13,10,672,24.3
2019,1,13,11,991,24.6
2019,1,13,12,754,24.8
2019,1,13,13,601,24.8
2019,1,13,14,559,24.6
2019,1,13,15,652,24.3
2019,1,13,16,384,24
2019,1,13,17,123,23.5
2019,1,13,18,48,22.9
2019,1,13,19,8,22.5
2019,1,13,20,0,22.4
2019,1,13,21,0,22.3
2019,1,13,22,0,22.2
2019,1,13,23,0,22.1
2019,1,14,0,0,22
2019,1,14,1,0,21.9
2019,1,14,2,0,21.9
2019,1,14,3,0,21.9
2019,1,14,4,0,21.9
2019,1,14,5,0,22.1
2019,1,14,6,115,22.7
2019,1,14,7,239,23.5
2019,1,14,8,554,24.5
2019,1,14,9,747,25.4
2019,1,14,10,900,26.2
2019,1,14,11,1000,26.8
2019,1,14,12,1037,27.3
2019,1,14,13,1014,27.4
2019,1,14,14,924,27.3
2019,1,14,15,777,26.9
2019,1,14,16,588,26.1
2019,1,14,17,374,25.2
2019,1,14,18,162,24.2
2019,1,14,19,11,23.4
2019,1,14,20,0,23.1
2019,1,14,21,0,22.9
2019,1,14,22,0,22.8
2019,1,14,23,0,22.6
2019,1,15,0,0,22.5
2019,1,15,1,0,22.3
2019,1,15,2,0,22.2
2019,1,15,3,0,22.2
2019,1,15,4,0,22.2
2019,1,15,5,0,22.5
2019,1,15,6,109,23.4
2019,1,15,7,341,24.5
2019,1,15,8,556,25.6
2019,1,15,9,750,26.7
2019,1,15,10,909,27.9
2019,1,15,11,1009,28.9
2019,1,15,12,1047,29.3
2019,1,15,13,1015,29.3
2019,1,15,14,923,29
2019,1,15,15,775,28.5
2019,1,15,16,584,27.8
2019,1,15,17,371,26.7
2019,1,15,18,160,25.3
2019,1,15,19,10,24.3
2019,1,15,20,0,23.9
2019,1,15,21,0,23.6
2019,1,15,22,0,23.3
2019,1,15,23,0,23.1
2019,1,16,0,0,22.8
2019,1,16,1,0,22.5
2019,1,16,2,0,22.3
2019,1,16,3,0,22.2
2019,1,16,4,0,22.2
2019,1,16,5,0,22.4
2019,1,16,6,126,23.5
2019,1,16,7,330,24.6
2019,1,16,8,542,25.8
2019,1,16,9,736,26.9
2019,1,16,10,908,27.9
2019,1,16,11,1009,28.5
2019,1,16,12,1048,28.8
2019,1,16,13,1018,29
2019,1,16,14,929,29
2019,1,16,15,783,28.8
2019,1,16,16,593,28.1
2019,1,16,17,359,27.2
2019,1,16,18,163,26
2019,1,16,19,11,24.7
2019,1,16,20,0,24
2019,1,16,21,0,23.6
2019,1,16,22,0,23.3
2019,1,16,23,0,23
2019,1,17,0,0,22.8
2019,1,17,1,0,22.7
2019,1,17,2,0,22.5
2019,1,17,3,0,22.4
2019,1,17,4,0,22.3
2019,1,17,5,0,22.5
2019,1,17,6,129,23.4
2019,1,17,7,339,24.4
2019,1,17,8,559,25.5
2019,1,17,9,760,26.9
2019,1,17,10,917,28.2
2019,1,17,11,1019,29.5
2019,1,17,12,1058,30.4
2019,1,17,13,1029,30.8
2019,1,17,14,935,30.6
2019,1,17,15,785,29.9
2019,1,17,16,594,28.9
2019,1,17,17,378,27.6
2019,1,17,18,163,26.1
2019,1,17,19,10,24.8
2019,1,17,20,0,24.1
2019,1,17,21,0,23.6
2019,1,17,22,0,23.1
2019,1,17,23,0,22.8
2019,1,18,0,0,22.5
2019,1,18,1,0,22.4
2019,1,18,2,0,22.3
2019,1,18,3,0,22.3
2019,1,18,4,0,22.3
2019,1,18,5,0,22.7
2019,1,18,6,125,23.8
2019,1,18,7,317,24.8
2019,1,18,8,557,25.8
2019,1,18,9,759,26.9
2019,1,18,10,925,28.1
2019,1,18,11,1028,29.3
2019,1,18,12,1068,30.4
2019,1,18,13,1040,31
2019,1,18,14,948,31.2
2019,1,18,15,797,30.9
2019,1,18,16,599,30.3
2019,1,18,17,378,29.1
2019,1,18,18,161,27.2
2019,1,18,19,10,25.9
2019,1,18,20,0,25.5
2019,1,18,21,0,25.2
2019,1,18,22,0,25.2
2019,1,18,23,0,25
2019,1,19,0,0,24.6
2019,1,19,1,0,24.3
2019,1,19,2,0,24
2019,1,19,3,0,23.7
2019,1,19,4,0,23.6
2019,1,19,5,0,23.8
2019,1,19,6,7,24.6
2019,1,19,7,112,25.7
2019,1,19,8,231,26.7
2019,1,19,9,598,27.2
2019,1,19,10,144,26.8
2019,1,19,11,515,25.4
2019,1,19,12,337,24
2019,1,19,13,410,23.2
2019,1,19,14,450,22.7
2019,1,19,15,309,22.5
2019,1,19,16,179,22.3
2019,1,19,17,38,22.2
2019,1,19,18,18,21.9
2019,1,19,19,1,21.7
2019,1,19,20,0,21.7
2019,1,19,21,0,21.7
2019,1,19,22,0,21.7
2019,1,19,23,0,21.6
2019,1,20,0,0,21.5
2019,1,20,1,0,21.4
2019,1,20,2,0,21.2
2019,1,20,3,0,21.2
2019,1,20,4,0,21.2
2019,1,20,5,0,21.4
2019,1,20,6,105,21.9
2019,1,20,7,302,22.5
2019,1,20,8,123,23.5
2019,1,20,9,102,24.3
2019,1,20,10,205,24.9
2019,1,20,11,277,25.4
2019,1,20,12,300,25.7
2019,1,20,13,365,25.9
2019,1,20,14,667,25.8
2019,1,20,15,584,25.4
2019,1,20,16,405,24.7
2019,1,20,17,171,23.8
2019,1,20,18,82,23.1
2019,1,20,19,0,22.8
2019,1,20,20,0,22.7
2019,1,20,21,0,22.6
2019,1,20,22,0,22.5
2019,1,20,23,0,22.6
2019,1,21,0,0,22.6
2019,1,21,1,0,22.5
2019,1,21,2,0,22.4
2019,1,21,3,0,22.4
2019,1,21,4,0,22.4
2019,1,21,5,0,22.5
2019,1,21,6,55,22.7
2019,1,21,7,25,23
2019,1,21,8,376,23.4
2019,1,21,9,257,23.9
2019,1,21,10,308,24.3
2019,1,21,11,493,24.4
2019,1,21,12,233,24.3
2019,1,21,13,564,24.2
2019,1,21,14,446,24.1
2019,1,21,15,223,24.1
2019,1,21,16,264,23.9
2019,1,21,17,59,23.7
2019,1,21,18,37,23.4
2019,1,21,19,0,23.2
2019,1,21,20,0,23.2
2019,1,21,21,0,23.1
2019,1,21,22,0,23
2019,1,21,23,0,22.9
2019,1,22,0,0,22.8
2019,1,22,1,0,22.7
2019,1,22,2,0,22.6
2019,1,22,3,0,22.5
2019,1,22,4,0,22.5
2019,1,22,5,0,22.7
2019,1,22,6,99,23.2
2019,1,22,7,323,23.7
2019,1,22,8,542,24.7
2019,1,22,9,740,26.1
2019,1,22,10,903,27.5
2019,1,22,11,1008,28.5
2019,1,22,12,1052,29.1
2019,1,22,13,1022,29.2
2019,1,22,14,931,29
2019,1,22,15,784,28.5
2019,1,22,16,471,27.7
2019,1,22,17,373,26.7
2019,1,22,18,157,25.5
2019,1,22,19,0,24.5
2019,1,22,20,0,24.1
2019,1,22,21,0,23.8
2019,1,22,22,0,23.6
2019,1,22,23,0,23.4
2019,1,23,0,0,23.1
2019,1,23,1,0,23
2019,1,23,2,0,22.8
2019,1,23,3,0,22.8
2019,1,23,4,0,22.8
2019,1,23,5,0,23
2019,1,23,6,67,23.6
2019,1,23,7,56,24.6
2019,1,23,8,377,26.2
2019,1,23,9,568,27.2
2019,1,23,10,872,27.4
2019,1,23,11,836,26.8
2019,1,23,12,1012,26.2
2019,1,23,13,996,25.7
2019,1,23,14,719,25.3
2019,1,23,15,485,24.8
2019,1,23,16,348,24.3
2019,1,23,17,226,23.7
2019,1,23,18,93,22.9
2019,1,23,19,0,22.5
2019,1,23,20,0,22.4
2019,1,23,21,0,22.3
2019,1,23,22,0,22.2
2019,1,23,23,0,22.2
2019,1,24,0,0,22.2
2019,1,24,1,0,22.1
2019,1,24,2,0,22
2019,1,24,3,0,22
2019,1,24,4,0,21.9
2019,1,24,5,0,22
2019,1,24,6,101,22.4
2019,1,24,7,298,22.9
2019,1,24,8,46,23.6
2019,1,24,9,86,24.1
2019,1,24,10,322,24.7
2019,1,24,11,208,25.1
2019,1,24,12,390,25.2
2019,1,24,13,712,25.4
2019,1,24,14,406,25.4
2019,1,24,15,350,25.3
2019,1,24,16,237,25
2019,1,24,17,349,24.6
2019,1,24,18,144,24
2019,1,24,19,0,23.5
2019,1,24,20,0,23.3
2019,1,24,21,0,23.1
2019,1,24,22,0,23
2019,1,24,23,0,22.9
2019,1,25,0,0,22.9
2019,1,25,1,0,23.1
2019,1,25,2,0,23.1
2019,1,25,3,0,22.8
2019,1,25,4,0,22.5
2019,1,25,5,0,22.7
2019,1,25,6,104,23.5
2019,1,25,7,305,24.8
2019,1,25,8,519,26
2019,1,25,9,715,27.2
2019,1,25,10,885,28.4
2019,1,25,11,988,29.4
2019,1,25,12,1028,29.9
2019,1,25,13,1000,30
2019,1,25,14,912,29.8
2019,1,25,15,766,29.4
2019,1,25,16,552,28.6
2019,1,25,17,342,27.6
2019,1,25,18,139,26.4
2019,1,25,19,0,25.5
2019,1,25,20,0,25.2
2019,1,25,21,0,24.9
2019,1,25,22,0,24.7
2019,1,25,23,0,24.6
2019,1,26,0,0,24.4
2019,1,26,1,0,24.2
2019,1,26,2,0,24.1
2019,1,26,3,0,24
2019,1,26,4,0,24
2019,1,26,5,0,24.2
2019,1,26,6,102,25.3
2019,1,26,7,303,26.8
2019,1,26,8,516,28.8
2019,1,26,9,711,30.1
2019,1,26,10,867,30.5
2019,1,26,11,970,30.7
2019,1,26,12,1011,30.7
2019,1,26,13,984,30.4
2019,1,26,14,895,29.9
2019,1,26,15,750,29.3
2019,1,26,16,562,28.5
2019,1,26,17,268,27.5
2019,1,26,18,143,26.4
2019,1,26,19,0,25.6
2019,1,26,20,0,25.1
2019,1,26,21,0,24.8
2019,1,26,22,0,24.6
2019,1,26,23,0,24.4
2019,1,27,0,0,24.2
2019,1,27,1,0,24.1
2019,1,27,2,0,23.9
2019,1,27,3,0,23.7
2019,1,27,4,0,23.7
2019,1,27,5,0,23.9
2019,1,27,6,95,24.6
2019,1,27,7,292,25.5
2019,1,27,8,506,26.8
2019,1,27,9,704,28.5
2019,1,27,10,871,30.5
2019,1,27,11,972,31.8
2019,1,27,12,1011,32.3
2019,1,27,13,810,31.6
2019,1,27,14,889,30
2019,1,27,15,736,28.1
2019,1,27,16,33,26.6
2019,1,27,17,177,25.4
2019,1,27,18,26,24.6
2019,1,27,19,0,24.4
2019,1,27,20,0,24.3
2019,1,27,21,0,24.2
2019,1,27,22,0,24.1
2019,1,27,23,0,24
2019,1,28,0,0,23.9
2019,1,28,1,0,23.8
2019,1,28,2,0,23.7
2019,1,28,3,0,23.6
2019,1,28,4,0,23.5
2019,1,28,5,0,23.5
2019,1,28,6,7,23.7
2019,1,28,7,135,24.1
2019,1,28,8,49,24.6
2019,1,28,9,60,25.2
2019,1,28,10,368,25.9
2019,1,28,11,824,26.6
2019,1,28,12,815,26.9
2019,1,28,13,881,27.1
2019,1,28,14,757,27
2019,1,28,15,659,26.6
2019,1,28,16,479,26
2019,1,28,17,334,25.4
2019,1,28,18,132,24.9
2019,1,28,19,0,24.6
2019,1,28,20,0,24.4
2019,1,28,21,0,24.4
2019,1,28,22,0,24.3
2019,1,28,23,0,24.1
2019,1,29,0,0,23.9
2019,1,29,1,0,23.8
2019,1,29,2,0,23.5
2019,1,29,3,0,23.2
2019,1,29,4,0,23
2019,1,29,5,0,23.1
2019,1,29,6,92,23.9
2019,1,29,7,291,24.9
2019,1,29,8,505,25.9
2019,1,29,9,701,26.9
2019,1,29,10,872,28
2019,1,29,11,975,29
2019,1,29,12,1016,29.7
2019,1,29,13,986,29.8
2019,1,29,14,898,29.5
2019,1,29,15,753,28.8
2019,1,29,16,501,27.9
2019,1,29,17,312,26.7
2019,1,29,18,138,25.7
2019,1,29,19,0,25
2019,1,29,20,0,24.6
2019,1,29,21,0,24.4
2019,1,29,22,0,24.1
2019,1,29,23,0,23.8
2019,1,30,0,0,23.5
2019,1,30,1,0,23.3
2019,1,30,2,0,23.2
2019,1,30,3,0,23.1
2019,1,30,4,0,23.1
2019,1,30,5,0,23.3
2019,1,30,6,35,23.9
2019,1,30,7,140,24.4
2019,1,30,8,381,24.9
2019,1,30,9,506,25.5
2019,1,30,10,769,26.2
2019,1,30,11,752,26.9
2019,1,30,12,845,27.6
2019,1,30,13,475,28.1
2019,1,30,14,450,28.4
2019,1,30,15,396,28.4
2019,1,30,16,104,27.9
2019,1,30,17,225,26.9
2019,1,30,18,55,26
2019,1,30,19,0,25.5
2019,1,30,20,0,25.3
2019,1,30,21,0,25
2019,1,30,22,0,24.9
2019,1,30,23,0,24.7
2019,1,31,0,0,24.5
2019,1,31,1,0,24.4
2019,1,31,2,0,24.4
2019,1,31,3,0,24.3
2019,1,31,4,0,24.2
2019,1,31,5,0,24.3
2019,1,31,6,46,25.1
2019,1,31,7,136,26.2
2019,1,31,8,454,28.1
2019,1,31,9,637,30.1
2019,1,31,10,746,31.6
2019,1,31,11,988,33.1
2019,1,31,12,1030,34.2
2019,1,31,13,1002,34.4
2019,1,31,14,911,34
2019,1,31,15,761,33.1
2019,1,31,16,569,31.7
2019,1,31,17,26,30
2019,1,31,18,137,27.6
2019,1,31,19,0,25.9
2019,1,31,20,0,24.5
2019,1,31,21,0,22.6
2019,1,31,22,0,21.1
2019,1,31,23,0,20.2
2019,2,1,0,0,19.7
2019,2,1,1,0,19.6
2019,2,1,2,0,19.6
2019,2,1,3,0,19.8
2019,2,1,4,0,20
2019,2,1,5,0,20.4
2019,2,1,6,27,21
2019,2,1,7,182,21.8
2019,2,1,8,41,22.3
2019,2,1,9,194,22.8
2019,2,1,10,234,23.2
2019,2,1,11,161,23.5
2019,2,1,12,132,23.6
2019,2,1,13,112,23.5
2019,2,1,14,73,23.3
2019,2,1,15,69,22.9
2019,2,1,16,60,22.5
2019,2,1,17,36,22
2019,2,1,18,126,21.4
2019,2,1,19,0,21.3
2019,2,1,20,0,21.4
2019,2,1,21,0,21.6
2019,2,1,22,0,21.8
2019,2,1,23,0,21.8
2019,2,2,0,0,21.9
2019,2,2,1,0,22
2019,2,2,2,0,22.1
2019,2,2,3,0,22.1
2019,2,2,4,0,22.1
2019,2,2,5,0,22.3
2019,2,2,6,7,22.6
2019,2,2,7,87,23.1
2019,2,2,8,51,23.8
2019,2,2,9,101,24.5
2019,2,2,10,181,25
2019,2,2,11,99,25.3
2019,2,2,12,276,25.5
2019,2,2,13,431,25.6
2019,2,2,14,307,25.7
2019,2,2,15,417,25.6
2019,2,2,16,312,25.4
2019,2,2,17,267,25
2019,2,2,18,132,24.5
2019,2,2,19,0,24.1
2019,2,2,20,0,23.9
2019,2,2,21,0,23.7
2019,2,2,22,0,23.5
2019,2,2,23,0,23.4
2019,2,3,0,0,23.3
2019,2,3,1,0,23.2
2019,2,3,2,0,23.1
2019,2,3,3,0,22.9
2019,2,3,4,0,22.7
2019,2,3,5,0,22.9
2019,2,3,6,88,23.7
2019,2,3,7,296,24.8
2019,2,3,8,518,25.9
2019,2,3,9,718,27
2019,2,3,10,880,27.9
2019,2,3,11,988,28.5
2019,2,3,12,1031,28.9
2019,2,3,13,1006,28.9
2019,2,3,14,916,28.6
2019,2,3,15,770,28.1
2019,2,3,16,577,27.3
2019,2,3,17,359,26.3
2019,2,3,18,142,25.2
2019,2,3,19,0,24.5
2019,2,3,20,0,24.2
2019,2,3,21,0,24.1
2019,2,3,22,0,23.8
2019,2,3,23,0,23.6
2019,2,4,0,0,23.3
2019,2,4,1,0,22.9
2019,2,4,2,0,22.6
2019,2,4,3,0,22.4
2019,2,4,4,0,22.3
2019,2,4,5,0,22.5
2019,2,4,6,71,23.3
2019,2,4,7,244,24.5
2019,2,4,8,504,25.9
2019,2,4,9,703,27.4
2019,2,4,10,863,28.6
2019,2,4,11,782,29.2
2019,2,4,12,1008,29.4
2019,2,4,13,981,29.3
2019,2,4,14,746,29.1
2019,2,4,15,564,28.8
2019,2,4,16,66,28.3
2019,2,4,17,74,27.6
2019,2,4,18,53,26.6
2019,2,4,19,0,25.8
2019,2,4,20,0,25.3
2019,2,4,21,0,25
2019,2,4,22,0,24.7
2019,2,4,23,0,24.4
2019,2,5,0,0,24.2
2019,2,5,1,0,23.9
2019,2,5,2,0,23.8
2019,2,5,3,0,23.7
2019,2,5,4,0,23.7
2019,2,5,5,0,23.8
2019,2,5,6,26,24.3
2019,2,5,7,123,24.8
2019,2,5,8,169,25.5
2019,2,5,9,238,25.9
2019,2,5,10,467,26.3
2019,2,5,11,883,26.6
2019,2,5,12,690,26.7
2019,2,5,13,688,26.8
2019,2,5,14,637,26.7
2019,2,5,15,603,26.5
2019,2,5,16,318,26.1
2019,2,5,17,186,25.7
2019,2,5,18,81,25.2
2019,2,5,19,0,24.7
2019,2,5,20,0,24.5
2019,2,5,21,0,24.3
2019,2,5,22,0,24.1
2019,2,5,23,0,23.9
2019,2,6,0,0,23.8
2019,2,6,1,0,23.6
2019,2,6,2,0,23.4
2019,2,6,3,0,23.3
2019,2,6,4,0,23.1
2019,2,6,5,0,23.2
2019,2,6,6,65,24
2019,2,6,7,239,24.9
2019,2,6,8,439,25.8
2019,2,6,9,571,26.5
2019,2,6,10,723,27
2019,2,6,11,891,27.3
2019,2,6,12,907,27.4
2019,2,6,13,886,27.4
2019,2,6,14,745,27.2
2019,2,6,15,748,26.9
2019,2,6,16,560,26.5
2019,2,6,17,345,26
2019,2,6,18,95,25.4
2019,2,6,19,0,24.9
2019,2,6,20,0,24.6
2019,2,6,21,0,24.3
2019,2,6,22,0,24.1
2019,2,6,23,0,23.8
2019,2,7,0,0,23.6
2019,2,7,1,0,23.4
2019,2,7,2,0,23.2
2019,2,7,3,0,23
2019,2,7,4,0,22.8
2019,2,7,5,0,22.9
2019,2,7,6,76,23.9
2019,2,7,7,281,25
2019,2,7,8,504,26
2019,2,7,9,709,26.8
2019,2,7,10,873,27.5
2019,2,7,11,982,27.9
2019,2,7,12,1025,28.1
2019,2,7,13,1000,28
2019,2,7,14,909,27.7
2019,2,7,15,760,27.1
2019,2,7,16,565,26.4
2019,2,7,17,344,25.7
2019,2,7,18,129,24.9
2019,2,7,19,0,24.4
2019,2,7,20,0,24.2
2019,2,7,21,0,24.1
2019,2,7,22,0,23.9
2019,2,7,23,0,23.8
2019,2,8,0,0,23.7
2019,2,8,1,0,23.6
2019,2,8,2,0,23.5
2019,2,8,3,0,23.4
2019,2,8,4,0,23.3
2019,2,8,5,0,23.3
2019,2,8,6,31,23.5
2019,2,8,7,170,23.6
2019,2,8,8,129,24
2019,2,8,9,430,24.9
2019,2,8,10,575,26.5
2019,2,8,11,610,28
2019,2,8,12,783,28.8
2019,2,8,13,786,29.1
2019,2,8,14,733,29
2019,2,8,15,639,28.5
2019,2,8,16,468,27.8
2019,2,8,17,123,27
2019,2,8,18,7,26.2
2019,2,8,19,0,25.4
2019,2,8,20,0,24.7
2019,2,8,21,0,24.1
2019,2,8,22,0,23.6
2019,2,8,23,0,23.1
2019,2,9,0,0,22.5
2019,2,9,1,0,22.4
2019,2,9,2,0,22.4
2019,2,9,3,0,22.4
2019,2,9,4,0,22.3
2019,2,9,5,0,22.3
2019,2,9,6,69,22.5
2019,2,9,7,270,23.2
2019,2,9,8,493,25.1
2019,2,9,9,698,26.9
2019,2,9,10,859,28
2019,2,9,11,960,29
2019,2,9,12,841,29.5
2019,2,9,13,583,29.5
2019,2,9,14,108,29.6
2019,2,9,15,748,29.5
2019,2,9,16,562,29.1
2019,2,9,17,352,28.2
2019,2,9,18,136,26.7
2019,2,9,19,0,25.3
2019,2,9,20,0,24.4
2019,2,9,21,0,23.6
2019,2,9,22,0,22.7
2019,2,9,23,0,21.7
2019,2,10,0,0,20.9
2019,2,10,1,0,20.3
2019,2,10,2,0,19.9
2019,2,10,3,0,19.5
2019,2,10,4,0,19
2019,2,10,5,0,18.9
2019,2,10,6,77,19.7
2019,2,10,7,293,20.6
2019,2,10,8,524,21.3
2019,2,10,9,734,21.9
2019,2,10,10,900,22.4
2019,2,10,11,1011,22.8
2019,2,10,12,1056,23.2
2019,2,10,13,1032,23.4
2019,2,10,14,937,23.3
2019,2,10,15,783,22.9
2019,2,10,16,583,22.3
2019,2,10,17,357,21.6
2019,2,10,18,133,20.7
2019,2,10,19,0,20.2
2019,2,10,20,0,20
2019,2,10,21,0,19.9
2019,2,10,22,0,20
2019,2,10,23,0,19.9
2019,2,11,0,0,19.8
2019,2,11,1,0,19.5
2019,2,11,2,0,19.4
2019,2,11,3,0,19.3
2019,2,11,4,0,19.2
2019,2,11,5,0,19.2
2019,2,11,6,70,20.4
2019,2,11,7,279,21.9
2019,2,11,8,504,23
2019,2,11,9,710,24.2
2019,2,11,10,878,25.3
2019,2,11,11,984,26.3
2019,2,11,12,1027,27.2
2019,2,11,13,1002,27.8
2019,2,11,14,910,28
2019,2,11,15,760,27.9
2019,2,11,16,564,27.2
2019,2,11,17,340,26.1
2019,2,11,18,123,24.8
2019,2,11,19,0,23.9
2019,2,11,20,0,23.5
2019,2,11,21,0,23.2
2019,2,11,22,0,22.8
2019,2,11,23,0,22.4
2019,2,12,0,0,22
2019,2,12,1,0,21.6
2019,2,12,2,0,21.2
2019,2,12,3,0,20.7
2019,2,12,4,0,20.2
2019,2,12,5,0,20
2019,2,12,6,73,21.2
2019,2,12,7,289,22.9
2019,2,12,8,523,25.6
2019,2,12,9,731,27.9
2019,2,12,10,899,29.4
2019,2,12,11,1007,30.3
2019,2,12,12,1048,31
2019,2,12,13,1023,31.5
2019,2,12,14,928,31.6
2019,2,12,15,775,31.4
2019,2,12,16,576,31
2019,2,12,17,347,30.4
2019,2,12,18,124,28.9
2019,2,12,19,0,28
2019,2,12,20,0,27.4
2019,2,12,21,0,26.9
2019,2,12,22,0,26.4
2019,2,12,23,0,25.9
2019,2,13,0,0,25.1
2019,2,13,1,0,24.7
2019,2,13,2,0,23.9
2019,2,13,3,0,22.9
2019,2,13,4,0,21.9
2019,2,13,5,0,21.3
2019,2,13,6,36,21.3
2019,2,13,7,205,21.7
2019,2,13,8,321,22.4
2019,2,13,9,516,23.1
2019,2,13,10,832,23.9
2019,2,13,11,950,24.6
2019,2,13,12,1006,25.2
2019,2,13,13,991,25.1
2019,2,13,14,897,24.4
2019,2,13,15,747,23.4
2019,2,13,16,552,22.4
2019,2,13,17,332,21.7
2019,2,13,18,118,21
2019,2,13,19,0,20.8
2019,2,13,20,0,20.7
2019,2,13,21,0,20.6
2019,2,13,22,0,20.5
2019,2,13,23,0,20.4
2019,2,14,0,0,20.2
2019,2,14,1,0,20
2019,2,14,2,0,19.7
2019,2,14,3,0,19.5
2019,2,14,4,0,19.4
2019,2,14,5,0,19.5
2019,2,14,6,31,20.6
2019,2,14,7,173,21.5
2019,2,14,8,490,22.3
2019,2,14,9,481,22.9
2019,2,14,10,557,23.5
2019,2,14,11,364,23.8
2019,2,14,12,450,24.1
2019,2,14,13,995,24.3
2019,2,14,14,905,24.4
2019,2,14,15,755,24.3
2019,2,14,16,555,23.9
2019,2,14,17,332,23.4
2019,2,14,18,115,22.6
2019,2,14,19,0,22.1
2019,2,14,20,0,22
2019,2,14,21,0,21.8
2019,2,14,22,0,21.6
2019,2,14,23,0,21.4
2019,2,15,0,0,21.2
2019,2,15,1,0,21
2019,2,15,2,0,20.9
2019,2,15,3,0,20.9
2019,2,15,4,0,20.9
2019,2,15,5,0,21
2019,2,15,6,60,21.8
2019,2,15,7,264,23
2019,2,15,8,491,23.9
2019,2,15,9,699,24.7
2019,2,15,10,868,25.3
2019,2,15,11,976,25.7
2019,2,15,12,1021,25.9
2019,2,15,13,999,25.9
2019,2,15,14,908,25.7
2019,2,15,15,758,25.2
2019,2,15,16,559,24.6
2019,2,15,17,336,23.8
2019,2,15,18,117,23
2019,2,15,19,0,22.4
2019,2,15,20,0,22.2
2019,2,15,21,0,22
2019,2,15,22,0,21.8
2019,2,15,23,0,21.6
2019,2,16,0,0,21.5
2019,2,16,1,0,21.4
2019,2,16,2,0,21.3
2019,2,16,3,0,21.2
2019,2,16,4,0,21.2
2019,2,16,5,0,21.2
2019,2,16,6,34,22.1
2019,2,16,7,263,23.3
2019,2,16,8,488,24.2
2019,2,16,9,693,25
2019,2,16,10,854,25.6
2019,2,16,11,962,26
2019,2,16,12,886,26.2
2019,2,16,13,828,26.4
2019,2,16,14,793,26.3
2019,2,16,15,733,25.8
2019,2,16,16,477,25.2
2019,2,16,17,224,24.5
2019,2,16,18,68,23.8
2019,2,16,19,0,23.4
2019,2,16,20,0,23.3
2019,2,16,21,0,23.1
2019,2,16,22,0,22.8
2019,2,16,23,0,22.6
2019,2,17,0,0,22.2
2019,2,17,1,0,21.9
2019,2,17,2,0,21.6
2019,2,17,3,0,21.3
2019,2,17,4,0,21.1
2019,2,17,5,0,20.9
2019,2,17,6,52,21.9
2019,2,17,7,252,23.4
2019,2,17,8,475,25
2019,2,17,9,682,26.3
2019,2,17,10,857,27.3
2019,2,17,11,966,28.1
2019,2,17,12,1013,28.5
2019,2,17,13,989,28.6
2019,2,17,14,900,28.4
2019,2,17,15,748,27.9
2019,2,17,16,549,27.2
2019,2,17,17,324,26.1
2019,2,17,18,106,24.9
2019,2,17,19,0,24
2019,2,17,20,0,23.7
2019,2,17,21,0,23.4
2019,2,17,22,0,23.1
2019,2,17,23,0,22.8
2019,2,18,0,0,22.4
2019,2,18,1,0,22.1
2019,2,18,2,0,21.8
2019,2,18,3,0,21.6
2019,2,18,4,0,21.4
2019,2,18,5,0,21.3
2019,2,18,6,51,22.3
2019,2,18,7,251,23.9
2019,2,18,8,476,25.4
2019,2,18,9,681,26.9
2019,2,18,10,842,28.3
2019,2,18,11,951,29.5
2019,2,18,12,995,30.2
2019,2,18,13,964,30.4
2019,2,18,14,871,30.2
2019,2,18,15,720,29.7
2019,2,18,16,523,28.9
2019,2,18,17,303,27.6
2019,2,18,18,95,26.1
2019,2,18,19,0,25.1
2019,2,18,20,0,24.6
2019,2,18,21,0,24.2
2019,2,18,22,0,23.9
2019,2,18,23,0,23.5
2019,2,19,0,0,23.2
2019,2,19,1,0,22.9
2019,2,19,2,0,22.6
2019,2,19,3,0,22.4
2019,2,19,4,0,22.1
2019,2,19,5,0,22
2019,2,19,6,36,22.6
2019,2,19,7,229,23.7
2019,2,19,8,447,24.9
2019,2,19,9,648,26.6
2019,2,19,10,816,28.8
2019,2,19,11,921,29.9
2019,2,19,12,960,29.3
2019,2,19,13,909,27.5
2019,2,19,14,304,25.7
2019,2,19,15,549,24.5
2019,2,19,16,115,23.6
2019,2,19,17,149,22.8
2019,2,19,18,69,22.1
2019,2,19,19,0,21.7
2019,2,19,20,0,21.7
2019,2,19,21,0,21.5
2019,2,19,22,0,21.4
2019,2,19,23,0,21.3
2019,2,20,0,0,21.1
2019,2,20,1,0,21
2019,2,20,2,0,21
2019,2,20,3,0,21
2019,2,20,4,0,21
2019,2,20,5,0,21.1
2019,2,20,6,21,21.4
2019,2,20,7,216,21.8
2019,2,20,8,88,22.3
2019,2,20,9,56,22.9
2019,2,20,10,72,23.4
2019,2,20,11,157,23.7
2019,2,20,12,78,23.9
2019,2,20,13,165,23.8
2019,2,20,14,71,23.7
2019,2,20,15,190,23.6
2019,2,20,16,64,23.3
2019,2,20,17,287,22.9
2019,2,20,18,24,22.5
2019,2,20,19,0,22.3
2019,2,20,20,0,22.4
2019,2,20,21,0,22.5
2019,2,20,22,0,22.4
2019,2,20,23,0,22.4
2019,2,21,0,0,22.3
2019,2,21,1,0,22.2
2019,2,21,2,0,22
2019,2,21,3,0,21.9
2019,2,21,4,0,21.9
2019,2,21,5,0,21.9
2019,2,21,6,4,22.3
2019,2,21,7,16,22.7
2019,2,21,8,78,23.2
2019,2,21,9,121,23.8
2019,2,21,10,72,24.3
2019,2,21,11,137,24.5
2019,2,21,12,375,24.6
2019,2,21,13,132,24.6
2019,2,21,14,133,24.5
2019,2,21,15,185,24.2
2019,2,21,16,115,23.6
2019,2,21,17,292,23
2019,2,21,18,16,22.3
2019,2,21,19,0,22
2019,2,21,20,0,21.8
2019,2,21,21,0,21.6
2019,2,21,22,0,21.5
2019,2,21,23,0,21.3
2019,2,22,0,0,21.1
2019,2,22,1,0,21
2019,2,22,2,0,21
2019,2,22,3,0,20.9
2019,2,22,4,0,20.7
2019,2,22,5,0,20.7
2019,2,22,6,40,21.4
2019,2,22,7,229,22.1
2019,2,22,8,73,22.7
2019,2,22,9,307,23.3
2019,2,22,10,346,23.4
2019,2,22,11,769,23.7
2019,2,22,12,97,24
2019,2,22,13,696,24
2019,2,22,14,354,23.9
2019,2,22,15,327,23.7
2019,2,22,16,516,23.3
2019,2,22,17,296,22.8
2019,2,22,18,36,22.2
2019,2,22,19,0,22
2019,2,22,20,0,21.9
2019,2,22,21,0,22.2
2019,2,22,22,0,22.1
2019,2,22,23,0,22
2019,2,23,0,0,21.9
2019,2,23,1,0,21.8
2019,2,23,2,0,21.7
2019,2,23,3,0,21.7
2019,2,23,4,0,21.6
2019,2,23,5,0,21.6
2019,2,23,6,21,22
2019,2,23,7,235,22.4
2019,2,23,8,36,23
2019,2,23,9,74,23.4
2019,2,23,10,463,23.8
2019,2,23,11,479,24.1
2019,2,23,12,80,24.1
2019,2,23,13,79,24.2
2019,2,23,14,73,24.1
2019,2,23,15,193,23.8
2019,2,23,16,515,23.4
2019,2,23,17,193,22.9
2019,2,23,18,83,22.2
2019,2,23,19,0,21.9
2019,2,23,20,0,22
2019,2,23,21,0,22
2019,2,23,22,0,21.8
2019,2,23,23,0,21.7
2019,2,24,0,0,21.4
2019,2,24,1,0,21.2
2019,2,24,2,0,21
2019,2,24,3,0,20.9
2019,2,24,4,0,21.1
2019,2,24,5,0,21.2
2019,2,24,6,32,21.7
2019,2,24,7,217,22.2
2019,2,24,8,230,22.6
2019,2,24,9,424,23.2
2019,2,24,10,822,23.5
2019,2,24,11,726,23.6
2019,2,24,12,794,23.7
2019,2,24,13,186,23.8
2019,2,24,14,858,23.8
2019,2,24,15,704,23.6
2019,2,24,16,505,23.3
2019,2,24,17,283,22.8
2019,2,24,18,76,22.3
2019,2,24,19,0,22.1
2019,2,24,20,0,22.1
2019,2,24,21,0,21.9
2019,2,24,22,0,21.9
2019,2,24,23,0,21.7
2019,2,25,0,0,21.7
2019,2,25,1,0,21.5
2019,2,25,2,0,21.5
2019,2,25,3,0,21.4
2019,2,25,4,0,21.3
2019,2,25,5,0,21.2
2019,2,25,6,17,21.7
2019,2,25,7,219,22.3
2019,2,25,8,441,22.8
2019,2,25,9,649,23.4
2019,2,25,10,818,24
2019,2,25,11,930,24.5
2019,2,25,12,979,24.8
2019,2,25,13,955,24.9
2019,2,25,14,864,24.7
2019,2,25,15,712,24.3
2019,2,25,16,516,23.8
2019,2,25,17,293,23.1
2019,2,25,18,81,22.2
2019,2,25,19,0,21.7
2019,2,25,20,0,21.4
2019,2,25,21,0,21.1
2019,2,25,22,0,20.9
2019,2,25,23,0,20.6
2019,2,26,0,0,20.4
2019,2,26,1,0,20.3
2019,2,26,2,0,20.1
2019,2,26,3,0,20
2019,2,26,4,0,19.8
2019,2,26,5,0,19.7
2019,2,26,6,35,20.3
2019,2,26,7,229,21.6
2019,2,26,8,452,23.1
2019,2,26,9,660,24.4
2019,2,26,10,831,25.5
2019,2,26,11,941,26.5
2019,2,26,12,771,27.2
2019,2,26,13,795,27.5
2019,2,26,14,540,27.1
2019,2,26,15,612,26.5
2019,2,26,16,446,25.8
2019,2,26,17,240,25.1
2019,2,26,18,66,24.3
2019,2,26,19,0,23.8
2019,2,26,20,0,23.4
2019,2,26,21,0,23.1
2019,2,26,22,0,22.9
2019,2,26,23,0,22.7
2019,2,27,0,0,22.7
2019,2,27,1,0,22.6
2019,2,27,2,0,22.6
2019,2,27,3,0,22.6
2019,2,27,4,0,22.4
2019,2,27,5,0,22.2
2019,2,27,6,19,22.8
2019,2,27,7,217,24.1
2019,2,27,8,434,24.9
2019,2,27,9,637,25.6
2019,2,27,10,794,26.1
2019,2,27,11,756,26.2
2019,2,27,12,940,26.2
2019,2,27,13,695,26
2019,2,27,14,544,25.7
2019,2,27,15,288,25.4
2019,2,27,16,371,24.9
2019,2,27,17,233,24.3
2019,2,27,18,65,23.7
2019,2,27,19,0,23.5
2019,2,27,20,0,23.4
2019,2,27,21,0,23.3
2019,2,27,22,0,23.3
2019,2,27,23,0,23.3
2019,2,28,0,0,23.4
2019,2,28,1,0,23.3
2019,2,28,2,0,23.3
2019,2,28,3,0,23.3
2019,2,28,4,0,23.1
2019,2,28,5,0,23
2019,2,28,6,18,23.2
2019,2,28,7,188,24.1
2019,2,28,8,439,25.3
2019,2,28,9,644,26.2
2019,2,28,10,731,27
2019,2,28,11,789,27.5
2019,2,28,12,758,27.8
2019,2,28,13,683,27.9
2019,2,28,14,737,27.8
2019,2,28,15,553,27.4
2019,2,28,16,448,26.7
2019,2,28,17,273,25.7
2019,2,28,18,57,24.5
2019,2,28,19,0,24
2019,2,28,20,0,23.9
2019,2,28,21,0,23.9
2019,2,28,22,0,23.8
2019,2,28,23,0,23.7
2019,3,1,0,0,23.6
2019,3,1,1,0,23.5
2019,3,1,2,0,23.3
2019,3,1,3,0,23.1
2019,3,1,4,0,22.9
2019,3,1,5,0,22.8
2019,3,1,6,16,23.2
2019,3,1,7,117,24
2019,3,1,8,252,24.9
2019,3,1,9,513,25.8
2019,3,1,10,544,26.7
2019,3,1,11,909,27.3
2019,3,1,12,952,27.5
2019,3,1,13,926,27.5
2019,3,1,14,832,27.1
2019,3,1,15,681,26.7
2019,3,1,16,485,26
2019,3,1,17,172,25.2
2019,3,1,18,37,24.4
2019,3,1,19,0,24
2019,3,1,20,0,23.7
2019,3,1,21,0,23.5
2019,3,1,22,0,23.3
2019,3,1,23,0,23.1
2019,3,2,0,0,22.9
2019,3,2,1,0,22.9
2019,3,2,2,0,22.8
2019,3,2,3,0,22.6
2019,3,2,4,0,22.4
2019,3,2,5,0,22.4
2019,3,2,6,20,23
2019,3,2,7,158,23.9
2019,3,2,8,313,24.9
2019,3,2,9,633,25.7
2019,3,2,10,805,26.3
2019,3,2,11,750,26.7
2019,3,2,12,964,26.9
2019,3,2,13,778,26.8
2019,3,2,14,712,26.6
2019,3,2,15,469,26.1
2019,3,2,16,417,25.6
2019,3,2,17,265,24.9
2019,3,2,18,61,24.2
2019,3,2,19,0,23.9
2019,3,2,20,0,23.7
2019,3,2,21,0,23.5
2019,3,2,22,0,23.4
2019,3,2,23,0,23.3
2019,3,3,0,0,23.2
2019,3,3,1,0,23
2019,3,3,2,0,22.7
2019,3,3,3,0,22.5
2019,3,3,4,0,22.3
2019,3,3,5,0,22.1
2019,3,3,6,25,22.8
2019,3,3,7,171,23.9
2019,3,3,8,428,24.9
2019,3,3,9,630,25.9
2019,3,3,10,796,26.8
2019,3,3,11,903,27.4
2019,3,3,12,944,27.8
2019,3,3,13,919,27.9
2019,3,3,14,824,27.8
2019,3,3,15,673,27.5
2019,3,3,16,477,26.8
2019,3,3,17,259,25.8
2019,3,3,18,57,24.8
2019,3,3,19,0,24.3
2019,3,3,20,0,24.1
2019,3,3,21,0,23.9
2019,3,3,22,0,23.7
2019,3,3,23,0,23.5
2019,3,4,0,0,23.2
2019,3,4,1,0,22.8
2019,3,4,2,0,22.5
2019,3,4,3,0,22.2
2019,3,4,4,0,22
2019,3,4,5,0,21.8
2019,3,4,6,23,22.7
2019,3,4,7,205,24
2019,3,4,8,425,25.3
2019,3,4,9,630,26.5
2019,3,4,10,796,27.5
2019,3,4,11,905,28.1
2019,3,4,12,949,28.4
2019,3,4,13,909,28.4
2019,3,4,14,814,28.1
2019,3,4,15,567,27.6
2019,3,4,16,417,26.7
2019,3,4,17,224,25.7
2019,3,4,18,47,24.5
2019,3,4,19,0,24
2019,3,4,20,0,23.8
2019,3,4,21,0,23.6
2019,3,4,22,0,23.4
2019,3,4,23,0,23.2
2019,3,5,0,0,23
2019,3,5,1,0,22.8
2019,3,5,2,0,22.6
2019,3,5,3,0,22.4
2019,3,5,4,0,22.2
2019,3,5,5,0,22
2019,3,5,6,19,22.6
2019,3,5,7,196,23.4
2019,3,5,8,411,24.4
2019,3,5,9,610,25.6
2019,3,5,10,760,26.9
2019,3,5,11,866,27.9
2019,3,5,12,905,28.6
2019,3,5,13,889,29
2019,3,5,14,792,29
2019,3,5,15,291,28.6
2019,3,5,16,24,27.7
2019,3,5,17,219,26.4
2019,3,5,18,39,25.2
2019,3,5,19,0,24.6
2019,3,5,20,0,24.4
2019,3,5,21,0,24.1
2019,3,5,22,0,23.8
2019,3,5,23,0,23.5
2019,3,6,0,0,23.2
2019,3,6,1,0,23
2019,3,6,2,0,22.8
2019,3,6,3,0,22.7
2019,3,6,4,0,22.6
2019,3,6,5,0,22.5
2019,3,6,6,5,23.4
2019,3,6,7,184,24.9
2019,3,6,8,413,27
2019,3,6,9,610,28.6
2019,3,6,10,312,29.4
2019,3,6,11,383,30.3
2019,3,6,12,358,30.7
2019,3,6,13,117,30
2019,3,6,14,55,27.9
2019,3,6,15,79,26
2019,3,6,16,142,25.7
2019,3,6,17,11,25.9
2019,3,6,18,12,25.3
2019,3,6,19,0,24.7
2019,3,6,20,0,23.5
2019,3,6,21,0,21.6
2019,3,6,22,0,20.2
2019,3,6,23,0,19.6
2019,3,7,0,0,19.4
2019,3,7,1,0,19.5
2019,3,7,2,0,19.6
2019,3,7,3,0,19.8
2019,3,7,4,0,19.9
2019,3,7,5,0,19.8
2019,3,7,6,4,20.1
2019,3,7,7,190,20.6
2019,3,7,8,201,21.2
2019,3,7,9,165,21.7
2019,3,7,10,466,22.1
2019,3,7,11,200,22.4
2019,3,7,12,288,22.6
2019,3,7,13,250,22.7
2019,3,7,14,278,22.6
2019,3,7,15,156,22.3
2019,3,7,16,121,22
2019,3,7,17,240,21.7
2019,3,7,18,44,21.1
2019,3,7,19,0,20.8
2019,3,7,20,0,20.8
2019,3,7,21,0,20.7
2019,3,7,22,0,20.7
2019,3,7,23,0,20.8
2019,3,8,0,0,20.8
2019,3,8,1,0,20.8
2019,3,8,2,0,20.6
2019,3,8,3,0,20.5
2019,3,8,4,0,20.3
2019,3,8,5,0,20.1
2019,3,8,6,15,20.8
2019,3,8,7,184,22.1
2019,3,8,8,397,23.4
2019,3,8,9,596,24.5
2019,3,8,10,562,25.6
2019,3,8,11,875,26.7
2019,3,8,12,916,27.5
2019,3,8,13,891,28
2019,3,8,14,794,28.1
2019,3,8,15,583,27.8
2019,3,8,16,440,26.9
2019,3,8,17,204,25.5
2019,3,8,18,37,24.3
2019,3,8,19,0,23.9
2019,3,8,20,0,23.7
2019,3,8,21,0,23.7
2019,3,8,22,0,23.7
2019,3,8,23,0,23.6
2019,3,9,0,0,23.5
2019,3,9,1,0,23.4
2019,3,9,2,0,23.2
2019,3,9,3,0,23.1
2019,3,9,4,0,23
2019,3,9,5,0,22.9
2019,3,9,6,10,22.9
2019,3,9,7,77,23.1
2019,3,9,8,32,23.2
2019,3,9,9,81,23.4
2019,3,9,10,54,23.5
2019,3,9,11,572,24
2019,3,9,12,116,25.1
2019,3,9,13,322,25.8
2019,3,9,14,55,25.4
2019,3,9,15,118,24.8
2019,3,9,16,111,24.1
2019,3,9,17,159,23.3
2019,3,9,18,24,22.5
2019,3,9,19,0,22.3
2019,3,9,20,0,22.2
2019,3,9,21,0,22.2
2019,3,9,22,0,22.2
2019,3,9,23,0,22.2
2019,3,10,0,0,22.2
2019,3,10,1,0,22.2
2019,3,10,2,0,22.1
2019,3,10,3,0,22.2
2019,3,10,4,0,22.3
2019,3,10,5,0,22.3
2019,3,10,6,14,22.5
2019,3,10,7,180,23.1
2019,3,10,8,178,23.9
2019,3,10,9,440,25.1
2019,3,10,10,610,26.4
2019,3,10,11,862,27.5
2019,3,10,12,900,28.5
2019,3,10,13,877,29.2
2019,3,10,14,780,29.6
2019,3,10,15,458,29.7
2019,3,10,16,369,29.2
2019,3,10,17,194,28
2019,3,10,18,32,26.4
2019,3,10,19,0,25.9
2019,3,10,20,0,25.9
2019,3,10,21,0,25.9
2019,3,10,22,0,25.6
2019,3,10,23,0,25.3
2019,3,11,0,0,25.1
2019,3,11,1,0,24.7
2019,3,11,2,0,24.4
2019,3,11,3,0,23.9
2019,3,11,4,0,23.4
2019,3,11,5,0,22.8
2019,3,11,6,14,23.2
2019,3,11,7,178,24.1
2019,3,11,8,383,24.7
2019,3,11,9,377,25.2
2019,3,11,10,771,25.7
2019,3,11,11,874,26
2019,3,11,12,912,26.2
2019,3,11,13,879,26.1
2019,3,11,14,783,25.8
2019,3,11,15,629,25.3
2019,3,11,16,433,24.6
2019,3,11,17,218,23.6
2019,3,11,18,31,22.7
2019,3,11,19,0,22.3
2019,3,11,20,0,22.2
2019,3,11,21,0,22.1
2019,3,11,22,0,22
2019,3,11,23,0,22.1
2019,3,12,0,0,22.1
2019,3,12,1,0,22.1
2019,3,12,2,0,22
2019,3,12,3,0,21.7
2019,3,12,4,0,21.5
2019,3,12,5,0,21.3
2019,3,12,6,13,21.9
2019,3,12,7,188,23.4
2019,3,12,8,411,25.6
2019,3,12,9,617,27.2
2019,3,12,10,784,28.1
2019,3,12,11,895,29.2
2019,3,12,12,935,30.6
2019,3,12,13,904,31.5
2019,3,12,14,805,31.8
2019,3,12,15,647,31.5
2019,3,12,16,367,30.5
2019,3,12,17,226,28.3
2019,3,12,18,32,26.1
2019,3,12,19,0,24.9
2019,3,12,20,0,24.1
2019,3,12,21,0,23.1
2019,3,12,22,0,22.1
2019,3,12,23,0,21.4
2019,3,13,0,0,20.9
2019,3,13,1,0,20.6
2019,3,13,2,0,20.4
2019,3,13,3,0,20.4
2019,3,13,4,0,20.4
2019,3,13,5,0,20.4
2019,3,13,6,1,20.6
2019,3,13,7,21,21
2019,3,13,8,29,21.6
2019,3,13,9,144,22.1
2019,3,13,10,262,22.6
2019,3,13,11,136,22.9
2019,3,13,12,62,23.1
2019,3,13,13,72,23.2
2019,3,13,14,263,23.2
2019,3,13,15,182,23.1
2019,3,13,16,32,22.9
2019,3,13,17,27,22.6
2019,3,13,18,6,22.3
2019,3,13,19,0,22.3
2019,3,13,20,0,22.4
2019,3,13,21,0,22.5
2019,3,13,22,0,22.6
2019,3,13,23,0,22.6
2019,3,14,0,0,22.6
2019,3,14,1,0,22.6
2019,3,14,2,0,22.4
2019,3,14,3,0,22.4
2019,3,14,4,0,22.4
2019,3,14,5,0,22.3
2019,3,14,6,0,22.7
2019,3,14,7,32,23.3
2019,3,14,8,180,24
2019,3,14,9,142,24.7
2019,3,14,10,327,25.3
2019,3,14,11,508,25.8
2019,3,14,12,635,26.2
2019,3,14,13,669,26.3
2019,3,14,14,723,26.1
2019,3,14,15,574,25.7
2019,3,14,16,35,25
2019,3,14,17,9,24.1
2019,3,14,18,3,23.3
2019,3,14,19,0,22.7
2019,3,14,20,0,22.2
2019,3,14,21,0,21.9
2019,3,14,22,0,21.7
2019,3,14,23,0,21.3
2019,3,15,0,0,21
2019,3,15,1,0,20.7
2019,3,15,2,0,20.5
2019,3,15,3,0,20.2
2019,3,15,4,0,20.1
2019,3,15,5,0,20.2
2019,3,15,6,0,20.6
2019,3,15,7,162,21.1
2019,3,15,8,30,21.6
2019,3,15,9,77,22.1
2019,3,15,10,365,22.4
2019,3,15,11,229,22.5
2019,3,15,12,81,22.6
2019,3,15,13,605,22.8
2019,3,15,14,600,22.9
2019,3,15,15,590,22.8
2019,3,15,16,394,22.5
2019,3,15,17,186,22
2019,3,15,18,12,21.4
2019,3,15,19,0,21.1
2019,3,15,20,0,21
2019,3,15,21,0,20.9
2019,3,15,22,0,20.9
2019,3,15,23,0,20.8
2019,3,16,0,0,20.7
2019,3,16,1,0,20.7
2019,3,16,2,0,20.9
2019,3,16,3,0,21.1
2019,3,16,4,0,21.3
2019,3,16,5,0,21.5
2019,3,16,6,0,22
2019,3,16,7,138,22.5
2019,3,16,8,207,22.9
2019,3,16,9,210,23.3
2019,3,16,10,245,23.4
2019,3,16,11,447,23.2
2019,3,16,12,642,22.9
2019,3,16,13,559,22.5
2019,3,16,14,127,22.2
2019,3,16,15,185,21.9
2019,3,16,16,20,21.7
2019,3,16,17,17,21.5
2019,3,16,18,4,21.3
2019,3,16,19,0,21.3
2019,3,16,20,0,21.4
2019,3,16,21,0,21.3
2019,3,16,22,0,21.3
2019,3,16,23,0,21.4
2019,3,17,0,0,21.4
2019,3,17,1,0,21.4
2019,3,17,2,0,21.4
2019,3,17,3,0,21.3
2019,3,17,4,0,21.3
2019,3,17,5,0,21.2
2019,3,17,6,0,21.3
2019,3,17,7,8,21.3
2019,3,17,8,17,21.3
2019,3,17,9,40,21.3
2019,3,17,10,50,21.5
2019,3,17,11,58,22
2019,3,17,12,65,22.4
2019,3,17,13,67,22.7
2019,3,17,14,161,22.8
2019,3,17,15,466,22.5
2019,3,17,16,315,22.2
2019,3,17,17,141,21.9
2019,3,17,18,8,21.7
2019,3,17,19,0,21.6
2019,3,17,20,0,21.5
2019,3,17,21,0,21.3
2019,3,17,22,0,21.1
2019,3,17,23,0,20.8
2019,3,18,0,0,20.3
2019,3,18,1,0,19.9
2019,3,18,2,0,19.5
2019,3,18,3,0,19.2
2019,3,18,4,0,19.1
2019,3,18,5,0,19
2019,3,18,6,0,19.1
2019,3,18,7,97,19.4
2019,3,18,8,377,20
2019,3,18,9,83,20.7
2019,3,18,10,267,21.4
2019,3,18,11,596,22.1
2019,3,18,12,187,22.4
2019,3,18,13,179,22.5
2019,3,18,14,83,22.3
2019,3,18,15,166,22
2019,3,18,16,187,21.6
2019,3,18,17,55,21.1
2019,3,18,18,4,20.6
2019,3,18,19,0,20.6
2019,3,18,20,0,20.6
2019,3,18,21,0,20.7
2019,3,18,22,0,20.9
2019,3,18,23,0,21
2019,3,19,0,0,21
2019,3,19,1,0,21
2019,3,19,2,0,20.9
2019,3,19,3,0,20.9
2019,3,19,4,0,20.9
2019,3,19,5,0,20.9
2019,3,19,6,0,21.2
2019,3,19,7,121,22
2019,3,19,8,300,22.5
2019,3,19,9,440,23.1
2019,3,19,10,485,23.5
2019,3,19,11,558,23.8
2019,3,19,12,69,23.9
2019,3,19,13,506,23.9
2019,3,19,14,541,23.8
2019,3,19,15,396,23.5
2019,3,19,16,135,23.1
2019,3,19,17,117,22.4
2019,3,19,18,13,21.6
2019,3,19,19,0,21.4
2019,3,19,20,0,21.4
2019,3,19,21,0,21.3
2019,3,19,22,0,21.4
2019,3,19,23,0,21.3
2019,3,20,0,0,21.3
2019,3,20,1,0,21.1
2019,3,20,2,0,21
2019,3,20,3,0,21
2019,3,20,4,0,20.9
2019,3,20,5,0,20.9
2019,3,20,6,0,21.3
2019,3,20,7,124,21.8
2019,3,20,8,368,22.4
2019,3,20,9,396,23.2
2019,3,20,10,594,23.9
2019,3,20,11,588,24.3
2019,3,20,12,515,24.6
2019,3,20,13,535,24.7
2019,3,20,14,731,24.5
2019,3,20,15,390,24.3
2019,3,20,16,388,23.8
2019,3,20,17,179,23.2
2019,3,20,18,12,22.4
2019,3,20,19,0,22
2019,3,20,20,0,21.8
2019,3,20,21,0,21.6
2019,3,20,22,0,21.5
2019,3,20,23,0,21.3
2019,3,21,0,0,21.2
2019,3,21,1,0,21.1
2019,3,21,2,0,21
2019,3,21,3,0,21
2019,3,21,4,0,21
2019,3,21,5,0,20.9
2019,3,21,6,0,21.3
2019,3,21,7,99,21.9
2019,3,21,8,166,22.7
2019,3,21,9,357,23.5
2019,3,21,10,399,24.1
2019,3,21,11,545,24.5
2019,3,21,12,596,24.7
2019,3,21,13,338,24.8
2019,3,21,14,728,24.6
2019,3,21,15,454,24.3
2019,3,21,16,384,23.9
2019,3,21,17,173,23.3
2019,3,21,18,0,22.6
2019,3,21,19,0,22.3
2019,3,21,20,0,22.2
2019,3,21,21,0,22.1
2019,3,21,22,0,22.1
2019,3,21,23,0,22
2019,3,22,0,0,21.9
2019,3,22,1,0,21.7
2019,3,22,2,0,21.6
2019,3,22,3,0,21.5
2019,3,22,4,0,21.5
2019,3,22,5,0,21.6
2019,3,22,6,0,21.8
2019,3,22,7,31,22.4
2019,3,22,8,243,23
2019,3,22,9,278,23.9
2019,3,22,10,522,24.5
2019,3,22,11,403,24.7
2019,3,22,12,713,24.9
2019,3,22,13,603,25
2019,3,22,14,593,24.8
2019,3,22,15,443,24.3
2019,3,22,16,214,23.7
2019,3,22,17,148,23
2019,3,22,18,0,22.6
2019,3,22,19,0,22.3
2019,3,22,20,0,22.2
2019,3,22,21,0,22.1
2019,3,22,22,0,22
2019,3,22,23,0,21.8
2019,3,23,0,0,21.6
2019,3,23,1,0,21.4
2019,3,23,2,0,21.3
2019,3,23,3,0,21.3
2019,3,23,4,0,21.2
2019,3,23,5,0,21.1
2019,3,23,6,0,21.2
2019,3,23,7,148,21.7
2019,3,23,8,355,22.3
2019,3,23,9,549,23.4
2019,3,23,10,716,24.5
2019,3,23,11,812,25.3
2019,3,23,12,842,26
2019,3,23,13,807,26.1
2019,3,23,14,427,25.6
2019,3,23,15,267,24.9
2019,3,23,16,138,24.4
2019,3,23,17,86,23.9
2019,3,23,18,0,23.2
2019,3,23,19,0,22.9
2019,3,23,20,0,22.9
2019,3,23,21,0,22.9
2019,3,23,22,0,22.9
2019,3,23,23,0,22.8
2019,3,24,0,0,22.5
2019,3,24,1,0,22.3
2019,3,24,2,0,22
2019,3,24,3,0,21.8
2019,3,24,4,0,21.6
2019,3,24,5,0,21.4
2019,3,24,6,0,21.5
2019,3,24,7,16,22
2019,3,24,8,250,23.2
2019,3,24,9,542,25.3
2019,3,24,10,693,26.9
2019,3,24,11,789,27.5
2019,3,24,12,822,27.4
2019,3,24,13,656,26.8
2019,3,24,14,571,26.6
2019,3,24,15,318,26.4
2019,3,24,16,134,25.8
2019,3,24,17,8,24.9
2019,3,24,18,0,24.1
2019,3,24,19,0,23.9
2019,3,24,20,0,23.9
2019,3,24,21,0,23.6
2019,3,24,22,0,23.4
2019,3,24,23,0,23.3
2019,3,25,0,0,23.2
2019,3,25,1,0,22.8
2019,3,25,2,0,22.4
2019,3,25,3,0,22.3
2019,3,25,4,0,22.3
2019,3,25,5,0,22.1
2019,3,25,6,0,22
2019,3,25,7,16,22.1
2019,3,25,8,16,22.2
2019,3,25,9,131,22.7
2019,3,25,10,184,23.3
2019,3,25,11,267,24
2019,3,25,12,257,24.6
2019,3,25,13,308,25.1
2019,3,25,14,314,25.5
2019,3,25,15,214,25.6
2019,3,25,16,48,25.4
2019,3,25,17,44,25
2019,3,25,18,0,24.7
2019,3,25,19,0,24.3
2019,3,25,20,0,23.8
2019,3,25,21,0,23.2
2019,3,25,22,0,22.4
2019,3,25,23,0,21.6
2019,3,26,0,0,20.9
2019,3,26,1,0,20.4
2019,3,26,2,0,19.9
2019,3,26,3,0,19.5
2019,3,26,4,0,19.2
2019,3,26,5,0,18.8
2019,3,26,6,0,18.7
2019,3,26,7,156,19.2
2019,3,26,8,381,19.6
2019,3,26,9,591,20.4
2019,3,26,10,756,21.2
2019,3,26,11,859,22.1
2019,3,26,12,892,22.9
2019,3,26,13,857,23.6
2019,3,26,14,755,23.9
2019,3,26,15,591,23.8
2019,3,26,16,385,23
2019,3,26,17,163,21.5
2019,3,26,18,0,20.3
2019,3,26,19,0,19.9
2019,3,26,20,0,19.8
2019,3,26,21,0,19.6
2019,3,26,22,0,19.5
2019,3,26,23,0,19.4
2019,3,27,0,0,19.3
2019,3,27,1,0,19.2
2019,3,27,2,0,19.1
2019,3,27,3,0,19
2019,3,27,4,0,18.9
2019,3,27,5,0,18.9
2019,3,27,6,0,19.2
2019,3,27,7,42,20.5
2019,3,27,8,357,21.2
2019,3,27,9,90,21.6
2019,3,27,10,372,21.9
2019,3,27,11,79,22.2
2019,3,27,12,72,22.3
2019,3,27,13,71,22.3
2019,3,27,14,301,22.3
2019,3,27,15,229,22.2
2019,3,27,16,223,22
2019,3,27,17,98,21.3
2019,3,27,18,0,20.7
2019,3,27,19,0,20.5
2019,3,27,20,0,20.4
2019,3,27,21,0,20.4
2019,3,27,22,0,20.3
2019,3,27,23,0,20.3
2019,3,28,0,0,20.3
2019,3,28,1,0,20.2
2019,3,28,2,0,20.1
2019,3,28,3,0,20.1
2019,3,28,4,0,20.1
2019,3,28,5,0,19.9
2019,3,28,6,0,19.8
2019,3,28,7,99,20.6
2019,3,28,8,364,21.9
2019,3,28,9,562,22.8
2019,3,28,10,579,23.6
2019,3,28,11,495,24.1
2019,3,28,12,851,24.5
2019,3,28,13,817,24.7
2019,3,28,14,717,24.7
2019,3,28,15,558,24.4
2019,3,28,16,262,23.9
2019,3,28,17,147,22.9
2019,3,28,18,0,21.9
2019,3,28,19,0,21.6
2019,3,28,20,0,21.3
2019,3,28,21,0,21.2
2019,3,28,22,0,21
2019,3,28,23,0,20.8
2019,3,29,0,0,20.4
2019,3,29,1,0,20.1
2019,3,29,2,0,19.8
2019,3,29,3,0,19.6
2019,3,29,4,0,19.5
2019,3,29,5,0,19.4
2019,3,29,6,0,19.6
2019,3,29,7,81,20.6
2019,3,29,8,343,22
2019,3,29,9,537,23.4
2019,3,29,10,518,24.4
2019,3,29,11,666,25.1
2019,3,29,12,646,25.5
2019,3,29,13,602,25.7
2019,3,29,14,553,25.7
2019,3,29,15,530,25.5
2019,3,29,16,201,24.9
2019,3,29,17,82,24
2019,3,29,18,0,23.4
2019,3,29,19,0,23
2019,3,29,20,0,22.8
2019,3,29,21,0,22.8
2019,3,29,22,0,22.8
2019,3,29,23,0,22.6
2019,3,30,0,0,22.3
2019,3,30,1,0,21.8
2019,3,30,2,0,21.3
2019,3,30,3,0,21.2
2019,3,30,4,0,21.1
2019,3,30,5,0,20.8
2019,3,30,6,0,20.6
2019,3,30,7,15,20.5
2019,3,30,8,198,20.5
2019,3,30,9,414,20.5
2019,3,30,10,37,21.3
2019,3,30,11,394,22.8
2019,3,30,12,816,23.9
2019,3,30,13,451,24.4
2019,3,30,14,694,23.6
2019,3,30,15,560,21
2019,3,30,16,369,18.7
2019,3,30,17,150,17.4
2019,3,30,18,0,16.4
2019,3,30,19,0,15.4
2019,3,30,20,0,14.7
2019,3,30,21,0,14.4
2019,3,30,22,0,14.4
2019,3,30,23,0,14.2
2019,3,31,0,0,14.1
2019,3,31,1,0,14
2019,3,31,2,0,13.9
2019,3,31,3,0,13.8
2019,3,31,4,0,13.6
2019,3,31,5,0,13.4
2019,3,31,6,0,13.4
2019,3,31,7,148,14.2
2019,3,31,8,369,15.1
2019,3,31,9,569,16.3
2019,3,31,10,726,17.5
2019,3,31,11,821,18.6
2019,3,31,12,850,19.5
2019,3,31,13,812,20.2
2019,3,31,14,708,20.6
2019,3,31,15,547,20.7
2019,3,31,16,240,20.6
2019,3,31,17,83,19.8
2019,3,31,18,0,19
2019,3,31,19,0,18.4
2019,3,31,20,0,17.9
2019,3,31,21,0,17.3
2019,3,31,22,0,16.8
2019,3,31,23,0,16.3
2019,4,1,0,0,15.9
2019,4,1,1,0,15.6
2019,4,1,2,0,15.4
2019,4,1,3,0,15.3
2019,4,1,4,0,15.3
2019,4,1,5,0,15.3
2019,4,1,6,0,15.7
2019,4,1,7,132,17.1
2019,4,1,8,336,18.7
2019,4,1,9,524,20.1
2019,4,1,10,199,20.8
2019,4,1,11,466,20.9
2019,4,1,12,521,20.8
2019,4,1,13,402,20.6
2019,4,1,14,408,20.3
2019,4,1,15,305,20
2019,4,1,16,177,19.7
2019,4,1,17,58,19.3
2019,4,1,18,0,18.9
2019,4,1,19,0,19
2019,4,1,20,0,19.1
2019,4,1,21,0,19.1
2019,4,1,22,0,19.2
2019,4,1,23,0,19.2
2019,4,2,0,0,19.2
2019,4,2,1,0,19.2
2019,4,2,2,0,19.1
2019,4,2,3,0,19.1
2019,4,2,4,0,19.1
2019,4,2,5,0,19.1
2019,4,2,6,0,19.4
2019,4,2,7,135,20.7
2019,4,2,8,345,21.4
2019,4,2,9,540,21.9
2019,4,2,10,103,22.3
2019,4,2,11,440,22.5
2019,4,2,12,322,22.7
2019,4,2,13,513,22.7
2019,4,2,14,277,22.6
2019,4,2,15,335,22.4
2019,4,2,16,330,22.1
2019,4,2,17,122,21.2
2019,4,2,18,0,20.5
2019,4,2,19,0,20.3
2019,4,2,20,0,20.1
2019,4,2,21,0,20.2
2019,4,2,22,0,20.2
2019,4,2,23,0,20.2
2019,4,3,0,0,19.9
2019,4,3,1,0,19.5
2019,4,3,2,0,19
2019,4,3,3,0,18.5
2019,4,3,4,0,18
2019,4,3,5,0,17.6
2019,4,3,6,0,17.4
2019,4,3,7,128,18.4
2019,4,3,8,336,19.5
2019,4,3,9,529,20.9
2019,4,3,10,684,22.4
2019,4,3,11,781,23.4
2019,4,3,12,812,23.9
2019,4,3,13,774,24.2
2019,4,3,14,674,24.2
2019,4,3,15,516,24.1
2019,4,3,16,320,23.6
2019,4,3,17,115,22.5
2019,4,3,18,0,21.6
2019,4,3,19,0,21.2
2019,4,3,20,0,20.9
2019,4,3,21,0,20.6
2019,4,3,22,0,20.3
2019,4,3,23,0,20
2019,4,4,0,0,20.1
2019,4,4,1,0,20
2019,4,4,2,0,20
2019,4,4,3,0,19.8
2019,4,4,4,0,19.7
2019,4,4,5,0,19.5
2019,4,4,6,0,19.6
2019,4,4,7,105,20.7
2019,4,4,8,314,21.7
2019,4,4,9,211,22.4
2019,4,4,10,239,22.9
2019,4,4,11,272,23.1
2019,4,4,12,272,23
2019,4,4,13,192,22.9
2019,4,4,14,330,22.6
2019,4,4,15,301,22.2
2019,4,4,16,161,21.7
2019,4,4,17,48,21
2019,4,4,18,0,20.6
2019,4,4,19,0,20.5
2019,4,4,20,0,20.4
2019,4,4,21,0,20.4
2019,4,4,22,0,20.2
2019,4,4,23,0,20.1
2019,4,5,0,0,20
2019,4,5,1,0,20
2019,4,5,2,0,19.9
2019,4,5,3,0,19.9
2019,4,5,4,0,19.9
2019,4,5,5,0,19.9
2019,4,5,6,0,20.1
2019,4,5,7,65,20.7
2019,4,5,8,69,21.1
2019,4,5,9,232,21.6
2019,4,5,10,305,22.1
2019,4,5,11,166,22.5
2019,4,5,12,500,22.7
2019,4,5,13,249,22.7
2019,4,5,14,474,22.5
2019,4,5,15,226,22.1
2019,4,5,16,192,21.7
2019,4,5,17,62,20.9
2019,4,5,18,0,20.4
2019,4,5,19,0,20.3
2019,4,5,20,0,20.1
2019,4,5,21,0,19.9
2019,4,5,22,0,19.6
2019,4,5,23,0,19.3
2019,4,6,0,0,19
2019,4,6,1,0,18.9
2019,4,6,2,0,18.8
2019,4,6,3,0,18.6
2019,4,6,4,0,18.5
2019,4,6,5,0,18.5
2019,4,6,6,0,18.6
2019,4,6,7,114,19.2
2019,4,6,8,313,20.3
2019,4,6,9,501,21.7
2019,4,6,10,652,23.1
2019,4,6,11,745,24.2
2019,4,6,12,775,24.9
2019,4,6,13,739,25.5
2019,4,6,14,640,25.7
2019,4,6,15,486,25.7
2019,4,6,16,122,25.2
2019,4,6,17,48,23.9
2019,4,6,18,0,23.1
2019,4,6,19,0,22.7
2019,4,6,20,0,22.3
2019,4,6,21,0,22
2019,4,6,22,0,21.6
2019,4,6,23,0,21.1
2019,4,7,0,0,20.6
2019,4,7,1,0,20
2019,4,7,2,0,19.6
2019,4,7,3,0,19.3
2019,4,7,4,0,19.2
2019,4,7,5,0,19.1
2019,4,7,6,0,19.1
2019,4,7,7,109,20
2019,4,7,8,309,21.1
2019,4,7,9,503,22.3
2019,4,7,10,662,23.4
2019,4,7,11,758,24.2
2019,4,7,12,787,25.1
2019,4,7,13,752,25.9
2019,4,7,14,651,26.3
2019,4,7,15,495,26.3
2019,4,7,16,303,25.6
2019,4,7,17,101,24
2019,4,7,18,0,22.9
2019,4,7,19,0,22.4
2019,4,7,20,0,21.9
2019,4,7,21,0,21.5
2019,4,7,22,0,21.1
2019,4,7,23,0,20.6
2019,4,8,0,0,19.9
2019,4,8,1,0,19.3
2019,4,8,2,0,18.8
2019,4,8,3,0,18.5
2019,4,8,4,0,18.3
2019,4,8,5,0,18
2019,4,8,6,0,18
2019,4,8,7,55,19
2019,4,8,8,327,20.4
2019,4,8,9,520,22.4
2019,4,8,10,667,24.4
2019,4,8,11,762,26.1
2019,4,8,12,792,27.3
2019,4,8,13,631,28
2019,4,8,14,503,28.2
2019,4,8,15,492,28.3
2019,4,8,16,255,27.8
2019,4,8,17,85,26.4
2019,4,8,18,0,25.1
2019,4,8,19,0,24.2
2019,4,8,20,0,23.5
2019,4,8,21,0,23
2019,4,8,22,0,22.4
2019,4,8,23,0,22.1
2019,4,9,0,0,21.6
2019,4,9,1,0,21.3
2019,4,9,2,0,21
2019,4,9,3,0,20.8
2019,4,9,4,0,20.6
2019,4,9,5,0,20.4
2019,4,9,6,0,20.4
2019,4,9,7,78,21.2
2019,4,9,8,310,22.3
2019,4,9,9,497,23.9
2019,4,9,10,556,25
2019,4,9,11,85,25.5
2019,4,9,12,620,25.7
2019,4,9,13,275,25.3
2019,4,9,14,32,24.7
2019,4,9,15,394,24.2
2019,4,9,16,281,23.1
2019,4,9,17,81,20.6
2019,4,9,18,0,18.6
2019,4,9,19,0,17.9
2019,4,9,20,0,17.8
2019,4,9,21,0,17.9
2019,4,9,22,0,17.9
2019,4,9,23,0,17.9
2019,4,10,0,0,17.9
2019,4,10,1,0,17.9
2019,4,10,2,0,17.7
2019,4,10,3,0,17.5
2019,4,10,4,0,17.3
2019,4,10,5,0,17
2019,4,10,6,0,16.8
2019,4,10,7,108,17.3
2019,4,10,8,311,17.7
2019,4,10,9,504,18.2
2019,4,10,10,656,18.6
2019,4,10,11,750,19
2019,4,10,12,781,19.2
2019,4,10,13,744,19.2
2019,4,10,14,642,19.1
2019,4,10,15,485,18.9
2019,4,10,16,289,18.5
2019,4,10,17,89,17.8
2019,4,10,18,0,17.4
2019,4,10,19,0,17.4
2019,4,10,20,0,17.4
2019,4,10,21,0,17.5
2019,4,10,22,0,17.5
2019,4,10,23,0,17.4
2019,4,11,0,0,17.4
2019,4,11,1,0,17.3
2019,4,11,2,0,17
2019,4,11,3,0,16.7
2019,4,11,4,0,16.6
2019,4,11,5,0,16.4
2019,4,11,6,0,16.4
2019,4,11,7,110,17.5
2019,4,11,8,312,18.7
2019,4,11,9,134,19.4
2019,4,11,10,173,19.9
2019,4,11,11,552,20.3
2019,4,11,12,441,20.5
2019,4,11,13,201,20.6
2019,4,11,14,157,20.5
2019,4,11,15,239,20.2
2019,4,11,16,273,19.8
2019,4,11,17,80,19.1
2019,4,11,18,0,18.5
2019,4,11,19,0,18.3
2019,4,11,20,0,18.3
2019,4,11,21,0,18.2
2019,4,11,22,0,18.2
2019,4,11,23,0,18.1
2019,4,12,0,0,18
2019,4,12,1,0,17.8
2019,4,12,2,0,17.6
2019,4,12,3,0,17.4
2019,4,12,4,0,17.2
2019,4,12,5,0,17.2
2019,4,12,6,0,17.4
2019,4,12,7,27,18.7
2019,4,12,8,136,19.5
2019,4,12,9,186,20.1
2019,4,12,10,191,20.6
2019,4,12,11,308,21.1
2019,4,12,12,366,21.4
2019,4,12,13,313,21.6
2019,4,12,14,452,21.6
2019,4,12,15,461,21.4
2019,4,12,16,270,21.1
2019,4,12,17,77,20.2
2019,4,12,18,0,19.6
2019,4,12,19,0,19.3
2019,4,12,20,0,19.1
2019,4,12,21,0,18.8
2019,4,12,22,0,18.5
2019,4,12,23,0,18.2
2019,4,13,0,0,17.8
2019,4,13,1,0,17.4
2019,4,13,2,0,17
2019,4,13,3,0,16.7
2019,4,13,4,0,16.4
2019,4,13,5,0,16.2
2019,4,13,6,0,16.1
2019,4,13,7,55,17.2
2019,4,13,8,199,18.7
2019,4,13,9,485,20.5
2019,4,13,10,634,22.2
2019,4,13,11,551,23.5
2019,4,13,12,515,24.3
2019,4,13,13,715,24.3
2019,4,13,14,527,24
2019,4,13,15,387,23.5
2019,4,13,16,236,22.5
2019,4,13,17,70,21
2019,4,13,18,0,20.3
2019,4,13,19,0,20
2019,4,13,20,0,19.9
2019,4,13,21,0,19.9
2019,4,13,22,0,19.8
2019,4,13,23,0,19.7
2019,4,14,0,0,19.6
2019,4,14,1,0,19.3
2019,4,14,2,0,19
2019,4,14,3,0,18.8
2019,4,14,4,0,18.7
2019,4,14,5,0,18.5
2019,4,14,6,0,18.5
2019,4,14,7,8,19.5
2019,4,14,8,69,20.6
2019,4,14,9,232,21.5
2019,4,14,10,615,22
2019,4,14,11,527,22.3
2019,4,14,12,184,22.4
2019,4,14,13,554,22.3
2019,4,14,14,412,22.1
2019,4,14,15,223,21.7
2019,4,14,16,180,21.2
2019,4,14,17,26,20.3
2019,4,14,18,0,19.5
2019,4,14,19,0,19.2
2019,4,14,20,0,19
2019,4,14,21,0,18.9
2019,4,14,22,0,18.8
2019,4,14,23,0,18.7
2019,4,15,0,0,18.6
2019,4,15,1,0,18.4
2019,4,15,2,0,18
2019,4,15,3,0,17.6
2019,4,15,4,0,17.4
2019,4,15,5,0,17.1
2019,4,15,6,0,17
2019,4,15,7,96,18.3
2019,4,15,8,292,19.7
2019,4,15,9,477,20.7
2019,4,15,10,622,21.4
2019,4,15,11,714,21.9
2019,4,15,12,742,22.1
2019,4,15,13,460,22.1
2019,4,15,14,600,22
2019,4,15,15,447,21.7
2019,4,15,16,257,21.2
2019,4,15,17,67,20.3
2019,4,15,18,0,19.7
2019,4,15,19,0,19.5
2019,4,15,20,0,19.3
2019,4,15,21,0,19.2
2019,4,15,22,0,19.1
2019,4,15,23,0,19.1
2019,4,16,0,0,19
2019,4,16,1,0,18.9
2019,4,16,2,0,18.6
2019,4,16,3,0,18.4
2019,4,16,4,0,18.2
2019,4,16,5,0,18
2019,4,16,6,0,18
2019,4,16,7,78,19.2
2019,4,16,8,116,20.6
2019,4,16,9,359,21.6
2019,4,16,10,510,22.3
2019,4,16,11,512,22.8
2019,4,16,12,612,23
2019,4,16,13,699,23
2019,4,16,14,598,22.9
2019,4,16,15,444,22.6
2019,4,16,16,256,22.1
2019,4,16,17,65,21.1
2019,4,16,18,0,20.3
2019,4,16,19,0,19.9
2019,4,16,20,0,19.7
2019,4,16,21,0,19.6
2019,4,16,22,0,19.6
2019,4,16,23,0,19.7
2019,4,17,0,0,19.7
2019,4,17,1,0,19.5
2019,4,17,2,0,19.4
2019,4,17,3,0,19.2
2019,4,17,4,0,19.1
2019,4,17,5,0,18.9
2019,4,17,6,0,18.9
2019,4,17,7,89,19.6
2019,4,17,8,281,21
2019,4,17,9,464,22.1
2019,4,17,10,611,22.8
2019,4,17,11,701,23.2
2019,4,17,12,730,23.4
2019,4,17,13,693,23.5
2019,4,17,14,594,23.4
2019,4,17,15,441,23.2
2019,4,17,16,251,22.8
2019,4,17,17,61,21.7
2019,4,17,18,0,21
2019,4,17,19,0,20.6
2019,4,17,20,0,20.3
2019,4,17,21,0,20
2019,4,17,22,0,19.6
2019,4,17,23,0,19.4
2019,4,18,0,0,19.1
2019,4,18,1,0,18.9
2019,4,18,2,0,18.5
2019,4,18,3,0,18
2019,4,18,4,0,17.6
2019,4,18,5,0,17.2
2019,4,18,6,0,17
2019,4,18,7,89,17.9
2019,4,18,8,283,19.5
2019,4,18,9,468,21.6
2019,4,18,10,615,23
2019,4,18,11,705,23.8
2019,4,18,12,730,24.4
2019,4,18,13,689,24.8
2019,4,18,14,585,24.8
2019,4,18,15,431,24.4
2019,4,18,16,242,23.6
2019,4,18,17,56,22.2
2019,4,18,18,0,21.4
2019,4,18,19,0,20.8
2019,4,18,20,0,20.4
2019,4,18,21,0,20
2019,4,18,22,0,19.8
2019,4,18,23,0,19.7
2019,4,19,0,0,19.7
2019,4,19,1,0,19.5
2019,4,19,2,0,19.4
2019,4,19,3,0,19.3
2019,4,19,4,0,19.3
2019,4,19,5,0,19.4
2019,4,19,6,0,19.5
2019,4,19,7,79,19.9
2019,4,19,8,104,20.4
2019,4,19,9,194,21.2
2019,4,19,10,425,22.1
2019,4,19,11,671,23
2019,4,19,12,699,23.5
2019,4,19,13,665,23.8
2019,4,19,14,567,23.8
2019,4,19,15,417,23.6
2019,4,19,16,233,23
2019,4,19,17,52,22
2019,4,19,18,0,21.2
2019,4,19,19,0,20.9
2019,4,19,20,0,20.7
2019,4,19,21,0,20.4
2019,4,19,22,0,20.1
2019,4,19,23,0,19.8
2019,4,20,0,0,19.6
2019,4,20,1,0,19.4
2019,4,20,2,0,19.3
2019,4,20,3,0,19.2
2019,4,20,4,0,19.2
2019,4,20,5,0,19.2
2019,4,20,6,0,19.2
2019,4,20,7,79,19.7
2019,4,20,8,264,21
2019,4,20,9,444,22.6
2019,4,20,10,588,23.5
2019,4,20,11,677,24
2019,4,20,12,703,24.3
2019,4,20,13,664,24.4
2019,4,20,14,563,24.3
2019,4,20,15,412,24.1
2019,4,20,16,228,23.5
2019,4,20,17,49,22.5
2019,4,20,18,0,21.9
2019,4,20,19,0,21.5
2019,4,20,20,0,21.3
2019,4,20,21,0,21
2019,4,20,22,0,20.8
2019,4,20,23,0,20.6
2019,4,21,0,0,20.3
2019,4,21,1,0,20.2
2019,4,21,2,0,20
2019,4,21,3,0,19.9
2019,4,21,4,0,19.8
2019,4,21,5,0,19.7
2019,4,21,6,0,19.7
2019,4,21,7,80,20.7
2019,4,21,8,267,22.1
2019,4,21,9,447,23.2
2019,4,21,10,589,24
2019,4,21,11,676,24.6
2019,4,21,12,703,25
2019,4,21,13,564,25.1
2019,4,21,14,482,24.9
2019,4,21,15,380,24.5
2019,4,21,16,153,23.8
2019,4,21,17,31,22.8
2019,4,21,18,0,22
2019,4,21,19,0,21.8
2019,4,21,20,0,21.6
2019,4,21,21,0,21.5
2019,4,21,22,0,21.4
2019,4,21,23,0,21.3
2019,4,22,0,0,21.1
2019,4,22,1,0,20.9
2019,4,22,2,0,20.8
2019,4,22,3,0,20.7
2019,4,22,4,0,20.6
2019,4,22,5,0,20.5
2019,4,22,6,0,20.4
2019,4,22,7,68,21
2019,4,22,8,239,21.9
2019,4,22,9,372,22.6
2019,4,22,10,499,23.3
2019,4,22,11,679,24
2019,4,22,12,706,24.4
2019,4,22,13,666,24.5
2019,4,22,14,565,24.5
2019,4,22,15,410,24.3
2019,4,22,16,224,23.8
2019,4,22,17,44,22.7
2019,4,22,18,0,22.1
2019,4,22,19,0,21.7
2019,4,22,20,0,21.6
2019,4,22,21,0,21.4
2019,4,22,22,0,21.3
2019,4,22,23,0,21.3
2019,4,23,0,0,21.2
2019,4,23,1,0,21.1
2019,4,23,2,0,21
2019,4,23,3,0,20.9
2019,4,23,4,0,20.8
2019,4,23,5,0,20.8
2019,4,23,6,0,20.9
2019,4,23,7,40,21.4
2019,4,23,8,47,22.1
2019,4,23,9,439,22.9
2019,4,23,10,423,23.5
2019,4,23,11,669,24
2019,4,23,12,694,24.2
2019,4,23,13,480,24.3
2019,4,23,14,458,24.1
2019,4,23,15,315,23.7
2019,4,23,16,165,23.1
2019,4,23,17,31,22.2
2019,4,23,18,0,21.6
2019,4,23,19,0,21.2
2019,4,23,20,0,20.9
2019,4,23,21,0,20.6
2019,4,23,22,0,20.5
2019,4,23,23,0,20.4
2019,4,24,0,0,20.2
2019,4,24,1,0,20.1
2019,4,24,2,0,20.1
2019,4,24,3,0,19.8
2019,4,24,4,0,19.5
2019,4,24,5,0,19.3
2019,4,24,6,0,19.2
2019,4,24,7,74,19.8
2019,4,24,8,257,20.6
2019,4,24,9,437,21.6
2019,4,24,10,580,22.9
2019,4,24,11,667,23.8
2019,4,24,12,693,24.3
2019,4,24,13,655,24.5
2019,4,24,14,555,24.5
2019,4,24,15,405,24.3
2019,4,24,16,219,23.7
2019,4,24,17,41,22.4
2019,4,24,18,0,21.6
2019,4,24,19,0,21.1
2019,4,24,20,0,20.7
2019,4,24,21,0,20.4
2019,4,24,22,0,20.1
2019,4,24,23,0,19.8
2019,4,25,0,0,19.6
2019,4,25,1,0,19.3
2019,4,25,2,0,19
2019,4,25,3,0,18.6
2019,4,25,4,0,18.3
2019,4,25,5,0,17.9
2019,4,25,6,0,17.6
2019,4,25,7,70,18.2
2019,4,25,8,251,19.5
2019,4,25,9,427,21.6
2019,4,25,10,569,23.3
2019,4,25,11,655,24.4
2019,4,25,12,677,24.8
2019,4,25,13,640,24.9
2019,4,25,14,538,24.7
2019,4,25,15,388,24.1
2019,4,25,16,205,23.2
2019,4,25,17,35,22
2019,4,25,18,0,21.5
2019,4,25,19,0,21.3
2019,4,25,20,0,21.2
2019,4,25,21,0,21
2019,4,25,22,0,20.8
2019,4,25,23,0,20.6
2019,4,26,0,0,20.5
2019,4,26,1,0,20.3
2019,4,26,2,0,19.9
2019,4,26,3,0,19.6
2019,4,26,4,0,19.2
2019,4,26,5,0,18.9
2019,4,26,6,0,18.6
2019,4,26,7,37,19.4
2019,4,26,8,181,20.8
2019,4,26,9,431,22.7
2019,4,26,10,574,24.1
2019,4,26,11,664,25.1
2019,4,26,12,695,25.7
2019,4,26,13,657,26.1
2019,4,26,14,555,26.2
2019,4,26,15,404,25.9
2019,4,26,16,220,25.1
2019,4,26,17,38,23.7
2019,4,26,18,0,22.5
2019,4,26,19,0,21.4
2019,4,26,20,0,20.6
2019,4,26,21,0,20
2019,4,26,22,0,19.4
2019,4,26,23,0,18.9
2019,4,27,0,0,18.4
2019,4,27,1,0,18
2019,4,27,2,0,17.6
2019,4,27,3,0,17.4
2019,4,27,4,0,17.5
2019,4,27,5,0,17.6
2019,4,27,6,0,17.3
2019,4,27,7,30,17.3
2019,4,27,8,141,17.5
2019,4,27,9,266,17.8
2019,4,27,10,494,18.3
2019,4,27,11,671,18.7
2019,4,27,12,484,19
2019,4,27,13,659,19.1
2019,4,27,14,555,19
2019,4,27,15,400,18.8
2019,4,27,16,211,18.4
2019,4,27,17,33,17.3
2019,4,27,18,0,16.8
2019,4,27,19,0,16.7
2019,4,27,20,0,16.7
2019,4,27,21,0,16.7
2019,4,27,22,0,16.5
2019,4,27,23,0,16.3
2019,4,28,0,0,15.9
2019,4,28,1,0,15.7
2019,4,28,2,0,15.2
2019,4,28,3,0,14.8
2019,4,28,4,0,14.5
2019,4,28,5,0,14.4
2019,4,28,6,0,14.4
2019,4,28,7,70,15.4
2019,4,28,8,259,16.9
2019,4,28,9,441,18.6
2019,4,28,10,583,19.9
2019,4,28,11,669,21
2019,4,28,12,692,21.7
2019,4,28,13,650,22.1
2019,4,28,14,547,22.3
2019,4,28,15,392,22.1
2019,4,28,16,205,21.1
2019,4,28,17,30,19.6
2019,4,28,18,0,19
2019,4,28,19,0,18.6
2019,4,28,20,0,18.5
2019,4,28,21,0,18.4
2019,4,28,22,0,18.3
2019,4,28,23,0,18.3
2019,4,29,0,0,18.3
2019,4,29,1,0,18
2019,4,29,2,0,17.6
2019,4,29,3,0,17.3
2019,4,29,4,0,17
2019,4,29,5,0,16.8
2019,4,29,6,0,16.7
2019,4,29,7,20,17.5
2019,4,29,8,239,19
2019,4,29,9,185,20
2019,4,29,10,550,20.8
2019,4,29,11,634,21.3
2019,4,29,12,379,21.6
2019,4,29,13,313,21.8
2019,4,29,14,377,21.9
2019,4,29,15,227,21.6
2019,4,29,16,190,21.1
2019,4,29,17,26,20.2
2019,4,29,18,0,19.8
2019,4,29,19,0,19.6
2019,4,29,20,0,19.5
2019,4,29,21,0,19.3
2019,4,29,22,0,19.2
2019,4,29,23,0,19.1
2019,4,30,0,0,19
2019,4,30,1,0,18.9
2019,4,30,2,0,18.8
2019,4,30,3,0,18.6
2019,4,30,4,0,18.3
2019,4,30,5,0,18.1
2019,4,30,6,0,17.8
2019,4,30,7,60,18.5
2019,4,30,8,239,19.9
2019,4,30,9,415,21.1
2019,4,30,10,474,22.1
2019,4,30,11,635,22.8
2019,4,30,12,561,23.3
2019,4,30,13,621,23.6
2019,4,30,14,442,23.7
2019,4,30,15,280,23.5
2019,4,30,16,160,22.8
2019,4,30,17,21,21.9
2019,4,30,18,0,21.3
2019,4,30,19,0,21.1
2019,4,30,20,0,20.9
2019,4,30,21,0,20.8
2019,4,30,22,0,20.7
2019,4,30,23,0,20.4
2019,5,1,0,0,20.3
2019,5,1,1,0,20.1
2019,5,1,2,0,19.8
2019,5,1,3,0,19.6
2019,5,1,4,0,19.5
2019,5,1,5,0,19.4
2019,5,1,6,0,19.2
2019,5,1,7,25,19.6
2019,5,1,8,143,20.5
2019,5,1,9,86,21.6
2019,5,1,10,309,22.4
2019,5,1,11,153,22.9
2019,5,1,12,208,23.1
2019,5,1,13,417,23.3
2019,5,1,14,436,23.4
2019,5,1,15,121,23.3
2019,5,1,16,130,22.8
2019,5,1,17,15,22.1
2019,5,1,18,0,21.8
2019,5,1,19,0,21.4
2019,5,1,20,0,21.3
2019,5,1,21,0,21.1
2019,5,1,22,0,20.9
2019,5,1,23,0,20.6
2019,5,2,0,0,20.4
2019,5,2,1,0,20.2
2019,5,2,2,0,20
2019,5,2,3,0,19.9
2019,5,2,4,0,19.7
2019,5,2,5,0,19.6
2019,5,2,6,0,19.5
2019,5,2,7,31,19.9
2019,5,2,8,133,20.9
2019,5,2,9,53,22.2
2019,5,2,10,358,23.5
2019,5,2,11,506,24.4
2019,5,2,12,490,24.9
2019,5,2,13,367,25.1
2019,5,2,14,43,25
2019,5,2,15,196,24.5
2019,5,2,16,7,23.7
2019,5,2,17,3,22.6
2019,5,2,18,0,22.1
2019,5,2,19,0,21.8
2019,5,2,20,0,21.7
2019,5,2,21,0,21.6
2019,5,2,22,0,21.3
2019,5,2,23,0,21
2019,5,3,0,0,20.8
2019,5,3,1,0,20.8
2019,5,3,2,0,20.7
2019,5,3,3,0,20.7
2019,5,3,4,0,20.7
2019,5,3,5,0,20.6
2019,5,3,6,0,20.5
2019,5,3,7,16,20.7
2019,5,3,8,60,21.2
2019,5,3,9,262,21.4
2019,5,3,10,282,21.3
2019,5,3,11,212,21.1
2019,5,3,12,78,21.2
2019,5,3,13,33,21.2
2019,5,3,14,79,21
2019,5,3,15,104,20.8
2019,5,3,16,15,20.6
2019,5,3,17,4,20.3
2019,5,3,18,0,20.2
2019,5,3,19,0,20.2
2019,5,3,20,0,20.1
2019,5,3,21,0,19.9
2019,5,3,22,0,19.7
2019,5,3,23,0,19.4
2019,5,4,0,0,19.3
2019,5,4,1,0,19.3
2019,5,4,2,0,19.3
2019,5,4,3,0,19.1
2019,5,4,4,0,18.9
2019,5,4,5,0,18.4
2019,5,4,6,0,18
2019,5,4,7,27,17.8
2019,5,4,8,120,17.8
2019,5,4,9,266,18.2
2019,5,4,10,38,18.9
2019,5,4,11,631,19.8
2019,5,4,12,661,20.6
2019,5,4,13,622,21.2
2019,5,4,14,519,21.3
2019,5,4,15,365,21.1
2019,5,4,16,162,20.4
2019,5,4,17,11,19.4
2019,5,4,18,0,19
2019,5,4,19,0,18.8
2019,5,4,20,0,18.5
2019,5,4,21,0,18.2
2019,5,4,22,0,17.8
2019,5,4,23,0,17.5
2019,5,5,0,0,17.2
2019,5,5,1,0,17
2019,5,5,2,0,17
2019,5,5,3,0,16.9
2019,5,5,4,0,16.5
2019,5,5,5,0,16.1
2019,5,5,6,0,15.7
2019,5,5,7,38,16.1
2019,5,5,8,217,16.6
2019,5,5,9,381,17.3
2019,5,5,10,134,17.9
2019,5,5,11,466,18.1
2019,5,5,12,515,18.3
2019,5,5,13,49,18.6
2019,5,5,14,214,18.7
2019,5,5,15,275,18.8
2019,5,5,16,103,18.6
2019,5,5,17,10,18.4
2019,5,5,18,0,18.2
2019,5,5,19,0,17.7
2019,5,5,20,0,17.4
2019,5,5,21,0,17.2
2019,5,5,22,0,17
2019,5,5,23,0,16.7
2019,5,6,0,0,16.3
2019,5,6,1,0,16
2019,5,6,2,0,15.7
2019,5,6,3,0,15.6
2019,5,6,4,0,15.5
2019,5,6,5,0,15.4
2019,5,6,6,0,15.3
2019,5,6,7,20,15.8
2019,5,6,8,222,16.5
2019,5,6,9,400,17.4
2019,5,6,10,538,18.2
2019,5,6,11,624,18.8
2019,5,6,12,648,19.3
2019,5,6,13,608,19.6
2019,5,6,14,509,19.7
2019,5,6,15,357,19.6
2019,5,6,16,176,19.1
2019,5,6,17,16,17.9
2019,5,6,18,0,17.4
2019,5,6,19,0,17.3
2019,5,6,20,0,17.5
2019,5,6,21,0,17.4
2019,5,6,22,0,17
2019,5,6,23,0,16.5
2019,5,7,0,0,16
2019,5,7,1,0,15.6
2019,5,7,2,0,15.2
2019,5,7,3,0,14.8
2019,5,7,4,0,14.3
2019,5,7,5,0,13.7
2019,5,7,6,0,13.3
2019,5,7,7,50,13.8
2019,5,7,8,229,15
2019,5,7,9,406,16.5
2019,5,7,10,545,18
2019,5,7,11,633,19.2
2019,5,7,12,656,20.3
2019,5,7,13,617,21.2
2019,5,7,14,514,21.8
2019,5,7,15,360,22
2019,5,7,16,177,21.4
2019,5,7,17,15,20.4
2019,5,7,18,0,19.8
2019,5,7,19,0,19.3
2019,5,7,20,0,18.6
2019,5,7,21,0,17.8
2019,5,7,22,0,17
2019,5,7,23,0,16.3
2019,5,8,0,0,15.6
2019,5,8,1,0,15.1
2019,5,8,2,0,14.8
2019,5,8,3,0,14.7
2019,5,8,4,0,14.5
2019,5,8,5,0,14.4
2019,5,8,6,0,14.3
2019,5,8,7,28,15
2019,5,8,8,159,16.3
2019,5,8,9,158,17.5
2019,5,8,10,538,18.5
2019,5,8,11,628,19.1
2019,5,8,12,421,19.6
2019,5,8,13,399,19.9
2019,5,8,14,506,20.1
2019,5,8,15,354,20
2019,5,8,16,174,19.3
2019,5,8,17,14,18.1
2019,5,8,18,0,17.4
2019,5,8,19,0,16.7
2019,5,8,20,0,16.1
2019,5,8,21,0,15.5
2019,5,8,22,0,15
2019,5,8,23,0,14.6
2019,5,9,0,0,14.3
2019,5,9,1,0,13.9
2019,5,9,2,0,13.7
2019,5,9,3,0,13.5
2019,5,9,4,0,13.2
2019,5,9,5,0,13
2019,5,9,6,0,12.7
2019,5,9,7,46,13.2
2019,5,9,8,221,14.6
2019,5,9,9,396,15.9
2019,5,9,10,536,17.2
2019,5,9,11,551,18.1
2019,5,9,12,642,18.8
2019,5,9,13,543,19.4
2019,5,9,14,502,19.8
2019,5,9,15,291,19.8
2019,5,9,16,136,19.1
2019,5,9,17,13,18.3
2019,5,9,18,0,18
2019,5,9,19,0,17.6
2019,5,9,20,0,17.3
2019,5,9,21,0,16.9
2019,5,9,22,0,16.5
2019,5,9,23,0,16.1
2019,5,10,0,0,15.7
2019,5,10,1,0,15.3
2019,5,10,2,0,15
2019,5,10,3,0,14.8
2019,5,10,4,0,14.6
2019,5,10,5,0,14.5
2019,5,10,6,0,14.4
2019,5,10,7,28,14.8
2019,5,10,8,147,15.7
2019,5,10,9,285,16.8
2019,5,10,10,266,18
2019,5,10,11,347,19.2
2019,5,10,12,51,20.1
2019,5,10,13,214,20.6
2019,5,10,14,38,20.8
2019,5,10,15,31,20.5
2019,5,10,16,141,19.6
2019,5,10,17,0,18.2
2019,5,10,18,0,17
2019,5,10,19,0,16.2
2019,5,10,20,0,15.5
2019,5,10,21,0,14.7
2019,5,10,22,0,14
2019,5,10,23,0,13.5
2019,5,11,0,0,13.1
2019,5,11,1,0,12.8
2019,5,11,2,0,12.6
2019,5,11,3,0,12.6
2019,5,11,4,0,12.8
2019,5,11,5,0,13.6
2019,5,11,6,0,14.1
2019,5,11,7,3,14.8
2019,5,11,8,13,15.9
2019,5,11,9,379,17
2019,5,11,10,513,18.3
2019,5,11,11,599,19.3
2019,5,11,12,623,20.1
2019,5,11,13,447,20.5
2019,5,11,14,352,20.6
2019,5,11,15,339,20.4
2019,5,11,16,162,19.7
2019,5,11,17,0,18.5
2019,5,11,18,0,17.9
2019,5,11,19,0,17.1
2019,5,11,20,0,16.2
2019,5,11,21,0,15.5
2019,5,11,22,0,14.9
2019,5,11,23,0,14.5
2019,5,12,0,0,14.2
2019,5,12,1,0,14.1
2019,5,12,2,0,14
2019,5,12,3,0,13.9
2019,5,12,4,0,13.8
2019,5,12,5,0,13.7
2019,5,12,6,0,13.5
2019,5,12,7,40,14.1
2019,5,12,8,210,15.4
2019,5,12,9,381,17
2019,5,12,10,516,18.4
2019,5,12,11,599,19.4
2019,5,12,12,622,20
2019,5,12,13,582,20.3
2019,5,12,14,483,20.4
2019,5,12,15,335,20.1
2019,5,12,16,158,19.3
2019,5,12,17,0,18.2
2019,5,12,18,0,17.7
2019,5,12,19,0,17.5
2019,5,12,20,0,17.5
2019,5,12,21,0,17.7
2019,5,12,22,0,18
2019,5,12,23,0,18.2
2019,5,13,0,0,18.1
2019,5,13,1,0,17.6
2019,5,13,2,0,17
2019,5,13,3,0,16.4
2019,5,13,4,0,15.8
2019,5,13,5,0,15.3
2019,5,13,6,0,14.9
2019,5,13,7,37,15.2
2019,5,13,8,204,16.3
2019,5,13,9,373,17.7
2019,5,13,10,440,19.1
2019,5,13,11,452,20.4
2019,5,13,12,613,21.3
2019,5,13,13,573,21.9
2019,5,13,14,410,22
2019,5,13,15,223,21.8
2019,5,13,16,94,21
2019,5,13,17,0,20.2
2019,5,13,18,0,19.8
2019,5,13,19,0,19.5
2019,5,13,20,0,19.2
2019,5,13,21,0,18.9
2019,5,13,22,0,18.5
2019,5,13,23,0,18
2019,5,14,0,0,17.5
2019,5,14,1,0,16.9
2019,5,14,2,0,16.5
2019,5,14,3,0,16.1
2019,5,14,4,0,15.7
2019,5,14,5,0,15.3
2019,5,14,6,0,14.9
2019,5,14,7,32,15.1
2019,5,14,8,196,16.1
2019,5,14,9,367,18.2
2019,5,14,10,514,20.3
2019,5,14,11,598,21.4
2019,5,14,12,620,21.9
2019,5,14,13,580,22
2019,5,14,14,481,21.7
2019,5,14,15,332,21.1
2019,5,14,16,153,20.1
2019,5,14,17,0,18.9
2019,5,14,18,0,18.5
2019,5,14,19,0,18.3
2019,5,14,20,0,18.2
2019,5,14,21,0,18.2
2019,5,14,22,0,18.3
2019,5,14,23,0,18.3
2019,5,15,0,0,18.2
2019,5,15,1,0,17.8
2019,5,15,2,0,17.3
2019,5,15,3,0,16.9
2019,5,15,4,0,16.6
2019,5,15,5,0,16.3
2019,5,15,6,0,16.1
2019,5,15,7,34,16.4
2019,5,15,8,199,17.8
2019,5,15,9,369,19.1
2019,5,15,10,502,20.4
2019,5,15,11,584,21.2
2019,5,15,12,155,21.6
2019,5,15,13,308,21.9
2019,5,15,14,186,21.8
2019,5,15,15,323,21.5
2019,5,15,16,149,20.7
2019,5,15,17,0,19.5
2019,5,15,18,0,19
2019,5,15,19,0,18.7
2019,5,15,20,0,18.5
2019,5,15,21,0,18.4
2019,5,15,22,0,18.4
2019,5,15,23,0,18.3
2019,5,16,0,0,18.4
2019,5,16,1,0,18
2019,5,16,2,0,17.4
2019,5,16,3,0,16.8
2019,5,16,4,0,16.3
2019,5,16,5,0,15.8
2019,5,16,6,0,15.5
2019,5,16,7,32,15.9
2019,5,16,8,195,17.2
2019,5,16,9,364,18.5
2019,5,16,10,497,19.7
2019,5,16,11,578,20.7
2019,5,16,12,600,21.3
2019,5,16,13,562,21.6
2019,5,16,14,465,21.8
2019,5,16,15,319,21.6
2019,5,16,16,145,20.8
2019,5,16,17,0,19.7
2019,5,16,18,0,19.3
2019,5,16,19,0,19
2019,5,16,20,0,18.7
2019,5,16,21,0,18.5
2019,5,16,22,0,18.2
2019,5,16,23,0,17.9
2019,5,17,0,0,17.6
2019,5,17,1,0,17.2
2019,5,17,2,0,16.8
2019,5,17,3,0,16.4
2019,5,17,4,0,16.1
2019,5,17,5,0,15.8
2019,5,17,6,0,15.6
2019,5,17,7,29,15.9
2019,5,17,8,186,17.2
2019,5,17,9,351,18.6
2019,5,17,10,487,20.3
2019,5,17,11,566,21.6
2019,5,17,12,587,22.4
2019,5,17,13,552,22.8
2019,5,17,14,455,22.9
2019,5,17,15,310,22.7
2019,5,17,16,137,21.7
2019,5,17,17,0,20.5
2019,5,17,18,0,20
2019,5,17,19,0,19.7
2019,5,17,20,0,19.4
2019,5,17,21,0,19.2
2019,5,17,22,0,19
2019,5,17,23,0,18.7
2019,5,18,0,0,18.4
2019,5,18,1,0,18.3
2019,5,18,2,0,18.1
2019,5,18,3,0,18
2019,5,18,4,0,17.6
2019,5,18,5,0,17.4
2019,5,18,6,0,17.2
2019,5,18,7,27,17.5
2019,5,18,8,182,18.6
2019,5,18,9,344,19.8
2019,5,18,10,472,20.7
2019,5,18,11,552,21.3
2019,5,18,12,364,21.6
2019,5,18,13,535,21.7
2019,5,18,14,439,21.6
2019,5,18,15,299,21.3
2019,5,18,16,132,20.7
2019,5,18,17,0,19.7
2019,5,18,18,0,19.4
2019,5,18,19,0,19.3
2019,5,18,20,0,19.4
2019,5,18,21,0,19.6
2019,5,18,22,0,19.7
2019,5,18,23,0,19.3
2019,5,19,0,0,19.1
2019,5,19,1,0,18.9
2019,5,19,2,0,18.6
2019,5,19,3,0,18.5
2019,5,19,4,0,18.5
2019,5,19,5,0,18.4
2019,5,19,6,0,18.3
2019,5,19,7,27,18.7
2019,5,19,8,183,19.8
2019,5,19,9,348,20.9
2019,5,19,10,472,21.5
2019,5,19,11,329,21.9
2019,5,19,12,46,22
2019,5,19,13,271,21.9
2019,5,19,14,437,21.8
2019,5,19,15,295,21.5
2019,5,19,16,106,20.9
2019,5,19,17,0,20.1
2019,5,19,18,0,20
2019,5,19,19,0,19.8
2019,5,19,20,0,19.7
2019,5,19,21,0,19.6
2019,5,19,22,0,19.4
2019,5,19,23,0,19.2
2019,5,20,0,0,19
2019,5,20,1,0,18.6
2019,5,20,2,0,18.2
2019,5,20,3,0,17.7
2019,5,20,4,0,17.4
2019,5,20,5,0,17.1
2019,5,20,6,0,16.8
2019,5,20,7,18,16.9
2019,5,20,8,133,17.7
2019,5,20,9,339,18.6
2019,5,20,10,382,19.9
2019,5,20,11,98,21.3
2019,5,20,12,472,22.4
2019,5,20,13,444,23
2019,5,20,14,442,23.4
2019,5,20,15,183,23.3
2019,5,20,16,98,22.3
2019,5,20,17,0,21.1
2019,5,20,18,0,20.3
2019,5,20,19,0,19.8
2019,5,20,20,0,19.5
2019,5,20,21,0,19.2
2019,5,20,22,0,18.7
2019,5,20,23,0,18.1
2019,5,21,0,0,17.5
2019,5,21,1,0,16.9
2019,5,21,2,0,16.4
2019,5,21,3,0,15.9
2019,5,21,4,0,15.5
2019,5,21,5,0,15.1
2019,5,21,6,0,14.7
2019,5,21,7,25,14.9
2019,5,21,8,180,16
2019,5,21,9,344,17.9
2019,5,21,10,472,20.5
2019,5,21,11,553,22.9
2019,5,21,12,574,24.4
2019,5,21,13,436,25.2
2019,5,21,14,432,25.5
2019,5,21,15,235,25.2
2019,5,21,16,118,24.1
2019,5,21,17,0,23.1
2019,5,21,18,0,22.5
2019,5,21,19,0,21.9
2019,5,21,20,0,21.3
2019,5,21,21,0,20.8
2019,5,21,22,0,20.1
2019,5,21,23,0,19.5
2019,5,22,0,0,18.9
2019,5,22,1,0,18.3
2019,5,22,2,0,17.8
2019,5,22,3,0,17.3
2019,5,22,4,0,17
2019,5,22,5,0,16.8
2019,5,22,6,0,16.5
2019,5,22,7,11,16.9
2019,5,22,8,175,17.9
2019,5,22,9,339,19.8
2019,5,22,10,471,21.9
2019,5,22,11,552,23.2
2019,5,22,12,573,23.9
2019,5,22,13,535,24.1
2019,5,22,14,438,23.8
2019,5,22,15,294,23.2
2019,5,22,16,126,21.9
2019,5,22,17,0,20.6
2019,5,22,18,0,20
2019,5,22,19,0,19.6
2019,5,22,20,0,19.3
2019,5,22,21,0,19
2019,5,22,22,0,18.9
2019,5,22,23,0,18.6
2019,5,23,0,0,18.4
2019,5,23,1,0,18.2
2019,5,23,2,0,18
2019,5,23,3,0,17.9
2019,5,23,4,0,17.8
2019,5,23,5,0,17.7
2019,5,23,6,0,17.6
2019,5,23,7,9,17.9
2019,5,23,8,88,19.1
2019,5,23,9,198,20.1
2019,5,23,10,455,21
2019,5,23,11,534,21.8
2019,5,23,12,316,22.3
2019,5,23,13,258,22.6
2019,5,23,14,426,22.7
2019,5,23,15,286,22.4
2019,5,23,16,122,21.6
2019,5,23,17,0,20.6
2019,5,23,18,0,20.1
2019,5,23,19,0,19.9
2019,5,23,20,0,19.6
2019,5,23,21,0,19.4
2019,5,23,22,0,19.1
2019,5,23,23,0,18.8
2019,5,24,0,0,18.5
2019,5,24,1,0,18.1
2019,5,24,2,0,17.6
2019,5,24,3,0,17.2
2019,5,24,4,0,16.9
2019,5,24,5,0,16.5
2019,5,24,6,0,16.1
2019,5,24,7,20,16.1
2019,5,24,8,172,17.1
2019,5,24,9,339,18.6
2019,5,24,10,477,20.4
2019,5,24,11,559,22
2019,5,24,12,583,23.3
2019,5,24,13,546,24
2019,5,24,14,343,24.2
2019,5,24,15,245,23.8
2019,5,24,16,106,23
2019,5,24,17,0,22.4
2019,5,24,18,0,22.1
2019,5,24,19,0,21.5
2019,5,24,20,0,20.8
2019,5,24,21,0,20.1
2019,5,24,22,0,19.4
2019,5,24,23,0,18.6
2019,5,25,0,0,17.7
2019,5,25,1,0,16.9
2019,5,25,2,0,16.2
2019,5,25,3,0,15.7
2019,5,25,4,0,15.2
2019,5,25,5,0,14.7
2019,5,25,6,0,14.3
2019,5,25,7,20,14.4
2019,5,25,8,173,15.4
2019,5,25,9,338,17.1
2019,5,25,10,472,19.8
2019,5,25,11,553,22.1
2019,5,25,12,575,23.7
2019,5,25,13,539,24.5
2019,5,25,14,442,24.6
2019,5,25,15,299,24.3
2019,5,25,16,129,23.1
2019,5,25,17,0,21.7
2019,5,25,18,0,20.9
2019,5,25,19,0,20.2
2019,5,25,20,0,19.4
2019,5,25,21,0,18.7
2019,5,25,22,0,18.1
2019,5,25,23,0,17.6
2019,5,26,0,0,17.1
2019,5,26,1,0,16.8
2019,5,26,2,0,16.6
2019,5,26,3,0,16.3
2019,5,26,4,0,16
2019,5,26,5,0,15.8
2019,5,26,6,0,15.7
2019,5,26,7,6,16.1
2019,5,26,8,48,17
2019,5,26,9,200,17.9
2019,5,26,10,326,19.1
2019,5,26,11,276,20.4
2019,5,26,12,563,21.3
2019,5,26,13,530,21.9
2019,5,26,14,439,22.3
2019,5,26,15,299,22.1
2019,5,26,16,130,21.1
2019,5,26,17,0,19.8
2019,5,26,18,0,18.9
2019,5,26,19,0,18.1
2019,5,26,20,0,17.4
2019,5,26,21,0,16.6
2019,5,26,22,0,15.9
2019,5,26,23,0,15.1
2019,5,27,0,0,14.4
2019,5,27,1,0,13.8
2019,5,27,2,0,13.4
2019,5,27,3,0,13
2019,5,27,4,0,12.9
2019,5,27,5,0,12.9
2019,5,27,6,0,13
2019,5,27,7,19,13.3
2019,5,27,8,174,14.5
2019,5,27,9,341,15.7
2019,5,27,10,471,17
2019,5,27,11,548,18.2
2019,5,27,12,566,18.7
2019,5,27,13,41,18
2019,5,27,14,52,16.6
2019,5,27,15,176,15.7
2019,5,27,16,130,14.9
2019,5,27,17,0,14.1
2019,5,27,18,0,13.5
2019,5,27,19,0,13.3
2019,5,27,20,0,13.2
2019,5,27,21,0,13.1
2019,5,27,22,0,13
2019,5,27,23,0,12.8
2019,5,28,0,0,12.7
2019,5,28,1,0,12.5
2019,5,28,2,0,12.4
2019,5,28,3,0,12.2
2019,5,28,4,0,12.1
2019,5,28,5,0,11.9
2019,5,28,6,0,11.8
2019,5,28,7,19,12.1
2019,5,28,8,174,13.1
2019,5,28,9,342,13.9
2019,5,28,10,473,15
2019,5,28,11,555,16
2019,5,28,12,577,17.1
2019,5,28,13,536,18.1
2019,5,28,14,440,18.6
2019,5,28,15,296,18.5
2019,5,28,16,124,17.6
2019,5,28,17,0,16.2
2019,5,28,18,0,15.1
2019,5,28,19,0,14.3
2019,5,28,20,0,14
2019,5,28,21,0,13.8
2019,5,28,22,0,13.7
2019,5,28,23,0,13.8
2019,5,29,0,0,13.9
2019,5,29,1,0,14
2019,5,29,2,0,14.2
2019,5,29,3,0,14.1
2019,5,29,4,0,14.1
2019,5,29,5,0,14
2019,5,29,6,0,14
2019,5,29,7,17,14.4
2019,5,29,8,167,15.6
2019,5,29,9,331,16.4
2019,5,29,10,461,17.4
2019,5,29,11,542,18.1
2019,5,29,12,566,18.4
2019,5,29,13,528,18.5
2019,5,29,14,433,18.3
2019,5,29,15,290,17.8
2019,5,29,16,122,17
2019,5,29,17,0,16
2019,5,29,18,0,15.3
2019,5,29,19,0,14.5
2019,5,29,20,0,14
2019,5,29,21,0,13.6
2019,5,29,22,0,13.2
2019,5,29,23,0,12.8
2019,5,30,0,0,12.3
2019,5,30,1,0,11.8
2019,5,30,2,0,11.4
2019,5,30,3,0,11
2019,5,30,4,0,10.7
2019,5,30,5,0,10.5
2019,5,30,6,0,10.4
2019,5,30,7,16,10.8
2019,5,30,8,167,11.8
2019,5,30,9,334,13
2019,5,30,10,469,14.2
2019,5,30,11,551,15.2
2019,5,30,12,578,15.9
2019,5,30,13,539,16.2
2019,5,30,14,441,16.4
2019,5,30,15,294,16.3
2019,5,30,16,124,15.5
2019,5,30,17,0,14.6
2019,5,30,18,0,13.8
2019,5,30,19,0,12.7
2019,5,30,20,0,11.7
2019,5,30,21,0,11.1
2019,5,30,22,0,10.9
2019,5,30,23,0,10.8
2019,5,31,0,0,10.6
2019,5,31,1,0,10.5
2019,5,31,2,0,10.5
2019,5,31,3,0,10.6
2019,5,31,4,0,10.8
2019,5,31,5,0,10.9
2019,5,31,6,0,10.9
2019,5,31,7,15,11.3
2019,5,31,8,161,12.6
2019,5,31,9,323,14.2
2019,5,31,10,451,15.9
2019,5,31,11,532,17.3
2019,5,31,12,554,18.1
2019,5,31,13,517,18.7
2019,5,31,14,421,18.9
2019,5,31,15,280,18.8
2019,5,31,16,27,18
2019,5,31,17,0,17.1
2019,5,31,18,0,16.7
2019,5,31,19,0,16
2019,5,31,20,0,15.2
2019,5,31,21,0,14.3
2019,5,31,22,0,13.6
2019,5,31,23,0,13.3
2019,6,1,0,0,13
2019,6,1,1,0,13.2
2019,6,1,2,0,13.6
2019,6,1,3,0,14
2019,6,1,4,0,14.2
2019,6,1,5,0,14.4
2019,6,1,6,0,14.6
2019,6,1,7,12,15
2019,6,1,8,144,16.3
2019,6,1,9,299,17.5
2019,6,1,10,220,18.4
2019,6,1,11,278,19
2019,6,1,12,389,19.3
2019,6,1,13,67,19.3
2019,6,1,14,30,19.1
2019,6,1,15,241,18.9
2019,6,1,16,92,18.5
2019,6,1,17,0,18.1
2019,6,1,18,0,18.1
2019,6,1,19,0,17.8
2019,6,1,20,0,17.4
2019,6,1,21,0,17
2019,6,1,22,0,16.7
2019,6,1,23,0,16.4
2019,6,2,0,0,16.2
2019,6,2,1,0,16
2019,6,2,2,0,15.9
2019,6,2,3,0,15.8
2019,6,2,4,0,15.6
2019,6,2,5,0,15.5
2019,6,2,6,0,15.4
2019,6,2,7,12,15.6
2019,6,2,8,147,16.6
2019,6,2,9,304,17.5
2019,6,2,10,381,18.3
2019,6,2,11,389,18.8
2019,6,2,12,418,19.1
2019,6,2,13,407,19.1
2019,6,2,14,141,18.9
2019,6,2,15,12,18.6
2019,6,2,16,6,18.1
2019,6,2,17,0,17.7
2019,6,2,18,0,17.5
2019,6,2,19,0,17.2
2019,6,2,20,0,16.9
2019,6,2,21,0,16.6
2019,6,2,22,0,16.2
2019,6,2,23,0,15.8
2019,6,3,0,0,15.3
2019,6,3,1,0,15.1
2019,6,3,2,0,14.9
2019,6,3,3,0,14.7
2019,6,3,4,0,14.6
2019,6,3,5,0,14.5
2019,6,3,6,0,14.2
2019,6,3,7,0,14.2
2019,6,3,8,89,14.6
2019,6,3,9,306,15.2
2019,6,3,10,314,15.9
2019,6,3,11,512,16.6
2019,6,3,12,285,17.2
2019,6,3,13,230,17.5
2019,6,3,14,275,17.4
2019,6,3,15,275,17.1
2019,6,3,16,85,16.4
2019,6,3,17,0,15.8
2019,6,3,18,0,15.4
2019,6,3,19,0,14.7
2019,6,3,20,0,13.8
2019,6,3,21,0,13
2019,6,3,22,0,12.5
2019,6,3,23,0,12.3
2019,6,4,0,0,12
2019,6,4,1,0,11.6
2019,6,4,2,0,11
2019,6,4,3,0,10.8
2019,6,4,4,0,11.7
2019,6,4,5,0,12.6
2019,6,4,6,0,13.1
2019,6,4,7,0,13.7
2019,6,4,8,19,13.9
2019,6,4,9,64,14.1
2019,6,4,10,255,14.4
2019,6,4,11,34,14.8
2019,6,4,12,25,15.2
2019,6,4,13,132,15.6
2019,6,4,14,57,15.9
2019,6,4,15,11,16.1
2019,6,4,16,11,16
2019,6,4,17,0,15.9
2019,6,4,18,0,15.8
2019,6,4,19,0,15.5
2019,6,4,20,0,15.3
2019,6,4,21,0,15.1
2019,6,4,22,0,15
2019,6,4,23,0,15.1
2019,6,5,0,0,15.1
2019,6,5,1,0,15.1
2019,6,5,2,0,15.1
2019,6,5,3,0,15
2019,6,5,4,0,14.8
2019,6,5,5,0,14.5
2019,6,5,6,0,14.4
2019,6,5,7,0,14.4
2019,6,5,8,122,14.6
2019,6,5,9,224,15
2019,6,5,10,108,15.4
2019,6,5,11,310,15.5
2019,6,5,12,199,15.7
2019,6,5,13,194,15.8
2019,6,5,14,211,15.8
2019,6,5,15,145,15.6
2019,6,5,16,33,15.2
2019,6,5,17,0,14.6
2019,6,5,18,0,14.4
2019,6,5,19,0,14.1
2019,6,5,20,0,13.9
2019,6,5,21,0,13.8
2019,6,5,22,0,13.5
2019,6,5,23,0,13.3
2019,6,6,0,0,13
2019,6,6,1,0,12.7
2019,6,6,2,0,12.2
2019,6,6,3,0,11.8
2019,6,6,4,0,11.5
2019,6,6,5,0,11.3
2019,6,6,6,0,11.1
2019,6,6,7,0,11.5
2019,6,6,8,148,12.8
2019,6,6,9,309,14.3
2019,6,6,10,436,15.9
2019,6,6,11,513,17.1
2019,6,6,12,534,17.7
2019,6,6,13,502,18
2019,6,6,14,412,18.1
2019,6,6,15,275,18
2019,6,6,16,113,17.2
2019,6,6,17,0,16.6
2019,6,6,18,0,16.5
2019,6,6,19,0,16.5
2019,6,6,20,0,16.6
2019,6,6,21,0,16.6
2019,6,6,22,0,16.6
2019,6,6,23,0,16.4
2019,6,7,0,0,16.2
2019,6,7,1,0,16.1
2019,6,7,2,0,15.9
2019,6,7,3,0,15.5
2019,6,7,4,0,15.3
2019,6,7,5,0,15.1
2019,6,7,6,0,15
2019,6,7,7,0,15
2019,6,7,8,69,16
2019,6,7,9,295,17.1
2019,6,7,10,44,18.2
2019,6,7,11,190,19
2019,6,7,12,60,19.3
2019,6,7,13,130,19.4
2019,6,7,14,105,19.3
2019,6,7,15,271,19
2019,6,7,16,109,18.1
2019,6,7,17,0,17.5
2019,6,7,18,0,17.4
2019,6,7,19,0,17.2
2019,6,7,20,0,17
2019,6,7,21,0,16.9
2019,6,7,22,0,17.1
2019,6,7,23,0,17.1
2019,6,8,0,0,16.8
2019,6,8,1,0,16.7
2019,6,8,2,0,16.3
2019,6,8,3,0,15.9
2019,6,8,4,0,15.7
2019,6,8,5,0,15.3
2019,6,8,6,0,14.9
2019,6,8,7,0,14.6
2019,6,8,8,81,14.9
2019,6,8,9,227,15.3
2019,6,8,10,149,15.5
2019,6,8,11,142,15.9
2019,6,8,12,163,16.2
2019,6,8,13,197,16.6
2019,6,8,14,95,17.1
2019,6,8,15,10,17
2019,6,8,16,20,16.6
2019,6,8,17,0,16.3
2019,6,8,18,0,16.2
2019,6,8,19,0,16
2019,6,8,20,0,15.7
2019,6,8,21,0,15.3
2019,6,8,22,0,15.1
2019,6,8,23,0,14.8
2019,6,9,0,0,14.6
2019,6,9,1,0,14.4
2019,6,9,2,0,14.2
2019,6,9,3,0,13.9
2019,6,9,4,0,13.6
2019,6,9,5,0,13.5
2019,6,9,6,0,13.3
2019,6,9,7,0,13.6
2019,6,9,8,137,14.8
2019,6,9,9,294,16.4
2019,6,9,10,428,18
2019,6,9,11,509,19.3
2019,6,9,12,532,20.1
2019,6,9,13,497,20.7
2019,6,9,14,407,21
2019,6,9,15,269,20.8
2019,6,9,16,46,19.9
2019,6,9,17,0,19
2019,6,9,18,0,18.7
2019,6,9,19,0,18.6
2019,6,9,20,0,18.4
2019,6,9,21,0,18.1
2019,6,9,22,0,17.7
2019,6,9,23,0,17.1
2019,6,10,0,0,16.6
2019,6,10,1,0,16.2
2019,6,10,2,0,15.6
2019,6,10,3,0,15.1
2019,6,10,4,0,14.7
2019,6,10,5,0,14.3
2019,6,10,6,0,13.9
2019,6,10,7,0,14
2019,6,10,8,137,15
2019,6,10,9,293,16.3
2019,6,10,10,420,18.2
2019,6,10,11,498,19.7
2019,6,10,12,302,21
2019,6,10,13,338,21.9
2019,6,10,14,76,22.3
2019,6,10,15,268,22.2
2019,6,10,16,32,21.1
2019,6,10,17,0,20.2
2019,6,10,18,0,19.4
2019,6,10,19,0,18.7
2019,6,10,20,0,18.2
2019,6,10,21,0,17.7
2019,6,10,22,0,17.2
2019,6,10,23,0,16.8
2019,6,11,0,0,16.3
2019,6,11,1,0,16
2019,6,11,2,0,15.7
2019,6,11,3,0,15.4
2019,6,11,4,0,15.2
2019,6,11,5,0,14.8
2019,6,11,6,0,14.5
2019,6,11,7,0,14.5
2019,6,11,8,143,15.8
2019,6,11,9,304,17.5
2019,6,11,10,436,19.2
2019,6,11,11,518,20.2
2019,6,11,12,542,20.8
2019,6,11,13,507,20.9
2019,6,11,14,416,20.8
2019,6,11,15,276,20.4
2019,6,11,16,113,19.1
2019,6,11,17,0,18.2
2019,6,11,18,0,17.8
2019,6,11,19,0,17.6
2019,6,11,20,0,17.6
2019,6,11,21,0,17.7
2019,6,11,22,0,17.7
2019,6,11,23,0,17.5
2019,6,12,0,0,17.1
2019,6,12,1,0,16.6
2019,6,12,2,0,16.1
2019,6,12,3,0,15.7
2019,6,12,4,0,15.4
2019,6,12,5,0,15
2019,6,12,6,0,14.7
2019,6,12,7,0,14.7
2019,6,12,8,135,15.4
2019,6,12,9,293,16.1
2019,6,12,10,322,17.1
2019,6,12,11,428,18.5
2019,6,12,12,331,20.1
2019,6,12,13,358,21.3
2019,6,12,14,402,21.9
2019,6,12,15,199,21.7
2019,6,12,16,77,20.8
2019,6,12,17,0,20.1
2019,6,12,18,0,19.7
2019,6,12,19,0,19.4
2019,6,12,20,0,19.1
2019,6,12,21,0,18.9
2019,6,12,22,0,18.7
2019,6,12,23,0,18.5
2019,6,13,0,0,18.3
2019,6,13,1,0,18.1
2019,6,13,2,0,18
2019,6,13,3,0,17.9
2019,6,13,4,0,17.9
2019,6,13,5,0,17.7
2019,6,13,6,0,17.5
2019,6,13,7,0,17.4
2019,6,13,8,73,18.1
2019,6,13,9,202,18.3
2019,6,13,10,168,18.4
2019,6,13,11,337,19.9
2019,6,13,12,108,21.6
2019,6,13,13,265,22.3
2019,6,13,14,186,22.3
2019,6,13,15,223,21.8
2019,6,13,16,85,21
2019,6,13,17,0,20.1
2019,6,13,18,0,19.3
2019,6,13,19,0,18.4
2019,6,13,20,0,17.4
2019,6,13,21,0,16.7
2019,6,13,22,0,16.1
2019,6,13,23,0,15.5
2019,6,14,0,0,15.2
2019,6,14,1,0,14.9
2019,6,14,2,0,14.5
2019,6,14,3,0,14.1
2019,6,14,4,0,13.8
2019,6,14,5,0,13.5
2019,6,14,6,0,13.2
2019,6,14,7,0,13.4
2019,6,14,8,136,14.3
2019,6,14,9,296,15.4
2019,6,14,10,334,16.4
2019,6,14,11,436,17
2019,6,14,12,441,17.5
2019,6,14,13,399,18
2019,6,14,14,294,18
2019,6,14,15,223,17.9
2019,6,14,16,92,17.5
2019,6,14,17,0,17.4
2019,6,14,18,0,17.3
2019,6,14,19,0,16.8
2019,6,14,20,0,15.9
2019,6,14,21,0,15.1
2019,6,14,22,0,14.5
2019,6,14,23,0,14
2019,6,15,0,0,13.5
2019,6,15,1,0,13.1
2019,6,15,2,0,12.7
2019,6,15,3,0,12.3
2019,6,15,4,0,12.1
2019,6,15,5,0,11.8
2019,6,15,6,0,11.7
2019,6,15,7,0,12
2019,6,15,8,136,13.4
2019,6,15,9,296,14.9
2019,6,15,10,427,16.3
2019,6,15,11,506,17.5
2019,6,15,12,531,18.1
2019,6,15,13,491,18.3
2019,6,15,14,108,18.2
2019,6,15,15,264,17.9
2019,6,15,16,39,17.1
2019,6,15,17,0,16.4
2019,6,15,18,0,16.3
2019,6,15,19,0,16.3
2019,6,15,20,0,16.2
2019,6,15,21,0,16.3
2019,6,15,22,0,16.1
2019,6,15,23,0,15.9
2019,6,16,0,0,15.8
2019,6,16,1,0,15.7
2019,6,16,2,0,15.7
2019,6,16,3,0,15.4
2019,6,16,4,0,15.1
2019,6,16,5,0,15
2019,6,16,6,0,15
2019,6,16,7,0,15.4
2019,6,16,8,55,16.1
2019,6,16,9,189,16.5
2019,6,16,10,57,17
2019,6,16,11,106,17.2
2019,6,16,12,159,17.1
2019,6,16,13,178,17
2019,6,16,14,232,17
2019,6,16,15,136,16.7
2019,6,16,16,44,16.2
2019,6,16,17,0,15.9
2019,6,16,18,0,15.8
2019,6,16,19,0,15.7
2019,6,16,20,0,15.7
2019,6,16,21,0,15.6
2019,6,16,22,0,15.5
2019,6,16,23,0,15.5
2019,6,17,0,0,15.5
2019,6,17,1,0,15.4
2019,6,17,2,0,15.2
2019,6,17,3,0,15.1
2019,6,17,4,0,14.9
2019,6,17,5,0,14.8
2019,6,17,6,0,14.7
2019,6,17,7,0,14.8
2019,6,17,8,84,15.2
2019,6,17,9,218,15.4
2019,6,17,10,196,15.9
2019,6,17,11,355,16.4
2019,6,17,12,186,16.8
2019,6,17,13,353,17
2019,6,17,14,125,16.9
2019,6,17,15,165,16.6
2019,6,17,16,50,16.2
2019,6,17,17,0,16
2019,6,17,18,0,16.1
2019,6,17,19,0,16
2019,6,17,20,0,15.8
2019,6,17,21,0,15.8
2019,6,17,22,0,15.7
2019,6,17,23,0,15.7
2019,6,18,0,0,15.6
2019,6,18,1,0,15.5
2019,6,18,2,0,15.5
2019,6,18,3,0,15.4
2019,6,18,4,0,15.3
2019,6,18,5,0,15.2
2019,6,18,6,0,15.2
2019,6,18,7,0,15.2
2019,6,18,8,8,15.5
2019,6,18,9,31,15.7
2019,6,18,10,314,16.1
2019,6,18,11,476,16.7
2019,6,18,12,293,17.1
2019,6,18,13,291,17.4
2019,6,18,14,239,17.5
2019,6,18,15,170,17.2
2019,6,18,16,60,16.7
2019,6,18,17,0,16.4
2019,6,18,18,0,16.4
2019,6,18,19,0,16.3
2019,6,18,20,0,16.1
2019,6,18,21,0,15.8
2019,6,18,22,0,15.2
2019,6,18,23,0,14.6
2019,6,19,0,0,14.1
2019,6,19,1,0,13.6
2019,6,19,2,0,13.1
2019,6,19,3,0,12.7
2019,6,19,4,0,12.3
2019,6,19,5,0,11.9
2019,6,19,6,0,11.7
2019,6,19,7,0,11.8
2019,6,19,8,134,12.9
2019,6,19,9,295,14
2019,6,19,10,426,15
2019,6,19,11,512,15.7
2019,6,19,12,397,16.1
2019,6,19,13,508,16.4
2019,6,19,14,420,16.4
2019,6,19,15,282,16.1
2019,6,19,16,118,15.1
2019,6,19,17,0,14.3
2019,6,19,18,0,14
2019,6,19,19,0,13.9
2019,6,19,20,0,13.6
2019,6,19,21,0,13.4
2019,6,19,22,0,13.1
2019,6,19,23,0,12.8
2019,6,20,0,0,12.5
2019,6,20,1,0,12.2
2019,6,20,2,0,11.9
2019,6,20,3,0,11.6
2019,6,20,4,0,11.3
2019,6,20,5,0,11.1
2019,6,20,6,0,11
2019,6,20,7,0,11.2
2019,6,20,8,74,12.4
2019,6,20,9,292,13.7
2019,6,20,10,422,14.7
2019,6,20,11,351,15.3
2019,6,20,12,311,15.6
2019,6,20,13,354,15.6
2019,6,20,14,280,15.4
2019,6,20,15,145,15
2019,6,20,16,48,14.4
2019,6,20,17,0,14
2019,6,20,18,0,13.9
2019,6,20,19,0,13.9
2019,6,20,20,0,14
2019,6,20,21,0,14.1
2019,6,20,22,0,13.8
2019,6,20,23,0,13.3
2019,6,21,0,0,13
2019,6,21,1,0,12.5
2019,6,21,2,0,11.8
2019,6,21,3,0,11.5
2019,6,21,4,0,11
2019,6,21,5,0,10.8
2019,6,21,6,0,10.5
2019,6,21,7,0,10.5
2019,6,21,8,130,11.2
2019,6,21,9,290,12.1
2019,6,21,10,423,12.9
2019,6,21,11,507,13.5
2019,6,21,12,533,14
2019,6,21,13,501,14.4
2019,6,21,14,411,14.6
2019,6,21,15,273,14.5
2019,6,21,16,77,13.9
2019,6,21,17,0,13.3
2019,6,21,18,0,13.3
2019,6,21,19,0,13.1
2019,6,21,20,0,12.9
2019,6,21,21,0,12.7
2019,6,21,22,0,12.4
2019,6,21,23,0,12.3
2019,6,22,0,0,12.1
2019,6,22,1,0,11.8
2019,6,22,2,0,11.3
2019,6,22,3,0,11.1
2019,6,22,4,0,10.9
2019,6,22,5,0,10.9
2019,6,22,6,0,11
2019,6,22,7,0,11.2
2019,6,22,8,116,12
2019,6,22,9,271,13
2019,6,22,10,114,14
2019,6,22,11,252,14.7
2019,6,22,12,362,15.2
2019,6,22,13,477,15.4
2019,6,22,14,386,15.4
2019,6,22,15,116,15.2
2019,6,22,16,23,14.8
2019,6,22,17,0,14.4
2019,6,22,18,0,14.1
2019,6,22,19,0,13.6
2019,6,22,20,0,13.2
2019,6,22,21,0,13.2
2019,6,22,22,0,13.2
2019,6,22,23,0,13
2019,6,23,0,0,12.8
2019,6,23,1,0,12.4
2019,6,23,2,0,12.1
2019,6,23,3,0,12
2019,6,23,4,0,12
2019,6,23,5,0,11.9
2019,6,23,6,0,11.9
2019,6,23,7,0,12.2
2019,6,23,8,38,12.9
2019,6,23,9,100,13.6
2019,6,23,10,385,14.2
2019,6,23,11,466,14.6
2019,6,23,12,326,14.9
2019,6,23,13,475,15.1
2019,6,23,14,228,15.1
2019,6,23,15,184,15
2019,6,23,16,92,14.6
2019,6,23,17,0,14.3
2019,6,23,18,0,14.3
2019,6,23,19,0,14.3
2019,6,23,20,0,14.4
2019,6,23,21,0,14.5
2019,6,23,22,0,14.5
2019,6,23,23,0,14.4
2019,6,24,0,0,14.2
2019,6,24,1,0,14.2
2019,6,24,2,0,14.2
2019,6,24,3,0,14.2
2019,6,24,4,0,14.3
2019,6,24,5,0,14.3
2019,6,24,6,0,14.4
2019,6,24,7,0,14.7
2019,6,24,8,50,15.4
2019,6,24,9,96,16
2019,6,24,10,247,16.6
2019,6,24,11,125,17.1
2019,6,24,12,388,17.4
2019,6,24,13,84,17.5
2019,6,24,14,30,17.3
2019,6,24,15,64,17.2
2019,6,24,16,42,16.7
2019,6,24,17,0,16.4
2019,6,24,18,0,16.5
2019,6,24,19,0,16.5
2019,6,24,20,0,16.5
2019,6,24,21,0,16.4
2019,6,24,22,0,16.3
2019,6,24,23,0,16
2019,6,25,0,0,15.7
2019,6,25,1,0,15.6
2019,6,25,2,0,15.4
2019,6,25,3,0,15.3
2019,6,25,4,0,15.3
2019,6,25,5,0,15.3
2019,6,25,6,0,15.4
2019,6,25,7,0,15.6
2019,6,25,8,123,16.3
2019,6,25,9,224,16.9
2019,6,25,10,412,17.5
2019,6,25,11,495,18
2019,6,25,12,522,18.2
2019,6,25,13,202,18.2
2019,6,25,14,200,18
2019,6,25,15,268,17.7
2019,6,25,16,111,16.9
2019,6,25,17,0,16.5
2019,6,25,18,0,16.3
2019,6,25,19,0,16.2
2019,6,25,20,0,16.1
2019,6,25,21,0,16
2019,6,25,22,0,15.9
2019,6,25,23,0,15.9
2019,6,26,0,0,16
2019,6,26,1,0,16.1
2019,6,26,2,0,16.1
2019,6,26,3,0,16.1
2019,6,26,4,0,16.1
2019,6,26,5,0,16
2019,6,26,6,0,16
2019,6,26,7,0,16.1
2019,6,26,8,123,16.9
2019,6,26,9,279,17.3
2019,6,26,10,285,17.6
2019,6,26,11,229,17.9
2019,6,26,12,520,18.2
2019,6,26,13,490,18.3
2019,6,26,14,403,18.2
2019,6,26,15,271,17.9
2019,6,26,16,60,17.1
2019,6,26,17,0,16.4
2019,6,26,18,0,16.1
2019,6,26,19,0,15.9
2019,6,26,20,0,15.7
2019,6,26,21,0,15.6
2019,6,26,22,0,15.5
2019,6,26,23,0,15.4
2019,6,27,0,0,15.4
2019,6,27,1,0,15.3
2019,6,27,2,0,15.2
2019,6,27,3,0,15.2
2019,6,27,4,0,15
2019,6,27,5,0,14.7
2019,6,27,6,0,14.4
2019,6,27,7,0,14.5
2019,6,27,8,124,15.5
2019,6,27,9,281,16.4
2019,6,27,10,409,17.3
2019,6,27,11,492,18.3
2019,6,27,12,520,19
2019,6,27,13,493,19.3
2019,6,27,14,406,19.3
2019,6,27,15,273,19.1
2019,6,27,16,116,18.2
2019,6,27,17,0,17.3
2019,6,27,18,0,17
2019,6,27,19,0,16.7
2019,6,27,20,0,16.5
2019,6,27,21,0,16.3
2019,6,27,22,0,16.1
2019,6,27,23,0,15.9
2019,6,28,0,0,15.7
2019,6,28,1,0,15.4
2019,6,28,2,0,15
2019,6,28,3,0,14.5
2019,6,28,4,0,14.1
2019,6,28,5,0,13.7
2019,6,28,6,0,13.4
2019,6,28,7,0,13.6
2019,6,28,8,126,14.8
2019,6,28,9,285,15.9
2019,6,28,10,415,17.2
2019,6,28,11,500,18.4
2019,6,28,12,528,19.3
2019,6,28,13,498,19.7
2019,6,28,14,411,19.8
2019,6,28,15,278,19.6
2019,6,28,16,117,18.6
2019,6,28,17,0,17.6
2019,6,28,18,0,17.2
2019,6,28,19,0,16.9
2019,6,28,20,0,16.6
2019,6,28,21,0,16.4
2019,6,28,22,0,16
2019,6,28,23,0,15.6
2019,6,29,0,0,15.2
2019,6,29,1,0,14.8
2019,6,29,2,0,14.2
2019,6,29,3,0,13.7
2019,6,29,4,0,13.2
2019,6,29,5,0,12.9
2019,6,29,6,0,12.6
2019,6,29,7,0,12.7
2019,6,29,8,126,13.7
2019,6,29,9,285,15
2019,6,29,10,417,16.5
2019,6,29,11,501,17.9
2019,6,29,12,529,19
2019,6,29,13,498,19.6
2019,6,29,14,410,19.9
2019,6,29,15,278,19.7
2019,6,29,16,119,18.8
2019,6,29,17,0,17.8
2019,6,29,18,0,17.3
2019,6,29,19,0,17.1
2019,6,29,20,0,16.8
2019,6,29,21,0,16.5
2019,6,29,22,0,16
2019,6,29,23,0,15.6
2019,6,30,0,0,15.8
2019,6,30,1,0,15.9
2019,6,30,2,0,15.6
2019,6,30,3,0,15.2
2019,6,30,4,0,14.9
2019,6,30,5,0,14.4
2019,6,30,6,0,13.9
2019,6,30,7,0,13.6
2019,6,30,8,130,14.2
2019,6,30,9,294,14.6
2019,6,30,10,430,15.2
2019,6,30,11,514,15.9
2019,6,30,12,542,16.5
2019,6,30,13,511,16.8
2019,6,30,14,422,17.1
2019,6,30,15,285,17.1
2019,6,30,16,122,16.4
2019,6,30,17,0,15.7
2019,6,30,18,0,15.1
2019,6,30,19,0,14.2
2019,6,30,20,0,13.5
2019,6,30,21,0,12.9
2019,6,30,22,0,12.3
2019,6,30,23,0,12
2019,7,1,0,0,11.6
2019,7,1,1,0,11.3
2019,7,1,2,0,11.1
2019,7,1,3,0,10.9
2019,7,1,4,0,10.7
2019,7,1,5,0,10.5
2019,7,1,6,0,10.3
2019,7,1,7,0,10.3
2019,7,1,8,100,11.3
2019,7,1,9,232,12.4
2019,7,1,10,366,13.5
2019,7,1,11,512,14.8
2019,7,1,12,542,15.9
2019,7,1,13,513,16.7
2019,7,1,14,424,17
2019,7,1,15,229,16.9
2019,7,1,16,76,15.9
2019,7,1,17,0,15.1
2019,7,1,18,0,14.7
2019,7,1,19,0,14.4
2019,7,1,20,0,14
2019,7,1,21,0,13.7
2019,7,1,22,0,13.3
2019,7,1,23,0,13.1
2019,7,2,0,0,13
2019,7,2,1,0,12.6
2019,7,2,2,0,12.1
2019,7,2,3,0,11.7
2019,7,2,4,0,11.5
2019,7,2,5,0,11.2
2019,7,2,6,0,11
2019,7,2,7,0,11.1
2019,7,2,8,59,12.1
2019,7,2,9,177,13.3
2019,7,2,10,302,14.8
2019,7,2,11,423,16.6
2019,7,2,12,349,17.8
2019,7,2,13,433,18.6
2019,7,2,14,429,19.2
2019,7,2,15,293,19.4
2019,7,2,16,128,18.6
2019,7,2,17,0,18.2
2019,7,2,18,0,17.8
2019,7,2,19,0,17.1
2019,7,2,20,0,15.9
2019,7,2,21,0,14.7
2019,7,2,22,0,13.7
2019,7,2,23,0,12.9
2019,7,3,0,0,12.4
2019,7,3,1,0,12.2
2019,7,3,2,0,12.4
2019,7,3,3,0,12.6
2019,7,3,4,0,12.8
2019,7,3,5,0,13.2
2019,7,3,6,0,13.8
2019,7,3,7,0,14.3
2019,7,3,8,126,15.6
2019,7,3,9,285,17.1
2019,7,3,10,415,18.4
2019,7,3,11,498,18.9
2019,7,3,12,526,19
2019,7,3,13,492,18.9
2019,7,3,14,304,18.8
2019,7,3,15,272,18.4
2019,7,3,16,115,17.5
2019,7,3,17,0,16.9
2019,7,3,18,0,16.6
2019,7,3,19,0,16.5
2019,7,3,20,0,16.4
2019,7,3,21,0,16.3
2019,7,3,22,0,16.2
2019,7,3,23,0,16.1
2019,7,4,0,0,16.1
2019,7,4,1,0,15.9
2019,7,4,2,0,15.7
2019,7,4,3,0,15.6
2019,7,4,4,0,15.4
2019,7,4,5,0,15.4
2019,7,4,6,0,15.5
2019,7,4,7,0,15.8
2019,7,4,8,16,16.6
2019,7,4,9,276,17.2
2019,7,4,10,156,17.5
2019,7,4,11,244,17.9
2019,7,4,12,385,18.1
2019,7,4,13,115,18.1
2019,7,4,14,66,18
2019,7,4,15,133,17.7
2019,7,4,16,50,17.1
2019,7,4,17,0,16.7
2019,7,4,18,0,16.7
2019,7,4,19,0,16.6
2019,7,4,20,0,16.6
2019,7,4,21,0,16.5
2019,7,4,22,0,16.5
2019,7,4,23,0,16.4
2019,7,5,0,0,16.3
2019,7,5,1,0,16.2
2019,7,5,2,0,16.1
2019,7,5,3,0,16.1
2019,7,5,4,0,16
2019,7,5,5,0,15.9
2019,7,5,6,0,15.8
2019,7,5,7,0,16
2019,7,5,8,123,16.8
2019,7,5,9,282,17.4
2019,7,5,10,186,17.8
2019,7,5,11,134,18.1
2019,7,5,12,126,18.2
2019,7,5,13,495,18.1
2019,7,5,14,236,18.1
2019,7,5,15,126,17.9
2019,7,5,16,48,17.3
2019,7,5,17,0,17
2019,7,5,18,0,17
2019,7,5,19,0,17
2019,7,5,20,0,17
2019,7,5,21,0,16.9
2019,7,5,22,0,16.8
2019,7,5,23,0,16.8
2019,7,6,0,0,16.8
2019,7,6,1,0,16.7
2019,7,6,2,0,16.5
2019,7,6,3,0,16.4
2019,7,6,4,0,16.2
2019,7,6,5,0,16.2
2019,7,6,6,0,16.1
2019,7,6,7,0,16.3
2019,7,6,8,130,17
2019,7,6,9,34,17.4
2019,7,6,10,181,17.7
2019,7,6,11,504,17.9
2019,7,6,12,534,18.1
2019,7,6,13,350,18.2
2019,7,6,14,418,18.3
2019,7,6,15,286,18.2
2019,7,6,16,126,17.7
2019,7,6,17,0,17.3
2019,7,6,18,0,17.2
2019,7,6,19,0,17.1
2019,7,6,20,0,16.9
2019,7,6,21,0,16.7
2019,7,6,22,0,16.5
2019,7,6,23,0,16.4
2019,7,7,0,0,16.2
2019,7,7,1,0,16
2019,7,7,2,0,15.8
2019,7,7,3,0,15.7
2019,7,7,4,0,15.6
2019,7,7,5,0,15.3
2019,7,7,6,0,14.9
2019,7,7,7,0,14.7
2019,7,7,8,129,15.2
2019,7,7,9,289,15.7
2019,7,7,10,228,16.4
2019,7,7,11,509,17.3
2019,7,7,12,539,18.2
2019,7,7,13,511,18.7
2019,7,7,14,424,19
2019,7,7,15,290,18.8
2019,7,7,16,129,18.1
2019,7,7,17,0,17.2
2019,7,7,18,0,16.7
2019,7,7,19,0,16.4
2019,7,7,20,0,16.3
2019,7,7,21,0,16.2
2019,7,7,22,0,16
2019,7,7,23,0,15.5
2019,7,8,0,0,14.9
2019,7,8,1,0,14.4
2019,7,8,2,0,14
2019,7,8,3,0,13.8
2019,7,8,4,0,13.6
2019,7,8,5,0,13.5
2019,7,8,6,0,13.4
2019,7,8,7,0,13.4
2019,7,8,8,90,13.8
2019,7,8,9,204,14.1
2019,7,8,10,252,14.9
2019,7,8,11,280,15.6
2019,7,8,12,339,16.2
2019,7,8,13,411,16.8
2019,7,8,14,322,17.4
2019,7,8,15,224,17.9
2019,7,8,16,97,17.5
2019,7,8,17,0,17
2019,7,8,18,0,16.7
2019,7,8,19,0,16.3
2019,7,8,20,0,15.7
2019,7,8,21,0,15
2019,7,8,22,0,14.5
2019,7,8,23,0,14.2
2019,7,9,0,0,13.8
2019,7,9,1,0,13.5
2019,7,9,2,0,13.3
2019,7,9,3,0,13
2019,7,9,4,0,12.7
2019,7,9,5,0,12.5
2019,7,9,6,0,12.3
2019,7,9,7,0,12.5
2019,7,9,8,134,13.6
2019,7,9,9,300,14.7
2019,7,9,10,436,15.7
2019,7,9,11,525,16.3
2019,7,9,12,556,16.7
2019,7,9,13,526,16.9
2019,7,9,14,437,17.1
2019,7,9,15,301,17.1
2019,7,9,16,136,16.3
2019,7,9,17,0,15.7
2019,7,9,18,0,15.7
2019,7,9,19,0,15.1
2019,7,9,20,0,14.3
2019,7,9,21,0,13.3
2019,7,9,22,0,12.7
2019,7,9,23,0,12.2
2019,7,10,0,0,11.8
2019,7,10,1,0,11.5
2019,7,10,2,0,11.3
2019,7,10,3,0,11.1
2019,7,10,4,0,10.9
2019,7,10,5,0,10.7
2019,7,10,6,0,10.6
2019,7,10,7,0,10.8
2019,7,10,8,137,12
2019,7,10,9,303,13.2
2019,7,10,10,441,14.4
2019,7,10,11,529,15.3
2019,7,10,12,560,16
2019,7,10,13,530,16.6
2019,7,10,14,440,16.9
2019,7,10,15,304,17
2019,7,10,16,139,16.2
2019,7,10,17,0,15.2
2019,7,10,18,0,14.5
2019,7,10,19,0,14.1
2019,7,10,20,0,13.4
2019,7,10,21,0,12.7
2019,7,10,22,0,12.2
2019,7,10,23,0,11.8
2019,7,11,0,0,11.5
2019,7,11,1,0,11.4
2019,7,11,2,0,11.5
2019,7,11,3,0,11.7
2019,7,11,4,0,11.9
2019,7,11,5,0,12.3
2019,7,11,6,0,12.6
2019,7,11,7,0,13.1
2019,7,11,8,101,14.5
2019,7,11,9,295,15.9
2019,7,11,10,433,16.9
2019,7,11,11,524,17.3
2019,7,11,12,561,17.6
2019,7,11,13,533,17.8
2019,7,11,14,443,17.7
2019,7,11,15,306,17.4
2019,7,11,16,140,16.4
2019,7,11,17,0,15.5
2019,7,11,18,0,14.9
2019,7,11,19,0,14.3
2019,7,11,20,0,13.7
2019,7,11,21,0,13.3
2019,7,11,22,0,13
2019,7,11,23,0,12.9
2019,7,12,0,0,12.9
2019,7,12,1,0,12.8
2019,7,12,2,0,12.7
2019,7,12,3,0,12.7
2019,7,12,4,0,12.8
2019,7,12,5,0,12.8
2019,7,12,6,0,12.7
2019,7,12,7,0,13
2019,7,12,8,136,14.4
2019,7,12,9,300,15.7
2019,7,12,10,435,16.9
2019,7,12,11,522,17.9
2019,7,12,12,553,18.6
2019,7,12,13,524,18.9
2019,7,12,14,438,18.9
2019,7,12,15,302,18.5
2019,7,12,16,138,17.6
2019,7,12,17,0,16.6
2019,7,12,18,0,16.1
2019,7,12,19,0,15.7
2019,7,12,20,0,15.4
2019,7,12,21,0,15.2
2019,7,12,22,0,15
2019,7,12,23,0,14.8
2019,7,13,0,0,14.6
2019,7,13,1,0,14.2
2019,7,13,2,0,13.9
2019,7,13,3,0,13.5
2019,7,13,4,0,13.3
2019,7,13,5,0,13.1
2019,7,13,6,0,12.9
2019,7,13,7,0,13
2019,7,13,8,89,13.7
2019,7,13,9,308,13.8
2019,7,13,10,452,14.1
2019,7,13,11,545,14.5
2019,7,13,12,574,14.7
2019,7,13,13,543,14.9
2019,7,13,14,452,14.9
2019,7,13,15,316,14.7
2019,7,13,16,147,14
2019,7,13,17,0,13.2
2019,7,13,18,0,12.6
2019,7,13,19,0,12.1
2019,7,13,20,0,11.8
2019,7,13,21,0,11.5
2019,7,13,22,0,11.3
2019,7,13,23,0,11.1
2019,7,14,0,0,10.9
2019,7,14,1,0,10.6
2019,7,14,2,0,10.3
2019,7,14,3,0,10
2019,7,14,4,0,9.7
2019,7,14,5,0,9.4
2019,7,14,6,0,9.2
2019,7,14,7,0,9.4
2019,7,14,8,147,10.4
2019,7,14,9,317,11.3
2019,7,14,10,456,12.6
2019,7,14,11,544,13.7
2019,7,14,12,575,14.8
2019,7,14,13,543,15.7
2019,7,14,14,455,16
2019,7,14,15,318,15.6
2019,7,14,16,151,14.3
2019,7,14,17,0,13
2019,7,14,18,0,12.1
2019,7,14,19,0,11.5
2019,7,14,20,0,11.5
2019,7,14,21,0,11.7
2019,7,14,22,0,11.8
2019,7,14,23,0,11.7
2019,7,15,0,0,12
2019,7,15,1,0,12.3
2019,7,15,2,0,12.6
2019,7,15,3,0,12.9
2019,7,15,4,0,13
2019,7,15,5,0,12.9
2019,7,15,6,0,12.9
2019,7,15,7,0,13.1
2019,7,15,8,139,13.8
2019,7,15,9,307,14.6
2019,7,15,10,442,15.4
2019,7,15,11,312,16
2019,7,15,12,563,16.4
2019,7,15,13,538,16.9
2019,7,15,14,452,17.1
2019,7,15,15,314,17.1
2019,7,15,16,148,16.3
2019,7,15,17,0,15.4
2019,7,15,18,0,14.8
2019,7,15,19,0,13.9
2019,7,15,20,0,12.9
2019,7,15,21,0,12.4
2019,7,15,22,0,12.3
2019,7,15,23,0,12.2
2019,7,16,0,0,12.2
2019,7,16,1,0,12.2
2019,7,16,2,0,12.1
2019,7,16,3,0,12
2019,7,16,4,0,11.9
2019,7,16,5,0,11.7
2019,7,16,6,0,11.6
2019,7,16,7,0,11.9
2019,7,16,8,147,13.2
2019,7,16,9,314,14.5
2019,7,16,10,451,15.8
2019,7,16,11,541,17
2019,7,16,12,573,18
2019,7,16,13,544,18.6
2019,7,16,14,457,19
2019,7,16,15,319,18.8
2019,7,16,16,151,17.7
2019,7,16,17,0,16.5
2019,7,16,18,0,15.8
2019,7,16,19,0,14.9
2019,7,16,20,0,14
2019,7,16,21,0,13.5
2019,7,16,22,0,13.2
2019,7,16,23,0,12.9
2019,7,17,0,0,12.7
2019,7,17,1,0,12.5
2019,7,17,2,0,12.3
2019,7,17,3,0,12
2019,7,17,4,0,11.9
2019,7,17,5,0,11.7
2019,7,17,6,0,11.5
2019,7,17,7,0,11.7
2019,7,17,8,146,12.8
2019,7,17,9,313,14
2019,7,17,10,451,15.2
2019,7,17,11,540,16.3
2019,7,17,12,572,17.3
2019,7,17,13,545,18.2
2019,7,17,14,460,18.9
2019,7,17,15,325,18.9
2019,7,17,16,156,17.7
2019,7,17,17,0,15.9
2019,7,17,18,0,14.6
2019,7,17,19,0,13.6
2019,7,17,20,0,13.1
2019,7,17,21,0,13
2019,7,17,22,0,13
2019,7,17,23,0,13.1
2019,7,18,0,0,13
2019,7,18,1,0,13
2019,7,18,2,0,13
2019,7,18,3,0,13
2019,7,18,4,0,12.9
2019,7,18,5,0,12.8
2019,7,18,6,0,12.6
2019,7,18,7,0,12.9
2019,7,18,8,152,14.1
2019,7,18,9,323,14.9
2019,7,18,10,462,15.8
2019,7,18,11,550,16.7
2019,7,18,12,583,17.4
2019,7,18,13,554,17.8
2019,7,18,14,464,18
2019,7,18,15,326,17.8
2019,7,18,16,158,16.9
2019,7,18,17,0,15.9
2019,7,18,18,0,15.6
2019,7,18,19,0,15.3
2019,7,18,20,0,14.3
2019,7,18,21,0,13.2
2019,7,18,22,0,12.2
2019,7,18,23,0,11.4
2019,7,19,0,0,10.7
2019,7,19,1,0,10.2
2019,7,19,2,0,9.9
2019,7,19,3,0,9.6
2019,7,19,4,0,9.5
2019,7,19,5,0,9.3
2019,7,19,6,0,9.2
2019,7,19,7,0,9.6
2019,7,19,8,150,11.3
2019,7,19,9,318,13.3
2019,7,19,10,457,15.2
2019,7,19,11,547,16.6
2019,7,19,12,579,17.6
2019,7,19,13,550,18.2
2019,7,19,14,463,18.3
2019,7,19,15,326,18.1
2019,7,19,16,158,17.1
2019,7,19,17,0,15.9
2019,7,19,18,0,15.4
2019,7,19,19,0,15.3
2019,7,19,20,0,15.3
2019,7,19,21,0,15
2019,7,19,22,0,14.6
2019,7,19,23,0,13.8
2019,7,20,0,0,13.4
2019,7,20,1,0,12.9
2019,7,20,2,0,12.4
2019,7,20,3,0,11.9
2019,7,20,4,0,11.5
2019,7,20,5,0,11
2019,7,20,6,0,10.5
2019,7,20,7,0,10.5
2019,7,20,8,150,11.6
2019,7,20,9,320,12.8
2019,7,20,10,460,14.2
2019,7,20,11,551,15.5
2019,7,20,12,586,16.8
2019,7,20,13,557,17.9
2019,7,20,14,469,18.6
2019,7,20,15,331,18.7
2019,7,20,16,161,17.6
2019,7,20,17,0,16.4
2019,7,20,18,0,15.8
2019,7,20,19,0,15.3
2019,7,20,20,0,14.8
2019,7,20,21,0,14.3
2019,7,20,22,0,13.6
2019,7,20,23,0,12.9
2019,7,21,0,0,12.2
2019,7,21,1,0,11.7
2019,7,21,2,0,11.2
2019,7,21,3,0,10.8
2019,7,21,4,0,10.4
2019,7,21,5,0,10.1
2019,7,21,6,0,10
2019,7,21,7,0,10.3
2019,7,21,8,154,11.8
2019,7,21,9,326,13.6
2019,7,21,10,467,16
2019,7,21,11,558,18
2019,7,21,12,592,19.7
2019,7,21,13,560,20.7
2019,7,21,14,471,21.1
2019,7,21,15,330,20.9
2019,7,21,16,161,19.8
2019,7,21,17,12,18.5
2019,7,21,18,0,17.7
2019,7,21,19,0,17
2019,7,21,20,0,16.4
2019,7,21,21,0,15.6
2019,7,21,22,0,14.9
2019,7,21,23,0,14.4
2019,7,22,0,0,14
2019,7,22,1,0,13.7
2019,7,22,2,0,13.4
2019,7,22,3,0,13.2
2019,7,22,4,0,13.2
2019,7,22,5,0,13.2
2019,7,22,6,0,13.5
2019,7,22,7,0,13.7
2019,7,22,8,137,14.3
2019,7,22,9,137,14.9
2019,7,22,10,341,16.1
2019,7,22,11,471,18
2019,7,22,12,573,20
2019,7,22,13,547,20.9
2019,7,22,14,461,21
2019,7,22,15,283,20.8
2019,7,22,16,90,19.7
2019,7,22,17,13,18.5
2019,7,22,18,0,18
2019,7,22,19,0,17.4
2019,7,22,20,0,16.9
2019,7,22,21,0,16.5
2019,7,22,22,0,16
2019,7,22,23,0,15.4
2019,7,23,0,0,14.8
2019,7,23,1,0,14.2
2019,7,23,2,0,13.7
2019,7,23,3,0,13.2
2019,7,23,4,0,12.8
2019,7,23,5,0,12.4
2019,7,23,6,0,11.9
2019,7,23,7,0,11.9
2019,7,23,8,159,13
2019,7,23,9,333,14.5
2019,7,23,10,480,17
2019,7,23,11,573,18.9
2019,7,23,12,606,20
2019,7,23,13,573,20.8
2019,7,23,14,484,21.3
2019,7,23,15,342,21.2
2019,7,23,16,169,20.1
2019,7,23,17,14,19.1
2019,7,23,18,0,18.5
2019,7,23,19,0,17.7
2019,7,23,20,0,16.9
2019,7,23,21,0,16.1
2019,7,23,22,0,15.5
2019,7,23,23,0,15.1
2019,7,24,0,0,14.9
2019,7,24,1,0,14.8
2019,7,24,2,0,14.9
2019,7,24,3,0,15.1
2019,7,24,4,0,15.3
2019,7,24,5,0,15
2019,7,24,6,0,14.7
2019,7,24,7,0,14.6
2019,7,24,8,154,15.8
2019,7,24,9,322,16.7
2019,7,24,10,460,17.4
2019,7,24,11,550,17.9
2019,7,24,12,583,18.3
2019,7,24,13,555,18.5
2019,7,24,14,466,18.5
2019,7,24,15,330,18.3
2019,7,24,16,162,17.3
2019,7,24,17,15,16.3
2019,7,24,18,0,15.8
2019,7,24,19,0,15.5
2019,7,24,20,0,15.1
2019,7,24,21,0,14.8
2019,7,24,22,0,14.2
2019,7,24,23,0,13.6
2019,7,25,0,0,13
2019,7,25,1,0,12.5
2019,7,25,2,0,12
2019,7,25,3,0,11.6
2019,7,25,4,0,11.2
2019,7,25,5,0,10.8
2019,7,25,6,0,10.5
2019,7,25,7,0,10.7
2019,7,25,8,160,11.7
2019,7,25,9,332,13.2
2019,7,25,10,473,14.9
2019,7,25,11,564,16.4
2019,7,25,12,599,17.3
2019,7,25,13,570,17.9
2019,7,25,14,482,18.1
2019,7,25,15,343,18.1
2019,7,25,16,170,17.2
2019,7,25,17,16,16.1
2019,7,25,18,0,15.6
2019,7,25,19,0,15.3
2019,7,25,20,0,15
2019,7,25,21,0,14.6
2019,7,25,22,0,14.2
2019,7,25,23,0,13.7
2019,7,26,0,0,13.2
2019,7,26,1,0,12.8
2019,7,26,2,0,12.5
2019,7,26,3,0,12.2
2019,7,26,4,0,11.9
2019,7,26,5,0,11.7
2019,7,26,6,0,11.6
2019,7,26,7,0,11.7
2019,7,26,8,109,12.8
2019,7,26,9,235,14
2019,7,26,10,246,15.4
2019,7,26,11,459,16.6
2019,7,26,12,395,17.1
2019,7,26,13,411,17.5
2019,7,26,14,406,17.8
2019,7,26,15,262,17.7
2019,7,26,16,88,17.4
2019,7,26,17,8,16.9
2019,7,26,18,0,16.4
2019,7,26,19,0,15.9
2019,7,26,20,0,15.6
2019,7,26,21,0,15.4
2019,7,26,22,0,15
2019,7,26,23,0,14.6
2019,7,27,0,0,14.2
2019,7,27,1,0,14.1
2019,7,27,2,0,14
2019,7,27,3,0,13.9
2019,7,27,4,0,13.9
2019,7,27,5,0,13.8
2019,7,27,6,0,13.5
2019,7,27,7,12,13.8
2019,7,27,8,156,14.8
2019,7,27,9,323,16.1
2019,7,27,10,461,17.1
2019,7,27,11,551,17.8
2019,7,27,12,584,18.1
2019,7,27,13,555,18.2
2019,7,27,14,185,18.2
2019,7,27,15,243,17.8
2019,7,27,16,165,17.1
2019,7,27,17,17,16.2
2019,7,27,18,0,15.9
2019,7,27,19,0,15.7
2019,7,27,20,0,15.9
2019,7,27,21,0,16.2
2019,7,27,22,0,16
2019,7,27,23,0,15.4
2019,7,28,0,0,14.9
2019,7,28,1,0,14.4
2019,7,28,2,0,14.1
2019,7,28,3,0,13.8
2019,7,28,4,0,13.6
2019,7,28,5,0,13.1
2019,7,28,6,0,12.8
2019,7,28,7,14,13.1
2019,7,28,8,164,14.4
2019,7,28,9,335,15.8
2019,7,28,10,475,16.9
2019,7,28,11,566,17.6
2019,7,28,12,598,17.9
2019,7,28,13,569,18.1
2019,7,28,14,481,18
2019,7,28,15,345,17.7
2019,7,28,16,175,16.9
2019,7,28,17,19,15.7
2019,7,28,18,0,15.3
2019,7,28,19,0,15
2019,7,28,20,0,15
2019,7,28,21,0,15.1
2019,7,28,22,0,14.7
2019,7,28,23,0,14.3
2019,7,29,0,0,13.7
2019,7,29,1,0,13.1
2019,7,29,2,0,12.5
2019,7,29,3,0,12
2019,7,29,4,0,11.4
2019,7,29,5,0,10.9
2019,7,29,6,0,10.4
2019,7,29,7,15,10.6
2019,7,29,8,168,11.9
2019,7,29,9,339,13.8
2019,7,29,10,474,16.1
2019,7,29,11,560,18
2019,7,29,12,587,19
2019,7,29,13,455,19.5
2019,7,29,14,291,19.4
2019,7,29,15,222,19
2019,7,29,16,111,18.2
2019,7,29,17,11,17.5
2019,7,29,18,0,16.9
2019,7,29,19,0,16.3
2019,7,29,20,0,15.8
2019,7,29,21,0,15.5
2019,7,29,22,0,15.2
2019,7,29,23,0,14.6
2019,7,30,0,0,14.1
2019,7,30,1,0,13.8
2019,7,30,2,0,13.5
2019,7,30,3,0,13.3
2019,7,30,4,0,13.3
2019,7,30,5,0,13.5
2019,7,30,6,0,13.7
2019,7,30,7,2,14.1
2019,7,30,8,15,14.8
2019,7,30,9,53,15.3
2019,7,30,10,203,15.8
2019,7,30,11,228,15.9
2019,7,30,12,263,16.1
2019,7,30,13,206,16.4
2019,7,30,14,251,16.5
2019,7,30,15,260,16.4
2019,7,30,16,137,16.1
2019,7,30,17,13,15.5
2019,7,30,18,0,15.3
2019,7,30,19,0,15.3
2019,7,30,20,0,15.1
2019,7,30,21,0,14.8
2019,7,30,22,0,14.6
2019,7,30,23,0,14.4
2019,7,31,0,0,14.2
2019,7,31,1,0,13.9
2019,7,31,2,0,13.8
2019,7,31,3,0,13.7
2019,7,31,4,0,13.6
2019,7,31,5,0,13.6
2019,7,31,6,0,13.4
2019,7,31,7,14,13.7
2019,7,31,8,157,14.2
2019,7,31,9,324,14.7
2019,7,31,10,190,15.3
2019,7,31,11,259,15.9
2019,7,31,12,386,16
2019,7,31,13,380,16.1
2019,7,31,14,475,16.2
2019,7,31,15,105,16.2
2019,7,31,16,96,16
2019,7,31,17,9,15.8
2019,7,31,18,0,15.9
2019,7,31,19,0,16.1
2019,7,31,20,0,16
2019,7,31,21,0,15.9
2019,7,31,22,0,15.6
2019,7,31,23,0,15.3
2019,8,1,0,0,14.9
2019,8,1,1,0,14.6
2019,8,1,2,0,14.2
2019,8,1,3,0,13.9
2019,8,1,4,0,13.6
2019,8,1,5,0,13.3
2019,8,1,6,0,13
2019,8,1,7,7,13.2
2019,8,1,8,170,14
2019,8,1,9,342,15.2
2019,8,1,10,484,16.4
2019,8,1,11,577,17.3
2019,8,1,12,610,17.9
2019,8,1,13,583,18.4
2019,8,1,14,495,18.6
2019,8,1,15,357,18.5
2019,8,1,16,185,17.7
2019,8,1,17,24,16.6
2019,8,1,18,0,16.1
2019,8,1,19,0,15.8
2019,8,1,20,0,15.7
2019,8,1,21,0,15.7
2019,8,1,22,0,15.5
2019,8,1,23,0,15
2019,8,2,0,0,14.4
2019,8,2,1,0,13.9
2019,8,2,2,0,13.8
2019,8,2,3,0,13.7
2019,8,2,4,0,13.6
2019,8,2,5,0,13.5
2019,8,2,6,0,13.5
2019,8,2,7,5,13.8
2019,8,2,8,56,14.6
2019,8,2,9,165,15.5
2019,8,2,10,252,16.3
2019,8,2,11,571,16.9
2019,8,2,12,458,17.3
2019,8,2,13,323,17.5
2019,8,2,14,337,17.4
2019,8,2,15,354,17.3
2019,8,2,16,184,16.8
2019,8,2,17,25,16
2019,8,2,18,0,15.7
2019,8,2,19,0,15.5
2019,8,2,20,0,15.3
2019,8,2,21,0,15
2019,8,2,22,0,14.5
2019,8,2,23,0,14
2019,8,3,0,0,13.6
2019,8,3,1,0,13.1
2019,8,3,2,0,12.6
2019,8,3,3,0,12.1
2019,8,3,4,0,11.7
2019,8,3,5,0,11.3
2019,8,3,6,0,11
2019,8,3,7,20,11.4
2019,8,3,8,182,12.5
2019,8,3,9,359,14.1
2019,8,3,10,507,15.7
2019,8,3,11,601,16.9
2019,8,3,12,635,17.8
2019,8,3,13,604,18.3
2019,8,3,14,511,18.4
2019,8,3,15,367,18.1
2019,8,3,16,192,17.1
2019,8,3,17,27,15.9
2019,8,3,18,0,15.6
2019,8,3,19,0,15.4
2019,8,3,20,0,15.2
2019,8,3,21,0,15
2019,8,3,22,0,14.4
2019,8,3,23,0,13.3
2019,8,4,0,0,12.3
2019,8,4,1,0,11.8
2019,8,4,2,0,11.2
2019,8,4,3,0,10.8
2019,8,4,4,0,10.7
2019,8,4,5,0,10.7
2019,8,4,6,0,10.7
2019,8,4,7,22,11.4
2019,8,4,8,182,12.9
2019,8,4,9,355,14.5
2019,8,4,10,496,15.9
2019,8,4,11,589,17.2
2019,8,4,12,622,17.7
2019,8,4,13,274,18
2019,8,4,14,331,18
2019,8,4,15,302,17.7
2019,8,4,16,128,16.9
2019,8,4,17,18,15.8
2019,8,4,18,0,15.4
2019,8,4,19,0,15.3
2019,8,4,20,0,15.3
2019,8,4,21,0,15.3
2019,8,4,22,0,15.4
2019,8,4,23,0,15.4
2019,8,5,0,0,15.5
2019,8,5,1,0,15.6
2019,8,5,2,0,15.4
2019,8,5,3,0,15.2
2019,8,5,4,0,15.1
2019,8,5,5,0,14.9
2019,8,5,6,0,14.9
2019,8,5,7,22,15
2019,8,5,8,180,15.5
2019,8,5,9,355,16.5
2019,8,5,10,502,17.2
2019,8,5,11,594,17.9
2019,8,5,12,627,18.5
2019,8,5,13,602,19.2
2019,8,5,14,512,19.5
2019,8,5,15,371,19.5
2019,8,5,16,195,18.7
2019,8,5,17,29,17.2
2019,8,5,18,0,16.6
2019,8,5,19,0,16.3
2019,8,5,20,0,16.2
2019,8,5,21,0,15.7
2019,8,5,22,0,14.9
2019,8,5,23,0,14
2019,8,6,0,0,13.3
2019,8,6,1,0,12.8
2019,8,6,2,0,12.3
2019,8,6,3,0,11.7
2019,8,6,4,0,11.1
2019,8,6,5,0,10.7
2019,8,6,6,0,10.5
2019,8,6,7,27,10.9
2019,8,6,8,198,12.1
2019,8,6,9,378,13.6
2019,8,6,10,527,15.1
2019,8,6,11,622,16.6
2019,8,6,12,655,17.7
2019,8,6,13,625,18.6
2019,8,6,14,532,19.2
2019,8,6,15,388,19.3
2019,8,6,16,208,18.2
2019,8,6,17,33,16.6
2019,8,6,18,0,16
2019,8,6,19,0,15.9
2019,8,6,20,0,15.7
2019,8,6,21,0,14.9
2019,8,6,22,0,14
2019,8,6,23,0,13.2
2019,8,7,0,0,12.5
2019,8,7,1,0,11.6
2019,8,7,2,0,10.8
2019,8,7,3,0,10.1
2019,8,7,4,0,9.5
2019,8,7,5,0,9.1
2019,8,7,6,0,8.7
2019,8,7,7,30,9.2
2019,8,7,8,203,10.5
2019,8,7,9,385,12.6
2019,8,7,10,533,15.7
2019,8,7,11,624,18.1
2019,8,7,12,657,19.5
2019,8,7,13,627,20.3
2019,8,7,14,532,20.8
2019,8,7,15,387,20.7
2019,8,7,16,207,20
2019,8,7,17,34,19
2019,8,7,18,0,18.2
2019,8,7,19,0,17.6
2019,8,7,20,0,17
2019,8,7,21,0,16.1
2019,8,7,22,0,15.3
2019,8,7,23,0,14.2
2019,8,8,0,0,13.2
2019,8,8,1,0,12.4
2019,8,8,2,0,12.1
2019,8,8,3,0,12.1
2019,8,8,4,0,12.1
2019,8,8,5,0,12.2
2019,8,8,6,0,12.4
2019,8,8,7,29,13.3
2019,8,8,8,194,15
2019,8,8,9,260,16.9
2019,8,8,10,447,18.7
2019,8,8,11,440,20
2019,8,8,12,626,20.3
2019,8,8,13,431,20.2
2019,8,8,14,516,19.5
2019,8,8,15,382,18.4
2019,8,8,16,211,17.4
2019,8,8,17,37,16.1
2019,8,8,18,0,15.1
2019,8,8,19,0,14.3
2019,8,8,20,0,13.8
2019,8,8,21,0,13.5
2019,8,8,22,0,13.3
2019,8,8,23,0,13.2
2019,8,9,0,0,13.2
2019,8,9,1,0,13.3
2019,8,9,2,0,13.5
2019,8,9,3,0,13.6
2019,8,9,4,0,13.8
2019,8,9,5,0,13.8
2019,8,9,6,0,13.6
2019,8,9,7,31,13.9
2019,8,9,8,202,14.5
2019,8,9,9,383,15
2019,8,9,10,530,15.4
2019,8,9,11,630,15.7
2019,8,9,12,663,16
2019,8,9,13,629,16.3
2019,8,9,14,537,16.3
2019,8,9,15,211,16
2019,8,9,16,212,15.2
2019,8,9,17,37,14.1
2019,8,9,18,0,13.3
2019,8,9,19,0,12.7
2019,8,9,20,0,12.3
2019,8,9,21,0,12
2019,8,9,22,0,11.7
2019,8,9,23,0,11.4
2019,8,10,0,0,11.1
2019,8,10,1,0,10.8
2019,8,10,2,0,10.6
2019,8,10,3,0,10.4
2019,8,10,4,0,10.4
2019,8,10,5,0,10.4
2019,8,10,6,0,10.4
2019,8,10,7,37,10.9
2019,8,10,8,215,11.6
2019,8,10,9,398,12.3
2019,8,10,10,541,13.1
2019,8,10,11,636,13.7
2019,8,10,12,670,14.1
2019,8,10,13,483,14.2
2019,8,10,14,545,14.2
2019,8,10,15,402,14
2019,8,10,16,219,13.3
2019,8,10,17,22,12.2
2019,8,10,18,0,11.6
2019,8,10,19,0,11.3
2019,8,10,20,0,11.2
2019,8,10,21,0,11.1
2019,8,10,22,0,11
2019,8,10,23,0,11
2019,8,11,0,0,11
2019,8,11,1,0,11
2019,8,11,2,0,11
2019,8,11,3,0,10.9
2019,8,11,4,0,10.7
2019,8,11,5,0,10.5
2019,8,11,6,0,10.3
2019,8,11,7,21,11
2019,8,11,8,126,11.7
2019,8,11,9,361,12.5
2019,8,11,10,203,13.3
2019,8,11,11,338,14.1
2019,8,11,12,405,14.6
2019,8,11,13,635,15
2019,8,11,14,466,15.1
2019,8,11,15,332,14.8
2019,8,11,16,215,14.1
2019,8,11,17,15,13
2019,8,11,18,0,12.1
2019,8,11,19,0,11.4
2019,8,11,20,0,10.9
2019,8,11,21,0,10.8
2019,8,11,22,0,10.9
2019,8,11,23,0,10.9
2019,8,12,0,0,11.1
2019,8,12,1,0,11.4
2019,8,12,2,0,11.6
2019,8,12,3,0,11.7
2019,8,12,4,0,11.7
2019,8,12,5,0,11.7
2019,8,12,6,0,11.7
2019,8,12,7,33,12
2019,8,12,8,200,12.9
2019,8,12,9,376,14
2019,8,12,10,530,14.9
2019,8,12,11,623,15.5
2019,8,12,12,659,16
2019,8,12,13,634,16.4
2019,8,12,14,542,16.7
2019,8,12,15,400,16.6
2019,8,12,16,220,16.2
2019,8,12,17,42,15.1
2019,8,12,18,0,14.7
2019,8,12,19,0,14.7
2019,8,12,20,0,14.5
2019,8,12,21,0,13.7
2019,8,12,22,0,12.9
2019,8,12,23,0,12.1
2019,8,13,0,0,11.6
2019,8,13,1,0,11.3
2019,8,13,2,0,11.2
2019,8,13,3,0,11.1
2019,8,13,4,0,10.9
2019,8,13,5,0,10.5
2019,8,13,6,0,10.1
2019,8,13,7,42,10.7
2019,8,13,8,221,11.9
2019,8,13,9,402,13.4
2019,8,13,10,551,14.8
2019,8,13,11,645,15.7
2019,8,13,12,678,16.3
2019,8,13,13,645,16.8
2019,8,13,14,551,16.9
2019,8,13,15,404,16.8
2019,8,13,16,220,16.1
2019,8,13,17,43,14.8
2019,8,13,18,0,14.3
2019,8,13,19,0,14.1
2019,8,13,20,0,14.1
2019,8,13,21,0,14.2
2019,8,13,22,0,14.1
2019,8,13,23,0,13.8
2019,8,14,0,0,13.4
2019,8,14,1,0,12.7
2019,8,14,2,0,12
2019,8,14,3,0,11.5
2019,8,14,4,0,11.1
2019,8,14,5,0,10.8
2019,8,14,6,0,10.6
2019,8,14,7,43,11.2
2019,8,14,8,222,12.7
2019,8,14,9,404,14
2019,8,14,10,552,15.5
2019,8,14,11,648,16.8
2019,8,14,12,681,17.6
2019,8,14,13,651,18.1
2019,8,14,14,559,18.2
2019,8,14,15,411,18
2019,8,14,16,229,17.2
2019,8,14,17,46,15.7
2019,8,14,18,0,15
2019,8,14,19,0,14.7
2019,8,14,20,0,14.5
2019,8,14,21,0,14.1
2019,8,14,22,0,13.7
2019,8,14,23,0,13
2019,8,15,0,0,12.2
2019,8,15,1,0,11.5
2019,8,15,2,0,11
2019,8,15,3,0,10.7
2019,8,15,4,0,10.3
2019,8,15,5,0,9.8
2019,8,15,6,0,9.3
2019,8,15,7,50,9.8
2019,8,15,8,236,10.7
2019,8,15,9,422,13.1
2019,8,15,10,571,15.6
2019,8,15,11,666,17
2019,8,15,12,699,18
2019,8,15,13,663,18.8
2019,8,15,14,568,19.4
2019,8,15,15,420,19.5
2019,8,15,16,235,19
2019,8,15,17,49,18.1
2019,8,15,18,0,17.6
2019,8,15,19,0,16.9
2019,8,15,20,0,16
2019,8,15,21,0,15.1
2019,8,15,22,0,14.1
2019,8,15,23,0,13.2
2019,8,16,0,0,12.5
2019,8,16,1,0,11.8
2019,8,16,2,0,11
2019,8,16,3,0,10.3
2019,8,16,4,0,9.8
2019,8,16,5,0,9.4
2019,8,16,6,0,9
2019,8,16,7,53,9.5
2019,8,16,8,239,10.8
2019,8,16,9,423,13.3
2019,8,16,10,570,16.6
2019,8,16,11,667,19.2
2019,8,16,12,699,20.7
2019,8,16,13,663,21.4
2019,8,16,14,568,22
2019,8,16,15,418,22.3
2019,8,16,16,233,21.4
2019,8,16,17,49,19.5
2019,8,16,18,0,18.2
2019,8,16,19,0,17.5
2019,8,16,20,0,17
2019,8,16,21,0,16.5
2019,8,16,22,0,16
2019,8,16,23,0,15.6
2019,8,17,0,0,15.2
2019,8,17,1,0,14.7
2019,8,17,2,0,14.2
2019,8,17,3,0,14
2019,8,17,4,0,13.9
2019,8,17,5,0,13.6
2019,8,17,6,0,13.4
2019,8,17,7,50,14.2
2019,8,17,8,232,15.4
2019,8,17,9,415,16.3
2019,8,17,10,567,16.9
2019,8,17,11,661,17.3
2019,8,17,12,693,17.6
2019,8,17,13,661,17.7
2019,8,17,14,566,17.6
2019,8,17,15,419,17.3
2019,8,17,16,235,16.7
2019,8,17,17,51,15.5
2019,8,17,18,0,14.9
2019,8,17,19,0,14.7
2019,8,17,20,0,14.8
2019,8,17,21,0,15
2019,8,17,22,0,15.1
2019,8,17,23,0,15
2019,8,18,0,0,14.9
2019,8,18,1,0,14.1
2019,8,18,2,0,13
2019,8,18,3,0,12.3
2019,8,18,4,0,11.8
2019,8,18,5,0,11.4
2019,8,18,6,0,11.2
2019,8,18,7,54,12.1
2019,8,18,8,234,13.5
2019,8,18,9,415,15.6
2019,8,18,10,561,17.5
2019,8,18,11,652,18.8
2019,8,18,12,683,19.6
2019,8,18,13,650,20.1
2019,8,18,14,555,20.3
2019,8,18,15,408,20.3
2019,8,18,16,228,19.6
2019,8,18,17,50,18.2
2019,8,18,18,0,17.5
2019,8,18,19,0,17.3
2019,8,18,20,0,16.9
2019,8,18,21,0,16.6
2019,8,18,22,0,16.4
2019,8,18,23,0,16.4
2019,8,19,0,0,16.3
2019,8,19,1,0,15
2019,8,19,2,0,14.1
2019,8,19,3,0,13.6
2019,8,19,4,0,13
2019,8,19,5,0,12.4
2019,8,19,6,0,11.9
2019,8,19,7,64,12.2
2019,8,19,8,257,12.7
2019,8,19,9,445,13.7
2019,8,19,10,590,14.7
2019,8,19,11,685,15.4
2019,8,19,12,718,15.8
2019,8,19,13,682,15.9
2019,8,19,14,586,15.6
2019,8,19,15,439,15.1
2019,8,19,16,251,14.5
2019,8,19,17,59,13.6
2019,8,19,18,0,12.9
2019,8,19,19,0,12.3
2019,8,19,20,0,11.9
2019,8,19,21,0,11.6
2019,8,19,22,0,11.2
2019,8,19,23,0,10.9
2019,8,20,0,0,10.6
2019,8,20,1,0,10.3
2019,8,20,2,0,10.1
2019,8,20,3,0,10
2019,8,20,4,0,9.9
2019,8,20,5,0,9.9
2019,8,20,6,0,10
2019,8,20,7,64,11
2019,8,20,8,254,12.3
2019,8,20,9,441,14
2019,8,20,10,591,15.7
2019,8,20,11,688,17.4
2019,8,20,12,723,18.6
2019,8,20,13,688,19.2
2019,8,20,14,587,19.4
2019,8,20,15,436,19.2
2019,8,20,16,247,18.5
2019,8,20,17,57,17
2019,8,20,18,0,15.9
2019,8,20,19,0,15
2019,8,20,20,0,14.2
2019,8,20,21,0,13.6
2019,8,20,22,0,13.3
2019,8,20,23,0,13.1
2019,8,21,0,0,13
2019,8,21,1,0,13.1
2019,8,21,2,0,13.2
2019,8,21,3,0,13.2
2019,8,21,4,0,13.2
2019,8,21,5,0,13.2
2019,8,21,6,0,13.1
2019,8,21,7,68,14.1
2019,8,21,8,260,15.1
2019,8,21,9,444,16.1
2019,8,21,10,592,17.3
2019,8,21,11,683,18.4
2019,8,21,12,714,19.2
2019,8,21,13,678,19.7
2019,8,21,14,579,19.9
2019,8,21,15,431,19.8
2019,8,21,16,245,19.3
2019,8,21,17,58,18.2
2019,8,21,18,0,17.5
2019,8,21,19,0,17
2019,8,21,20,0,16.4
2019,8,21,21,0,16.1
2019,8,21,22,0,15.7
2019,8,21,23,0,15.5
2019,8,22,0,0,15.2
2019,8,22,1,0,15.1
2019,8,22,2,0,15
2019,8,22,3,0,14.9
2019,8,22,4,0,14.9
2019,8,22,5,0,15
2019,8,22,6,0,15
2019,8,22,7,70,15.5
2019,8,22,8,258,16.2
2019,8,22,9,442,17
2019,8,22,10,582,17.8
2019,8,22,11,180,18.2
2019,8,22,12,535,18.4
2019,8,22,13,327,18.1
2019,8,22,14,79,17.4
2019,8,22,15,33,16.6
2019,8,22,16,92,15.8
2019,8,22,17,9,15
2019,8,22,18,0,14.5
2019,8,22,19,0,14.4
2019,8,22,20,0,14.3
2019,8,22,21,0,14.1
2019,8,22,22,0,13.8
2019,8,22,23,0,13.4
2019,8,23,0,0,12.9
2019,8,23,1,0,12.5
2019,8,23,2,0,12.1
2019,8,23,3,0,11.7
2019,8,23,4,0,11.4
2019,8,23,5,0,11
2019,8,23,6,0,10.7
2019,8,23,7,67,11.5
2019,8,23,8,81,12.6
2019,8,23,9,176,13.8
2019,8,23,10,460,14.7
2019,8,23,11,693,15.4
2019,8,23,12,726,16
2019,8,23,13,696,16.5
2019,8,23,14,598,16.9
2019,8,23,15,448,17.2
2019,8,23,16,258,17
2019,8,23,17,65,15.8
2019,8,23,18,0,15.1
2019,8,23,19,0,14.6
2019,8,23,20,0,14.1
2019,8,23,21,0,13.6
2019,8,23,22,0,13
2019,8,23,23,0,12.2
2019,8,24,0,0,11.5
2019,8,24,1,0,10.8
2019,8,24,2,0,10.2
2019,8,24,3,0,9.6
2019,8,24,4,0,9.1
2019,8,24,5,0,8.7
2019,8,24,6,0,8.4
2019,8,24,7,82,9.3
2019,8,24,8,284,10.9
2019,8,24,9,473,13.7
2019,8,24,10,624,16.7
2019,8,24,11,719,19.2
2019,8,24,12,750,20.7
2019,8,24,13,714,21.7
2019,8,24,14,615,22.5
2019,8,24,15,457,22.7
2019,8,24,16,264,21.9
2019,8,24,17,68,20.2
2019,8,24,18,0,18.9
2019,8,24,19,0,18.2
2019,8,24,20,0,17.6
2019,8,24,21,0,17
2019,8,24,22,0,16.3
2019,8,24,23,0,15.7
2019,8,25,0,0,15
2019,8,25,1,0,14.5
2019,8,25,2,0,14
2019,8,25,3,0,13.7
2019,8,25,4,0,13.2
2019,8,25,5,0,12.8
2019,8,25,6,0,12.6
2019,8,25,7,84,13.3
2019,8,25,8,280,14.8
2019,8,25,9,467,17.1
2019,8,25,10,611,19.4
2019,8,25,11,695,20.3
2019,8,25,12,719,20.5
2019,8,25,13,685,20.3
2019,8,25,14,576,19.5
2019,8,25,15,418,18.4
2019,8,25,16,236,17.2
2019,8,25,17,5,16
2019,8,25,18,0,15.1
2019,8,25,19,0,14.7
2019,8,25,20,0,14.7
2019,8,25,21,0,14.7
2019,8,25,22,0,14.8
2019,8,25,23,0,14.8
2019,8,26,0,0,14.7
2019,8,26,1,0,14.7
2019,8,26,2,0,14.4
2019,8,26,3,0,14.1
2019,8,26,4,0,13.9
2019,8,26,5,0,13.7
2019,8,26,6,0,13.7
2019,8,26,7,5,14.4
2019,8,26,8,47,14.9
2019,8,26,9,92,15.3
2019,8,26,10,49,15.5
2019,8,26,11,218,15.3
2019,8,26,12,253,15
2019,8,26,13,57,14.8
2019,8,26,14,274,14.8
2019,8,26,15,194,14.8
2019,8,26,16,17,14.8
2019,8,26,17,5,14.5
2019,8,26,18,0,14.5
2019,8,26,19,0,14.5
2019,8,26,20,0,14.5
2019,8,26,21,0,14.5
2019,8,26,22,0,14.6
2019,8,26,23,0,14.6
2019,8,27,0,0,14.5
2019,8,27,1,0,14.4
2019,8,27,2,0,14.4
2019,8,27,3,0,14.2
2019,8,27,4,0,14.2
2019,8,27,5,0,14.2
2019,8,27,6,0,14.3
2019,8,27,7,39,14.8
2019,8,27,8,267,15.3
2019,8,27,9,35,15.8
2019,8,27,10,265,16.3
2019,8,27,11,373,16.4
2019,8,27,12,401,16.5
2019,8,27,13,440,16.5
2019,8,27,14,268,16.5
2019,8,27,15,237,16.4
2019,8,27,16,177,16.1
2019,8,27,17,66,15.3
2019,8,27,18,0,14.9
2019,8,27,19,0,14.8
2019,8,27,20,0,14.9
2019,8,27,21,0,14.9
2019,8,27,22,0,14.9
2019,8,27,23,0,14.8
2019,8,28,0,0,14.8
2019,8,28,1,0,14.6
2019,8,28,2,0,14.5
2019,8,28,3,0,14.4
2019,8,28,4,0,14.3
2019,8,28,5,0,14
2019,8,28,6,0,13.9
2019,8,28,7,87,14.7
2019,8,28,8,279,16
2019,8,28,9,467,17
2019,8,28,10,616,17.7
2019,8,28,11,708,18.3
2019,8,28,12,474,19
2019,8,28,13,387,19.5
2019,8,28,14,196,19.7
2019,8,28,15,452,19.6
2019,8,28,16,263,18.8
2019,8,28,17,71,17.1
2019,8,28,18,0,16
2019,8,28,19,0,15.7
2019,8,28,20,0,15.4
2019,8,28,21,0,14.9
2019,8,28,22,0,14.5
2019,8,28,23,0,14.1
2019,8,29,0,0,13.6
2019,8,29,1,0,13.3
2019,8,29,2,0,13
2019,8,29,3,0,13.1
2019,8,29,4,0,13.4
2019,8,29,5,0,13.9
2019,8,29,6,0,14.5
2019,8,29,7,60,14.9
2019,8,29,8,218,15
2019,8,29,9,179,15
2019,8,29,10,81,14.8
2019,8,29,11,122,14.6
2019,8,29,12,193,14.5
2019,8,29,13,68,14.6
2019,8,29,14,175,14.7
2019,8,29,15,19,14.7
2019,8,29,16,11,14.6
2019,8,29,17,5,14.4
2019,8,29,18,0,14.4
2019,8,29,19,0,14.5
2019,8,29,20,0,14.5
2019,8,29,21,0,14.5
2019,8,29,22,0,14.4
2019,8,29,23,0,14.4
2019,8,30,0,0,14.3
2019,8,30,1,0,14.3
2019,8,30,2,0,14.3
2019,8,30,3,0,14.3
2019,8,30,4,0,14.2
2019,8,30,5,0,14.2
2019,8,30,6,0,14.3
2019,8,30,7,16,14.6
2019,8,30,8,205,14.8
2019,8,30,9,189,15.1
2019,8,30,10,183,15.3
2019,8,30,11,286,15.5
2019,8,30,12,229,15.7
2019,8,30,13,258,15.7
2019,8,30,14,174,15.7
2019,8,30,15,159,15.5
2019,8,30,16,157,15.4
2019,8,30,17,7,15.2
2019,8,30,18,0,15
2019,8,30,19,0,15.1
2019,8,30,20,0,15.3
2019,8,30,21,0,15.3
2019,8,30,22,0,15.3
2019,8,30,23,0,15.3
2019,8,31,0,0,15.3
2019,8,31,1,0,15.2
2019,8,31,2,0,15.1
2019,8,31,3,0,15
2019,8,31,4,0,14.9
2019,8,31,5,0,14.9
2019,8,31,6,0,14.9
2019,8,31,7,51,15.7
2019,8,31,8,92,16.3
2019,8,31,9,274,16.8
2019,8,31,10,132,17
2019,8,31,11,235,17
2019,8,31,12,321,17
2019,8,31,13,235,16.9
2019,8,31,14,168,16.8
2019,8,31,15,119,16.7
2019,8,31,16,258,16.5
2019,8,31,17,22,15.9
2019,8,31,18,0,15.5
2019,8,31,19,0,15.4
2019,8,31,20,0,15.4
2019,8,31,21,0,15.4
2019,8,31,22,0,15.3
2019,8,31,23,0,15.1
2019,9,1,0,0,14.7
2019,9,1,1,0,14.3
2019,9,1,2,0,14
2019,9,1,3,0,13.6
2019,9,1,4,0,13.3
2019,9,1,5,0,13.1
2019,9,1,6,0,13
2019,9,1,7,105,13.9
2019,9,1,8,304,15.2
2019,9,1,9,491,17
2019,9,1,10,641,18.5
2019,9,1,11,736,19.4
2019,9,1,12,767,20.2
2019,9,1,13,732,20.8
2019,9,1,14,632,21
2019,9,1,15,478,20.8
2019,9,1,16,284,20.2
2019,9,1,17,83,18.5
2019,9,1,18,0,17.4
2019,9,1,19,0,16.8
2019,9,1,20,0,16.4
2019,9,1,21,0,16.2
2019,9,1,22,0,15.9
2019,9,1,23,0,15.4
2019,9,2,0,0,14.7
2019,9,2,1,0,14.1
2019,9,2,2,0,13.4
2019,9,2,3,0,13
2019,9,2,4,0,12.9
2019,9,2,5,0,12.8
2019,9,2,6,0,12.9
2019,9,2,7,112,14.3
2019,9,2,8,316,16
2019,9,2,9,505,17.6
2019,9,2,10,651,18.4
2019,9,2,11,743,18.7
2019,9,2,12,768,18.8
2019,9,2,13,732,18.7
2019,9,2,14,629,18.4
2019,9,2,15,475,17.9
2019,9,2,16,282,17.2
2019,9,2,17,83,16.2
2019,9,2,18,0,15.5
2019,9,2,19,0,15.1
2019,9,2,20,0,15
2019,9,2,21,0,15.1
2019,9,2,22,0,14.9
2019,9,2,23,0,14.4
2019,9,3,0,0,14.1
2019,9,3,1,0,13.7
2019,9,3,2,0,13.3
2019,9,3,3,0,12.7
2019,9,3,4,0,12.3
2019,9,3,5,0,11.9
2019,9,3,6,0,11.9
2019,9,3,7,116,13.3
2019,9,3,8,315,15.1
2019,9,3,9,500,17.6
2019,9,3,10,652,19.2
2019,9,3,11,743,20.4
2019,9,3,12,769,21.2
2019,9,3,13,733,21.5
2019,9,3,14,632,21.4
2019,9,3,15,476,21
2019,9,3,16,282,20.1
2019,9,3,17,84,18.5
2019,9,3,18,0,17.4
2019,9,3,19,0,16.9
2019,9,3,20,0,16.6
2019,9,3,21,0,16.3
2019,9,3,22,0,16
2019,9,3,23,0,15.7
2019,9,4,0,0,15.4
2019,9,4,1,0,15.2
2019,9,4,2,0,14.6
2019,9,4,3,0,14
2019,9,4,4,0,13.5
2019,9,4,5,0,13
2019,9,4,6,0,12.8
2019,9,4,7,120,13.8
2019,9,4,8,323,15.2
2019,9,4,9,512,17.3
2019,9,4,10,666,19.4
2019,9,4,11,759,21.5
2019,9,4,12,787,23.1
2019,9,4,13,746,24.1
2019,9,4,14,640,24.7
2019,9,4,15,483,24.6
2019,9,4,16,290,23.6
2019,9,4,17,42,21.8
2019,9,4,18,0,21
2019,9,4,19,0,20.5
2019,9,4,20,0,20.1
2019,9,4,21,0,19.5
2019,9,4,22,0,18.8
2019,9,4,23,0,18.3
2019,9,5,0,0,17.6
2019,9,5,1,0,16.7
2019,9,5,2,0,16.1
2019,9,5,3,0,15.7
2019,9,5,4,0,15.4
2019,9,5,5,0,15.1
2019,9,5,6,0,14.9
2019,9,5,7,60,15.9
2019,9,5,8,316,17.5
2019,9,5,9,500,18.8
2019,9,5,10,648,19.6
2019,9,5,11,736,20.1
2019,9,5,12,761,20.6
2019,9,5,13,723,20.7
2019,9,5,14,619,20.4
2019,9,5,15,464,19.7
2019,9,5,16,274,18.7
2019,9,5,17,82,17.6
2019,9,5,18,0,16.8
2019,9,5,19,0,16.6
2019,9,5,20,0,16.5
2019,9,5,21,0,16.5
2019,9,5,22,0,16.3
2019,9,5,23,0,16.3
2019,9,6,0,0,16.3
2019,9,6,1,0,16.2
2019,9,6,2,0,16.2
2019,9,6,3,0,16.1
2019,9,6,4,0,16.1
2019,9,6,5,0,16.1
2019,9,6,6,0,16.2
2019,9,6,7,115,17.3
2019,9,6,8,310,18.3
2019,9,6,9,497,19.1
2019,9,6,10,662,20.1
2019,9,6,11,753,21.3
2019,9,6,12,781,22.5
2019,9,6,13,746,23.7
2019,9,6,14,641,24.9
2019,9,6,15,258,25.5
2019,9,6,16,173,25
2019,9,6,17,53,23
2019,9,6,18,0,19.4
2019,9,6,19,0,16.9
2019,9,6,20,0,15.6
2019,9,6,21,0,14.6
2019,9,6,22,0,13.9
2019,9,6,23,0,13.6
2019,9,7,0,0,13.4
2019,9,7,1,0,13.2
2019,9,7,2,0,13.2
2019,9,7,3,0,13.1
2019,9,7,4,0,13
2019,9,7,5,0,12.9
2019,9,7,6,0,12.9
2019,9,7,7,142,13.6
2019,9,7,8,353,14.4
2019,9,7,9,549,15.4
2019,9,7,10,704,16.4
2019,9,7,11,797,17.2
2019,9,7,12,824,17.6
2019,9,7,13,780,17.7
2019,9,7,14,671,17.5
2019,9,7,15,510,17.3
2019,9,7,16,308,16.9
2019,9,7,17,99,16.1
2019,9,7,18,0,15.3
2019,9,7,19,0,14.7
2019,9,7,20,0,14.3
2019,9,7,21,0,14
2019,9,7,22,0,13.8
2019,9,7,23,0,13.6
2019,9,8,0,0,13.4
2019,9,8,1,0,13.2
2019,9,8,2,0,13.1
2019,9,8,3,0,12.9
2019,9,8,4,0,12.7
2019,9,8,5,0,12.4
2019,9,8,6,0,12.3
2019,9,8,7,146,12.8
2019,9,8,8,357,13.4
2019,9,8,9,549,14.4
2019,9,8,10,698,15.5
2019,9,8,11,789,16.5
2019,9,8,12,818,17.3
2019,9,8,13,774,17.8
2019,9,8,14,667,18.1
2019,9,8,15,504,18.1
2019,9,8,16,302,17.7
2019,9,8,17,95,16.5
2019,9,8,18,0,15.4
2019,9,8,19,0,14.6
2019,9,8,20,0,13.9
2019,9,8,21,0,13.4
2019,9,8,22,0,13.1
2019,9,8,23,0,12.9
2019,9,9,0,0,12.9
2019,9,9,1,0,13
2019,9,9,2,0,13
2019,9,9,3,0,12.9
2019,9,9,4,0,12.5
2019,9,9,5,0,12.1
2019,9,9,6,0,12.1
2019,9,9,7,79,12.4
2019,9,9,8,356,13
2019,9,9,9,549,13.9
2019,9,9,10,696,14.8
2019,9,9,11,786,15.7
2019,9,9,12,274,16.3
2019,9,9,13,64,16.6
2019,9,9,14,504,16.6
2019,9,9,15,383,16.3
2019,9,9,16,45,16
2019,9,9,17,63,15.5
2019,9,9,18,0,15.1
2019,9,9,19,0,14.9
2019,9,9,20,0,14.6
2019,9,9,21,0,14.2
2019,9,9,22,0,13.8
2019,9,9,23,0,13.5
2019,9,10,0,0,13.3
2019,9,10,1,0,12.9
2019,9,10,2,0,12.5
2019,9,10,3,0,12.1
2019,9,10,4,0,11.8
2019,9,10,5,0,11.6
2019,9,10,6,0,11.6
2019,9,10,7,139,12.2
2019,9,10,8,347,13.1
2019,9,10,9,405,14
2019,9,10,10,472,14.8
2019,9,10,11,502,15.5
2019,9,10,12,401,16
2019,9,10,13,443,16.2
2019,9,10,14,508,16.3
2019,9,10,15,404,16.2
2019,9,10,16,300,15.8
2019,9,10,17,55,15.1
2019,9,10,18,0,14.3
2019,9,10,19,0,14.1
2019,9,10,20,0,14
2019,9,10,21,0,13.9
2019,9,10,22,0,13.8
2019,9,10,23,0,13.7
2019,9,11,0,0,13.6
2019,9,11,1,0,13.4
2019,9,11,2,0,13.3
2019,9,11,3,0,13.3
2019,9,11,4,0,13.1
2019,9,11,5,0,12.8
2019,9,11,6,0,12.9
2019,9,11,7,148,13.8
2019,9,11,8,305,15.1
2019,9,11,9,547,16.3
2019,9,11,10,701,17.2
2019,9,11,11,795,18
2019,9,11,12,821,18.7
2019,9,11,13,783,19.2
2019,9,11,14,675,19.4
2019,9,11,15,513,19.3
2019,9,11,16,311,18.6
2019,9,11,17,104,17.1
2019,9,11,18,0,15.8
2019,9,11,19,0,15.2
2019,9,11,20,0,14.9
2019,9,11,21,0,14.6
2019,9,11,22,0,14.2
2019,9,11,23,0,13.9
2019,9,12,0,0,13.6
2019,9,12,1,0,13.4
2019,9,12,2,0,13
2019,9,12,3,0,12.6
2019,9,12,4,0,12
2019,9,12,5,0,11.4
2019,9,12,6,0,11
2019,9,12,7,79,11.9
2019,9,12,8,271,13.3
2019,9,12,9,458,15.8
2019,9,12,10,568,18.6
2019,9,12,11,713,20.6
2019,9,12,12,851,21.9
2019,9,12,13,669,22.8
2019,9,12,14,683,23.1
2019,9,12,15,452,22.8
2019,9,12,16,248,21.7
2019,9,12,17,6,20.3
2019,9,12,18,0,19.4
2019,9,12,19,0,19.4
2019,9,12,20,0,19.6
2019,9,12,21,0,19
2019,9,12,22,0,18.1
2019,9,12,23,0,17.2
2019,9,13,0,0,16
2019,9,13,1,0,14.8
2019,9,13,2,0,14.3
2019,9,13,3,0,14.3
2019,9,13,4,0,14.5
2019,9,13,5,0,14.5
2019,9,13,6,0,14.6
2019,9,13,7,153,15.9
2019,9,13,8,76,17.1
2019,9,13,9,553,17.7
2019,9,13,10,369,18.1
2019,9,13,11,461,18.6
2019,9,13,12,821,18.9
2019,9,13,13,780,19.1
2019,9,13,14,673,19.2
2019,9,13,15,509,19.1
2019,9,13,16,309,18.3
2019,9,13,17,77,17
2019,9,13,18,0,15.8
2019,9,13,19,0,15.4
2019,9,13,20,0,15.1
2019,9,13,21,0,14.9
2019,9,13,22,0,14.9
2019,9,13,23,0,14.8
2019,9,14,0,0,14.5
2019,9,14,1,0,14.2
2019,9,14,2,0,13.8
2019,9,14,3,0,13.5
2019,9,14,4,0,13.4
2019,9,14,5,0,13.3
2019,9,14,6,0,13.6
2019,9,14,7,173,15.3
2019,9,14,8,152,17.2
2019,9,14,9,401,18.3
2019,9,14,10,476,18.6
2019,9,14,11,393,18.7
2019,9,14,12,837,18.6
2019,9,14,13,790,18.4
2019,9,14,14,682,18
2019,9,14,15,518,17.5
2019,9,14,16,316,16.7
2019,9,14,17,107,15.7
2019,9,14,18,0,14.8
2019,9,14,19,0,14.5
2019,9,14,20,0,14.3
2019,9,14,21,0,14.4
2019,9,14,22,0,14.4
2019,9,14,23,0,14.2
2019,9,15,0,0,13.9
2019,9,15,1,0,13.4
2019,9,15,2,0,12.9
2019,9,15,3,0,12.3
2019,9,15,4,0,11.8
2019,9,15,5,0,11.3
2019,9,15,6,0,11.1
2019,9,15,7,176,12.2
2019,9,15,8,391,14.2
2019,9,15,9,584,17.2
2019,9,15,10,734,20
2019,9,15,11,822,22.1
2019,9,15,12,845,24
2019,9,15,13,795,24.9
2019,9,15,14,682,24.9
2019,9,15,15,249,24.3
2019,9,15,16,312,23
2019,9,15,17,45,21.1
2019,9,15,18,0,19.7
2019,9,15,19,0,19
2019,9,15,20,0,18.7
2019,9,15,21,0,18.4
2019,9,15,22,0,18
2019,9,15,23,0,17.5
2019,9,16,0,0,17.1
2019,9,16,1,0,16.7
2019,9,16,2,0,16.2
2019,9,16,3,0,15.8
2019,9,16,4,0,15.6
2019,9,16,5,0,15.5
2019,9,16,6,0,15.3
2019,9,16,7,175,16
2019,9,16,8,150,17
2019,9,16,9,353,19
2019,9,16,10,246,20.8
2019,9,16,11,669,22.3
2019,9,16,12,178,23.7
2019,9,16,13,339,24.6
2019,9,16,14,281,24.8
2019,9,16,15,363,22.3
2019,9,16,16,100,18.5
2019,9,16,17,37,15.8
2019,9,16,18,0,14.5
2019,9,16,19,0,14.4
2019,9,16,20,0,14.4
2019,9,16,21,0,14.3
2019,9,16,22,0,14
2019,9,16,23,0,13.7
2019,9,17,0,0,13.3
2019,9,17,1,0,13
2019,9,17,2,0,12.7
2019,9,17,3,0,12.5
2019,9,17,4,0,12.2
2019,9,17,5,0,12
2019,9,17,6,5,12
2019,9,17,7,12,12.3
2019,9,17,8,109,12.9
2019,9,17,9,31,13.4
2019,9,17,10,103,13.9
2019,9,17,11,74,14.3
2019,9,17,12,60,14.4
2019,9,17,13,179,14.5
2019,9,17,14,45,14.7
2019,9,17,15,23,14.8
2019,9,17,16,106,14.9
2019,9,17,17,17,14.9
2019,9,17,18,0,14.8
2019,9,17,19,0,14.8
2019,9,17,20,0,14.7
2019,9,17,21,0,14.8
2019,9,17,22,0,14.8
2019,9,17,23,0,14.9
2019,9,18,0,0,14.8
2019,9,18,1,0,14.7
2019,9,18,2,0,14.8
2019,9,18,3,0,14.9
2019,9,18,4,0,15.2
2019,9,18,5,0,15.4
2019,9,18,6,9,15.6
2019,9,18,7,12,15.7
2019,9,18,8,84,15.9
2019,9,18,9,47,16
2019,9,18,10,118,16.2
2019,9,18,11,67,16.4
2019,9,18,12,70,16.5
2019,9,18,13,166,16.6
2019,9,18,14,127,16.7
2019,9,18,15,299,16.8
2019,9,18,16,148,16.8
2019,9,18,17,7,16.7
2019,9,18,18,0,16.4
2019,9,18,19,0,16.4
2019,9,18,20,0,16.4
2019,9,18,21,0,16.3
2019,9,18,22,0,16.2
2019,9,18,23,0,16
2019,9,19,0,0,15.8
2019,9,19,1,0,15.6
2019,9,19,2,0,15.6
2019,9,19,3,0,15.6
2019,9,19,4,0,15.7
2019,9,19,5,0,15.9
2019,9,19,6,3,16.1
2019,9,19,7,75,17.1
2019,9,19,8,90,17.7
2019,9,19,9,362,18.2
2019,9,19,10,531,18.9
2019,9,19,11,604,19.6
2019,9,19,12,619,20
2019,9,19,13,574,20.1
2019,9,19,14,661,19.9
2019,9,19,15,502,19.6
2019,9,19,16,306,19.2
2019,9,19,17,76,18.4
2019,9,19,18,0,17.6
2019,9,19,19,0,17.3
2019,9,19,20,0,17.2
2019,9,19,21,0,17.1
2019,9,19,22,0,16.9
2019,9,19,23,0,16.8
2019,9,20,0,0,16.6
2019,9,20,1,0,16.5
2019,9,20,2,0,16.4
2019,9,20,3,0,16.3
2019,9,20,4,0,16.1
2019,9,20,5,0,16.1
2019,9,20,6,16,16.4
2019,9,20,7,187,17.4
2019,9,20,8,395,18.2
2019,9,20,9,340,19
2019,9,20,10,486,19.6
2019,9,20,11,628,20.1
2019,9,20,12,831,20.3
2019,9,20,13,780,20.3
2019,9,20,14,668,20.1
2019,9,20,15,506,19.8
2019,9,20,16,310,19.4
2019,9,20,17,69,18.7
2019,9,20,18,0,18.1
2019,9,20,19,0,17.9
2019,9,20,20,0,17.8
2019,9,20,21,0,17.7
2019,9,20,22,0,17.7
2019,9,20,23,0,17.6
2019,9,21,0,0,17.5
2019,9,21,1,0,17.4
2019,9,21,2,0,17.4
2019,9,21,3,0,17.3
2019,9,21,4,0,17.2
2019,9,21,5,0,17.2
2019,9,21,6,9,17.5
2019,9,21,7,79,18.1
2019,9,21,8,198,18.6
2019,9,21,9,283,19.2
2019,9,21,10,411,19.8
2019,9,21,11,615,20.6
2019,9,21,12,699,21.3
2019,9,21,13,757,21.9
2019,9,21,14,638,22.2
2019,9,21,15,136,21.9
2019,9,21,16,147,21
2019,9,21,17,102,20.2
2019,9,21,18,0,19.3
2019,9,21,19,0,18.7
2019,9,21,20,0,18.4
2019,9,21,21,0,18.2
2019,9,21,22,0,18.1
2019,9,21,23,0,18
2019,9,22,0,0,17.9
2019,9,22,1,0,17.9
2019,9,22,2,0,18
2019,9,22,3,0,17.9
2019,9,22,4,0,17.6
2019,9,22,5,0,17.3
2019,9,22,6,13,17.5
2019,9,22,7,114,18.1
2019,9,22,8,200,18.3
2019,9,22,9,545,18.1
2019,9,22,10,422,18.3
2019,9,22,11,114,19.1
2019,9,22,12,563,20.1
2019,9,22,13,799,20.7
2019,9,22,14,687,20.8
2019,9,22,15,523,20.4
2019,9,22,16,320,19.4
2019,9,22,17,115,18.1
2019,9,22,18,0,17
2019,9,22,19,0,16.5
2019,9,22,20,0,16.4
2019,9,22,21,0,16.4
2019,9,22,22,0,16.6
2019,9,22,23,0,16.7
2019,9,23,0,0,16.5
2019,9,23,1,0,16
2019,9,23,2,0,15.4
2019,9,23,3,0,14.8
2019,9,23,4,0,14.3
2019,9,23,5,0,13.9
2019,9,23,6,10,13.9
2019,9,23,7,216,14.9
2019,9,23,8,437,16.7
2019,9,23,9,634,17.9
2019,9,23,10,783,18.6
2019,9,23,11,567,19.3
2019,9,23,12,73,19.9
2019,9,23,13,92,20.1
2019,9,23,14,190,19.9
2019,9,23,15,57,19.6
2019,9,23,16,141,19
2019,9,23,17,40,17.9
2019,9,23,18,0,16.5
2019,9,23,19,0,15.9
2019,9,23,20,0,15.4
2019,9,23,21,0,14.9
2019,9,23,22,0,14.4
2019,9,23,23,0,13.9
2019,9,24,0,0,13.5
2019,9,24,1,0,13.2
2019,9,24,2,0,12.9
2019,9,24,3,0,12.5
2019,9,24,4,0,12.2
2019,9,24,5,0,11.9
2019,9,24,6,30,11.9
2019,9,24,7,223,13.2
2019,9,24,8,440,14.9
2019,9,24,9,633,16.4
2019,9,24,10,787,17.4
2019,9,24,11,874,18.3
2019,9,24,12,894,19
2019,9,24,13,846,19.5
2019,9,24,14,732,19.6
2019,9,24,15,562,19.5
2019,9,24,16,355,18.9
2019,9,24,17,136,17.6
2019,9,24,18,0,16.3
2019,9,24,19,0,15.9
2019,9,24,20,0,15.7
2019,9,24,21,0,15.6
2019,9,24,22,0,15.7
2019,9,24,23,0,15.6
2019,9,25,0,0,15.4
2019,9,25,1,0,14.9
2019,9,25,2,0,14.1
2019,9,25,3,0,13.2
2019,9,25,4,0,12.4
2019,9,25,5,0,12
2019,9,25,6,32,12.4
2019,9,25,7,224,14
2019,9,25,8,440,15.9
2019,9,25,9,631,17.3
2019,9,25,10,779,18.3
2019,9,25,11,867,18.8
2019,9,25,12,886,19
2019,9,25,13,831,19
2019,9,25,14,717,18.6
2019,9,25,15,548,18.2
2019,9,25,16,343,17.6
2019,9,25,17,61,16.7
2019,9,25,18,0,15.8
2019,9,25,19,0,15.5
2019,9,25,20,0,15.4
2019,9,25,21,0,15.3
2019,9,25,22,0,15.3
2019,9,25,23,0,15.3
2019,9,26,0,0,15.3
2019,9,26,1,0,15.2
2019,9,26,2,0,15.1
2019,9,26,3,0,15.1
2019,9,26,4,0,15
2019,9,26,5,0,15
2019,9,26,6,15,15.3
2019,9,26,7,219,16.6
2019,9,26,8,430,17.8
2019,9,26,9,618,18.6
2019,9,26,10,407,19.1
2019,9,26,11,840,19.5
2019,9,26,12,857,19.7
2019,9,26,13,799,19.7
2019,9,26,14,686,19.7
2019,9,26,15,288,19.4
2019,9,26,16,322,18.8
2019,9,26,17,102,17.9
2019,9,26,18,0,17
2019,9,26,19,0,16.8
2019,9,26,20,0,16.8
2019,9,26,21,0,16.7
2019,9,26,22,0,16.6
2019,9,26,23,0,16.6
2019,9,27,0,0,16.8
2019,9,27,1,0,16.9
2019,9,27,2,0,16.7
2019,9,27,3,0,16.2
2019,9,27,4,0,15.6
2019,9,27,5,0,15.1
2019,9,27,6,34,15.1
2019,9,27,7,224,16.4
2019,9,27,8,441,18.1
2019,9,27,9,635,19.6
2019,9,27,10,784,20.5
2019,9,27,11,872,21.3
2019,9,27,12,889,22.3
2019,9,27,13,730,23.1
2019,9,27,14,640,23.4
2019,9,27,15,547,23.1
2019,9,27,16,344,22.4
2019,9,27,17,105,21
2019,9,27,18,0,19.8
2019,9,27,19,0,19.2
2019,9,27,20,0,18.9
2019,9,27,21,0,18.5
2019,9,27,22,0,18
2019,9,27,23,0,17.4
2019,9,28,0,0,17
2019,9,28,1,0,16.4
2019,9,28,2,0,15.7
2019,9,28,3,0,15
2019,9,28,4,0,14.8
2019,9,28,5,0,14.6
2019,9,28,6,28,14.9
2019,9,28,7,164,15.8
2019,9,28,8,347,16.5
2019,9,28,9,629,17
2019,9,28,10,791,17.5
2019,9,28,11,881,18.1
2019,9,28,12,903,18.6
2019,9,28,13,851,18.9
2019,9,28,14,736,18.7
2019,9,28,15,566,18.2
2019,9,28,16,358,17.5
2019,9,28,17,140,16.6
2019,9,28,18,0,15.7
2019,9,28,19,0,15.3
2019,9,28,20,0,15
2019,9,28,21,0,14.9
2019,9,28,22,0,14.8
2019,9,28,23,0,14.6
2019,9,29,0,0,14.5
2019,9,29,1,0,14.3
2019,9,29,2,0,14.1
2019,9,29,3,0,14
2019,9,29,4,0,13.9
2019,9,29,5,0,13.8
2019,9,29,6,19,14
2019,9,29,7,231,14.7
2019,9,29,8,389,15.8
2019,9,29,9,642,16.9
2019,9,29,10,793,18
2019,9,29,11,877,19.1
2019,9,29,12,895,19.9
2019,9,29,13,846,20.4
2019,9,29,14,734,20.4
2019,9,29,15,563,19.9
2019,9,29,16,356,18.9
2019,9,29,17,140,17.5
2019,9,29,18,0,16.3
2019,9,29,19,0,15.9
2019,9,29,20,0,15.7
2019,9,29,21,0,15.6
2019,9,29,22,0,15.5
2019,9,29,23,0,15.4
2019,9,30,0,0,15.1
2019,9,30,1,0,14.9
2019,9,30,2,0,14.9
2019,9,30,3,0,14.9
2019,9,30,4,0,14.9
2019,9,30,5,0,14.9
2019,9,30,6,17,15.4
2019,9,30,7,198,16.7
2019,9,30,8,76,17.3
2019,9,30,9,394,17.7
2019,9,30,10,192,17.9
2019,9,30,11,154,17.7
2019,9,30,12,158,17.4
2019,9,30,13,299,17
2019,9,30,14,335,16.8
2019,9,30,15,68,16.7
2019,9,30,16,196,16.5
2019,9,30,17,138,16.2
2019,9,30,18,0,15.6
2019,9,30,19,0,15.5
2019,9,30,20,0,15.4
2019,9,30,21,0,15.3
2019,9,30,22,0,15.2
2019,9,30,23,0,15.1
2019,10,1,0,0,15
2019,10,1,1,0,14.9
2019,10,1,2,0,14.8
2019,10,1,3,0,14.6
2019,10,1,4,0,14.5
2019,10,1,5,0,14.5
2019,10,1,6,53,15.1
2019,10,1,7,259,16.4
2019,10,1,8,479,17.3
2019,10,1,9,522,18.1
2019,10,1,10,236,18.9
2019,10,1,11,339,19.5
2019,10,1,12,725,20
2019,10,1,13,870,20.2
2019,10,1,14,754,20.3
2019,10,1,15,583,20
2019,10,1,16,374,19.5
2019,10,1,17,153,18.5
2019,10,1,18,0,17.2
2019,10,1,19,0,16.6
2019,10,1,20,0,16.3
2019,10,1,21,0,16.1
2019,10,1,22,0,15.8
2019,10,1,23,0,15.5
2019,10,2,0,0,15.2
2019,10,2,1,0,14.8
2019,10,2,2,0,14.3
2019,10,2,3,0,13.9
2019,10,2,4,0,13.4
2019,10,2,5,0,13
2019,10,2,6,55,13.2
2019,10,2,7,259,14.7
2019,10,2,8,479,16.8
2019,10,2,9,672,19
2019,10,2,10,818,21
2019,10,2,11,906,22.5
2019,10,2,12,923,23.5
2019,10,2,13,870,23.7
2019,10,2,14,750,23.5
2019,10,2,15,577,23.1
2019,10,2,16,366,22.3
2019,10,2,17,147,20.7
2019,10,2,18,0,19
2019,10,2,19,0,18.3
2019,10,2,20,0,18.1
2019,10,2,21,0,17.9
2019,10,2,22,0,17.6
2019,10,2,23,0,17.4
2019,10,3,0,0,17.2
2019,10,3,1,0,17
2019,10,3,2,0,16.9
2019,10,3,3,0,16.7
2019,10,3,4,0,16.5
2019,10,3,5,0,16.2
2019,10,3,6,60,16.4
2019,10,3,7,267,17.9
2019,10,3,8,487,19.9
2019,10,3,9,679,22.3
2019,10,3,10,825,25.1
2019,10,3,11,910,26.6
2019,10,3,12,930,27
2019,10,3,13,875,26.5
2019,10,3,14,758,25.9
2019,10,3,15,583,25.3
2019,10,3,16,368,24.5
2019,10,3,17,149,23
2019,10,3,18,0,21.2
2019,10,3,19,0,20.4
2019,10,3,20,0,19.9
2019,10,3,21,0,19.6
2019,10,3,22,0,19.5
2019,10,3,23,0,19.2
2019,10,4,0,0,18.9
2019,10,4,1,0,18.5
2019,10,4,2,0,18
2019,10,4,3,0,17.6
2019,10,4,4,0,17.1
2019,10,4,5,0,16.7
2019,10,4,6,62,17.5
2019,10,4,7,265,19.5
2019,10,4,8,480,21.7
2019,10,4,9,670,24.1
2019,10,4,10,817,26.3
2019,10,4,11,901,27.7
2019,10,4,12,921,28.2
2019,10,4,13,868,26.8
2019,10,4,14,607,24.5
2019,10,4,15,555,21.8
2019,10,4,16,291,19.7
2019,10,4,17,135,18.2
2019,10,4,18,0,17.2
2019,10,4,19,0,17.1
2019,10,4,20,0,17.1
2019,10,4,21,0,17.1
2019,10,4,22,0,17.1
2019,10,4,23,0,17.1
2019,10,5,0,0,17.1
2019,10,5,1,0,17
2019,10,5,2,0,16.6
2019,10,5,3,0,16.2
2019,10,5,4,0,16
2019,10,5,5,0,16
2019,10,5,6,5,16.3
2019,10,5,7,10,16.6
2019,10,5,8,23,16.6
2019,10,5,9,516,16.7
2019,10,5,10,389,16.8
2019,10,5,11,391,17.2
2019,10,5,12,344,17.9
2019,10,5,13,307,18.7
2019,10,5,14,354,19.1
2019,10,5,15,426,18.9
2019,10,5,16,195,18.6
2019,10,5,17,149,18
2019,10,5,18,0,17.2
2019,10,5,19,0,16.8
2019,10,5,20,0,16.7
2019,10,5,21,0,16.6
2019,10,5,22,0,16.6
2019,10,5,23,0,16.5
2019,10,6,0,0,16.4
2019,10,6,1,0,16.2
2019,10,6,2,0,16
2019,10,6,3,0,15.8
2019,10,6,4,0,15.7
2019,10,6,5,0,15.7
2019,10,6,6,13,15.9
2019,10,6,7,103,16.2
2019,10,6,8,157,16.5
2019,10,6,9,385,17
2019,10,6,10,587,18.1
2019,10,6,11,689,19.4
2019,10,6,12,468,20.8
2019,10,6,13,599,22.1
2019,10,6,14,237,22.6
2019,10,6,15,496,22.6
2019,10,6,16,274,22.1
2019,10,6,17,143,20.8
2019,10,6,18,0,19.7
2019,10,6,19,0,19.2
2019,10,6,20,0,19
2019,10,6,21,0,18.8
2019,10,6,22,0,18.5
2019,10,6,23,0,18.5
2019,10,7,0,0,18.4
2019,10,7,1,0,18.4
2019,10,7,2,0,18.4
2019,10,7,3,0,18.4
2019,10,7,4,0,18.3
2019,10,7,5,0,17.9
2019,10,7,6,61,18.1
2019,10,7,7,255,19.2
2019,10,7,8,378,20.3
2019,10,7,9,651,21.1
2019,10,7,10,703,21.8
2019,10,7,11,791,22.3
2019,10,7,12,691,22.1
2019,10,7,13,597,21.5
2019,10,7,14,512,21
2019,10,7,15,115,20.5
2019,10,7,16,167,19.7
2019,10,7,17,105,18.9
2019,10,7,18,0,17.9
2019,10,7,19,0,17.5
2019,10,7,20,0,17.2
2019,10,7,21,0,17.1
2019,10,7,22,0,17.1
2019,10,7,23,0,17
2019,10,8,0,0,17
2019,10,8,1,0,16.8
2019,10,8,2,0,16.7
2019,10,8,3,0,16.5
2019,10,8,4,0,16.6
2019,10,8,5,0,16.8
2019,10,8,6,5,17.3
2019,10,8,7,256,18.3
2019,10,8,8,296,19.5
2019,10,8,9,433,20.4
2019,10,8,10,831,21.2
2019,10,8,11,916,21.8
2019,10,8,12,620,22.1
2019,10,8,13,228,21.9
2019,10,8,14,344,21
2019,10,8,15,480,19.9
2019,10,8,16,276,18.7
2019,10,8,17,122,17.4
2019,10,8,18,0,16.2
2019,10,8,19,0,15.3
2019,10,8,20,0,14.6
2019,10,8,21,0,13.9
2019,10,8,22,0,13.5
2019,10,8,23,0,13.5
2019,10,9,0,0,13.4
2019,10,9,1,0,13.2
2019,10,9,2,0,13
2019,10,9,3,0,13
2019,10,9,4,0,12.9
2019,10,9,5,0,12.7
2019,10,9,6,63,12.9
2019,10,9,7,286,13.6
2019,10,9,8,501,14.6
2019,10,9,9,527,15.4
2019,10,9,10,843,16
2019,10,9,11,926,16.7
2019,10,9,12,941,17.2
2019,10,9,13,889,17.4
2019,10,9,14,770,17.4
2019,10,9,15,596,17.3
2019,10,9,16,386,17
2019,10,9,17,166,16.5
2019,10,9,18,0,15.9
2019,10,9,19,0,15.7
2019,10,9,20,0,15.7
2019,10,9,21,0,15.6
2019,10,9,22,0,15.5
2019,10,9,23,0,15.2
2019,10,10,0,0,15
2019,10,10,1,0,14.8
2019,10,10,2,0,14.6
2019,10,10,3,0,14.5
2019,10,10,4,0,14.3
2019,10,10,5,0,14.1
2019,10,10,6,47,14.6
2019,10,10,7,189,15.5
2019,10,10,8,512,16.5
2019,10,10,9,701,17.3
2019,10,10,10,851,18
2019,10,10,11,931,18.4
2019,10,10,12,693,18.4
2019,10,10,13,401,18.2
2019,10,10,14,764,17.9
2019,10,10,15,593,17.6
2019,10,10,16,380,17.3
2019,10,10,17,164,16.8
2019,10,10,18,0,16.1
2019,10,10,19,0,15.8
2019,10,10,20,0,15.6
2019,10,10,21,0,15.5
2019,10,10,22,0,15.4
2019,10,10,23,0,15.2
2019,10,11,0,0,15.1
2019,10,11,1,0,14.8
2019,10,11,2,0,14.6
2019,10,11,3,0,14.3
2019,10,11,4,0,14.1
2019,10,11,5,0,13.8
2019,10,11,6,60,13.8
2019,10,11,7,292,13.7
2019,10,11,8,285,13.6
2019,10,11,9,424,13.7
2019,10,11,10,707,14.1
2019,10,11,11,701,14.8
2019,10,11,12,764,15.3
2019,10,11,13,737,15.7
2019,10,11,14,652,15.8
2019,10,11,15,512,15.8
2019,10,11,16,386,15.6
2019,10,11,17,130,15.2
2019,10,11,18,0,14.8
2019,10,11,19,0,14.7
2019,10,11,20,0,14.6
2019,10,11,21,0,14.6
2019,10,11,22,0,14.7
2019,10,11,23,0,14.6
2019,10,12,0,0,14.5
2019,10,12,1,0,14.4
2019,10,12,2,0,14.5
2019,10,12,3,0,14.5
2019,10,12,4,0,14.6
2019,10,12,5,0,14.7
2019,10,12,6,30,15.1
2019,10,12,7,184,15.4
2019,10,12,8,203,15.5
2019,10,12,9,553,15.7
2019,10,12,10,711,16
2019,10,12,11,696,16.2
2019,10,12,12,682,16.3
2019,10,12,13,186,16.3
2019,10,12,14,503,16.2
2019,10,12,15,67,15.9
2019,10,12,16,191,15.7
2019,10,12,17,45,15.4
2019,10,12,18,0,15
2019,10,12,19,0,14.9
2019,10,12,20,0,14.9
2019,10,12,21,0,14.8
2019,10,12,22,0,14.6
2019,10,12,23,0,14.5
2019,10,13,0,0,14.3
2019,10,13,1,0,14
2019,10,13,2,0,13.8
2019,10,13,3,0,13.5
2019,10,13,4,0,13.3
2019,10,13,5,0,13.2
2019,10,13,6,17,13.9
2019,10,13,7,69,14.7
2019,10,13,8,310,15.7
2019,10,13,9,473,16.6
2019,10,13,10,338,17.4
2019,10,13,11,644,17.9
2019,10,13,12,295,18.2
2019,10,13,13,721,18.3
2019,10,13,14,785,18.3
2019,10,13,15,614,18.2
2019,10,13,16,341,17.8
2019,10,13,17,179,17.3
2019,10,13,18,0,16.3
2019,10,13,19,0,16
2019,10,13,20,0,15.7
2019,10,13,21,0,15.5
2019,10,13,22,0,15.3
2019,10,13,23,0,15.1
2019,10,14,0,0,15
2019,10,14,1,0,14.8
2019,10,14,2,0,14.6
2019,10,14,3,0,14.4
2019,10,14,4,0,14.2
2019,10,14,5,0,14
2019,10,14,6,83,14.7
2019,10,14,7,113,16
2019,10,14,8,340,17.5
2019,10,14,9,639,18.9
2019,10,14,10,610,20.2
2019,10,14,11,945,21.2
2019,10,14,12,469,21.9
2019,10,14,13,746,22.1
2019,10,14,14,330,22.1
2019,10,14,15,594,21.7
2019,10,14,16,382,20.9
2019,10,14,17,131,19.6
2019,10,14,18,7,18.3
2019,10,14,19,0,17.8
2019,10,14,20,0,17.7
2019,10,14,21,0,17.5
2019,10,14,22,0,17.3
2019,10,14,23,0,17
2019,10,15,0,0,16.8
2019,10,15,1,0,16.7
2019,10,15,2,0,16.7
2019,10,15,3,0,16.6
2019,10,15,4,0,16.6
2019,10,15,5,0,16.7
2019,10,15,6,89,17.3
2019,10,15,7,88,18.5
2019,10,15,8,458,20
2019,10,15,9,715,21.3
2019,10,15,10,864,22.3
2019,10,15,11,943,23.1
2019,10,15,12,955,23.6
2019,10,15,13,898,23.8
2019,10,15,14,775,23.6
2019,10,15,15,598,23.1
2019,10,15,16,389,22.2
2019,10,15,17,172,20.9
2019,10,15,18,10,19.5
2019,10,15,19,0,18.8
2019,10,15,20,0,18.6
2019,10,15,21,0,18.5
2019,10,15,22,0,18.3
2019,10,15,23,0,18.1
2019,10,16,0,0,18.1
2019,10,16,1,0,18.1
2019,10,16,2,0,18
2019,10,16,3,0,17.3
2019,10,16,4,0,16.4
2019,10,16,5,0,15.8
2019,10,16,6,65,16.6
2019,10,16,7,155,17.8
2019,10,16,8,372,18.6
2019,10,16,9,456,19.2
2019,10,16,10,837,20
2019,10,16,11,918,21.3
2019,10,16,12,620,22.3
2019,10,16,13,260,23
2019,10,16,14,113,23.6
2019,10,16,15,353,23.9
2019,10,16,16,339,23.4
2019,10,16,17,77,22.1
2019,10,16,18,8,20.8
2019,10,16,19,0,20.1
2019,10,16,20,0,19.7
2019,10,16,21,0,19.3
2019,10,16,22,0,19.2
2019,10,16,23,0,19.2
2019,10,17,0,0,19.1
2019,10,17,1,0,18.7
2019,10,17,2,0,18.2
2019,10,17,3,0,18.1
2019,10,17,4,0,18
2019,10,17,5,0,17.7
2019,10,17,6,30,17.9
2019,10,17,7,317,19
2019,10,17,8,535,20.8
2019,10,17,9,728,22.3
2019,10,17,10,873,23.4
2019,10,17,11,954,24.3
2019,10,17,12,972,24.9
2019,10,17,13,922,24.9
2019,10,17,14,812,24.3
2019,10,17,15,647,22.9
2019,10,17,16,435,21.6
2019,10,17,17,205,20.4
2019,10,17,18,17,19.1
2019,10,17,19,0,18.2
2019,10,17,20,0,17.7
2019,10,17,21,0,17.1
2019,10,17,22,0,16.5
2019,10,17,23,0,15.9
2019,10,18,0,0,15.4
2019,10,18,1,0,15.1
2019,10,18,2,0,14.8
2019,10,18,3,0,14.6
2019,10,18,4,0,14.4
2019,10,18,5,0,14.2
2019,10,18,6,128,15.1
2019,10,18,7,356,16.2
2019,10,18,8,581,17.3
2019,10,18,9,778,18.5
2019,10,18,10,923,19.8
2019,10,18,11,1004,21.1
2019,10,18,12,1017,22
2019,10,18,13,958,22.4
2019,10,18,14,834,22.7
2019,10,18,15,655,22.7
2019,10,18,16,438,22.2
2019,10,18,17,204,21
2019,10,18,18,17,19.1
2019,10,18,19,0,18.2
2019,10,18,20,0,17.8
2019,10,18,21,0,17.6
2019,10,18,22,0,17.2
2019,10,18,23,0,16.9
2019,10,19,0,0,16.2
2019,10,19,1,0,15.8
2019,10,19,2,0,15.4
2019,10,19,3,0,15.1
2019,10,19,4,0,14.8
2019,10,19,5,0,14.5
2019,10,19,6,132,15.7
2019,10,19,7,359,17.5
2019,10,19,8,581,20.1
2019,10,19,9,768,22.1
2019,10,19,10,907,23
2019,10,19,11,983,23.9
2019,10,19,12,990,24.6
2019,10,19,13,921,25
2019,10,19,14,792,24.8
2019,10,19,15,247,24.4
2019,10,19,16,67,23.7
2019,10,19,17,71,22.6
2019,10,19,18,9,21.1
2019,10,19,19,0,19.9
2019,10,19,20,0,19
2019,10,19,21,0,18.2
2019,10,19,22,0,17.2
2019,10,19,23,0,16.4
2019,10,20,0,0,15.7
2019,10,20,1,0,15.1
2019,10,20,2,0,14.8
2019,10,20,3,0,14.6
2019,10,20,4,0,14.5
2019,10,20,5,0,14.4
2019,10,20,6,130,15.4
2019,10,20,7,358,16.5
2019,10,20,8,584,17.5
2019,10,20,9,777,18.4
2019,10,20,10,922,19.1
2019,10,20,11,1002,19.7
2019,10,20,12,1014,20.2
2019,10,20,13,956,20.5
2019,10,20,14,832,20.3
2019,10,20,15,651,19.9
2019,10,20,16,436,19.2
2019,10,20,17,205,18.3
2019,10,20,18,19,17.1
2019,10,20,19,0,16.5
2019,10,20,20,0,16.3
2019,10,20,21,0,16.1
2019,10,20,22,0,16
2019,10,20,23,0,16.1
2019,10,21,0,0,16.2
2019,10,21,1,0,16.1
2019,10,21,2,0,16.1
2019,10,21,3,0,16
2019,10,21,4,0,15.9
2019,10,21,5,0,15.7
2019,10,21,6,101,16
2019,10,21,7,278,17.2
2019,10,21,8,567,18.6
2019,10,21,9,754,19.8
2019,10,21,10,897,20.8
2019,10,21,11,976,21.6
2019,10,21,12,987,22.1
2019,10,21,13,932,22.2
2019,10,21,14,811,22
2019,10,21,15,638,21.4
2019,10,21,16,428,20.7
2019,10,21,17,204,19.8
2019,10,21,18,21,18.5
2019,10,21,19,0,17.7
2019,10,21,20,0,17.4
2019,10,21,21,0,17
2019,10,21,22,0,16.9
2019,10,21,23,0,16.8
2019,10,22,0,0,16.8
2019,10,22,1,0,16.7
2019,10,22,2,0,16.5
2019,10,22,3,0,16.2
2019,10,22,4,0,15.8
2019,10,22,5,0,15.6
2019,10,22,6,136,16.1
2019,10,22,7,357,17.6
2019,10,22,8,578,19.2
2019,10,22,9,767,20.7
2019,10,22,10,911,22
2019,10,22,11,990,22.8
2019,10,22,12,1000,23.2
2019,10,22,13,939,23.1
2019,10,22,14,817,22.6
2019,10,22,15,640,21.9
2019,10,22,16,428,21.1
2019,10,22,17,203,20.2
2019,10,22,18,21,19
2019,10,22,19,0,18.3
2019,10,22,20,0,18.1
2019,10,22,21,0,17.8
2019,10,22,22,0,17.6
2019,10,22,23,0,17.5
2019,10,23,0,0,17.4
2019,10,23,1,0,17.4
2019,10,23,2,0,17.2
2019,10,23,3,0,17.2
2019,10,23,4,0,17.1
2019,10,23,5,0,17
2019,10,23,6,134,17.9
2019,10,23,7,353,19.3
2019,10,23,8,571,20.5
2019,10,23,9,761,21.7
2019,10,23,10,905,22.8
2019,10,23,11,984,23.9
2019,10,23,12,994,24.8
2019,10,23,13,926,25.2
2019,10,23,14,804,25.1
2019,10,23,15,627,24.7
2019,10,23,16,414,23.9
2019,10,23,17,194,22.6
2019,10,23,18,19,20.9
2019,10,23,19,0,20
2019,10,23,20,0,19.7
2019,10,23,21,0,19.4
2019,10,23,22,0,19
2019,10,23,23,0,18.9
2019,10,24,0,0,18.7
2019,10,24,1,0,18.6
2019,10,24,2,0,18.3
2019,10,24,3,0,17.5
2019,10,24,4,0,16.8
2019,10,24,5,0,16.5
2019,10,24,6,138,17.7
2019,10,24,7,357,19.4
2019,10,24,8,575,21
2019,10,24,9,761,22.5
2019,10,24,10,899,23.9
2019,10,24,11,977,25
2019,10,24,12,988,25.4
2019,10,24,13,923,25.3
2019,10,24,14,799,25.2
2019,10,24,15,623,24.9
2019,10,24,16,331,24.4
2019,10,24,17,195,23.3
2019,10,24,18,20,21.6
2019,10,24,19,0,20.6
2019,10,24,20,0,20.2
2019,10,24,21,0,19.9
2019,10,24,22,0,19.8
2019,10,24,23,0,19.7
2019,10,25,0,0,19.7
2019,10,25,1,0,19.7
2019,10,25,2,0,19.6
2019,10,25,3,0,19.6
2019,10,25,4,0,19.8
2019,10,25,5,0,20.1
2019,10,25,6,137,21.3
2019,10,25,7,354,22.7
2019,10,25,8,570,24.7
2019,10,25,9,759,26.6
2019,10,25,10,902,28.2
2019,10,25,11,976,29.2
2019,10,25,12,985,30
2019,10,25,13,915,30.3
2019,10,25,14,333,30.3
2019,10,25,15,358,29.9
2019,10,25,16,284,28.9
2019,10,25,17,137,27.1
2019,10,25,18,17,25.1
2019,10,25,19,0,24.2
2019,10,25,20,0,23.8
2019,10,25,21,0,23.4
2019,10,25,22,0,22.9
2019,10,25,23,0,22.7
2019,10,26,0,0,22.4
2019,10,26,1,0,22.2
2019,10,26,2,0,22
2019,10,26,3,0,22
2019,10,26,4,0,22.1
2019,10,26,5,0,22.1
2019,10,26,6,8,22.8
2019,10,26,7,17,23.8
2019,10,26,8,439,24.8
2019,10,26,9,377,25.8
2019,10,26,10,889,26.6
2019,10,26,11,968,27.2
2019,10,26,12,990,27.4
2019,10,26,13,795,27.2
2019,10,26,14,832,26.6
2019,10,26,15,665,26
2019,10,26,16,451,25.2
2019,10,26,17,224,23.9
2019,10,26,18,30,22.4
2019,10,26,19,0,21.3
2019,10,26,20,0,20.4
2019,10,26,21,0,19.6
2019,10,26,22,0,18.8
2019,10,26,23,0,18.2
2019,10,27,0,0,17.8
2019,10,27,1,0,17.3
2019,10,27,2,0,16.9
2019,10,27,3,0,16.3
2019,10,27,4,0,15.8
2019,10,27,5,0,15.4
2019,10,27,6,150,16.3
2019,10,27,7,395,17.4
2019,10,27,8,620,18.3
2019,10,27,9,750,19.3
2019,10,27,10,950,20.2
2019,10,27,11,1025,21
2019,10,27,12,1035,21.5
2019,10,27,13,972,21.6
2019,10,27,14,848,21.3
2019,10,27,15,668,20.6
2019,10,27,16,453,19.8
2019,10,27,17,222,18.8
2019,10,27,18,30,17.6
2019,10,27,19,0,17.1
2019,10,27,20,0,17
2019,10,27,21,0,16.9
2019,10,27,22,0,16.9
2019,10,27,23,0,17
2019,10,28,0,0,17.3
2019,10,28,1,0,17.4
2019,10,28,2,0,17.5
2019,10,28,3,0,17.3
2019,10,28,4,0,16.9
2019,10,28,5,0,16.4
2019,10,28,6,156,16.7
2019,10,28,7,379,18
2019,10,28,8,45,19.2
2019,10,28,9,164,20.2
2019,10,28,10,571,20.7
2019,10,28,11,435,20.8
2019,10,28,12,580,20.7
2019,10,28,13,944,20.5
2019,10,28,14,824,20.1
2019,10,28,15,649,19.8
2019,10,28,16,435,19.3
2019,10,28,17,215,18.8
2019,10,28,18,13,18
2019,10,28,19,0,17.5
2019,10,28,20,0,17.4
2019,10,28,21,0,17.2
2019,10,28,22,0,17
2019,10,28,23,0,16.9
2019,10,29,0,0,16.8
2019,10,29,1,0,16.7
2019,10,29,2,0,16.7
2019,10,29,3,0,16.6
2019,10,29,4,0,16.5
2019,10,29,5,0,16.5
2019,10,29,6,159,17.3
2019,10,29,7,381,18.7
2019,10,29,8,600,20.2
2019,10,29,9,788,21.5
2019,10,29,10,924,22.5
2019,10,29,11,1001,23.2
2019,10,29,12,1008,23.8
2019,10,29,13,940,23.9
2019,10,29,14,816,23.9
2019,10,29,15,641,23.5
2019,10,29,16,429,22.8
2019,10,29,17,208,21.5
2019,10,29,18,27,20.1
2019,10,29,19,0,19.1
2019,10,29,20,0,18.9
2019,10,29,21,0,18.7
2019,10,29,22,0,18.6
2019,10,29,23,0,18.4
2019,10,30,0,0,18.2
2019,10,30,1,0,18
2019,10,30,2,0,17.8
2019,10,30,3,0,17.7
2019,10,30,4,0,17.8
2019,10,30,5,0,17.9
2019,10,30,6,132,18.2
2019,10,30,7,277,19.1
2019,10,30,8,458,20.6
2019,10,30,9,549,22.2
2019,10,30,10,631,23.5
2019,10,30,11,885,24.4
2019,10,30,12,855,25.1
2019,10,30,13,793,25.2
2019,10,30,14,740,24.8
2019,10,30,15,489,24.2
2019,10,30,16,264,23.3
2019,10,30,17,117,22.3
2019,10,30,18,17,21.1
2019,10,30,19,0,20.3
2019,10,30,20,0,19.8
2019,10,30,21,0,19.6
2019,10,30,22,0,19.3
2019,10,30,23,0,18.9
2019,10,31,0,0,18.7
2019,10,31,1,0,18.5
2019,10,31,2,0,18.4
2019,10,31,3,0,18.4
2019,10,31,4,0,18.5
2019,10,31,5,0,18.4
2019,10,31,6,137,18.8
2019,10,31,7,347,19.9
2019,10,31,8,561,21.2
2019,10,31,9,752,22.6
2019,10,31,10,893,23.7
2019,10,31,11,976,24.6
2019,10,31,12,994,25.2
2019,10,31,13,934,25.4
2019,10,31,14,814,25.2
2019,10,31,15,641,24.6
2019,10,31,16,432,23.8
2019,10,31,17,211,22.6
2019,10,31,18,29,21.2
2019,10,31,19,0,20.3
2019,10,31,20,0,19.7
2019,10,31,21,0,19.3
2019,10,31,22,0,19
2019,10,31,23,0,18.7
2019,11,1,0,0,18.4
2019,11,1,1,0,18.2
2019,11,1,2,0,18
2019,11,1,3,0,17.9
2019,11,1,4,0,17.9
2019,11,1,5,0,17.9
2019,11,1,6,136,18.8
2019,11,1,7,343,19.9
2019,11,1,8,554,21
2019,11,1,9,740,22.1
2019,11,1,10,902,23.2
2019,11,1,11,980,24.1
2019,11,1,12,997,24.5
2019,11,1,13,945,24.6
2019,11,1,14,822,24.4
2019,11,1,15,645,23.9
2019,11,1,16,434,23.2
2019,11,1,17,211,22.3
2019,11,1,18,28,21.1
2019,11,1,19,0,20.3
2019,11,1,20,0,20
2019,11,1,21,0,19.8
2019,11,1,22,0,19.5
2019,11,1,23,0,19.2
2019,11,2,0,0,18.9
2019,11,2,1,0,18.7
2019,11,2,2,0,18.6
2019,11,2,3,0,18.5
2019,11,2,4,0,18.3
2019,11,2,5,0,18.4
2019,11,2,6,115,19.4
2019,11,2,7,335,20.6
2019,11,2,8,542,22.1
2019,11,2,9,722,23.8
2019,11,2,10,773,25.2
2019,11,2,11,762,26
2019,11,2,12,920,26.1
2019,11,2,13,775,25.9
2019,11,2,14,761,25.3
2019,11,2,15,599,24.5
2019,11,2,16,403,23.6
2019,11,2,17,142,22.7
2019,11,2,18,25,21.5
2019,11,2,19,0,20.8
2019,11,2,20,0,20.6
2019,11,2,21,0,20.4
2019,11,2,22,0,20.2
2019,11,2,23,0,20
2019,11,3,0,0,19.8
2019,11,3,1,0,19.6
2019,11,3,2,0,19.4
2019,11,3,3,0,19.2
2019,11,3,4,0,19
2019,11,3,5,0,19.1
2019,11,3,6,59,20.3
2019,11,3,7,336,21.8
2019,11,3,8,507,23.9
2019,11,3,9,573,25.7
2019,11,3,10,693,27.1
2019,11,3,11,725,27.7
2019,11,3,12,698,27.6
2019,11,3,13,300,26.8
2019,11,3,14,52,25.5
2019,11,3,15,128,23.8
2019,11,3,16,137,22.2
2019,11,3,17,31,21.2
2019,11,3,18,9,21
2019,11,3,19,0,21.1
2019,11,3,20,0,20.8
2019,11,3,21,0,20.6
2019,11,3,22,0,20.3
2019,11,3,23,0,19.9
2019,11,4,0,0,19.4
2019,11,4,1,0,19
2019,11,4,2,0,18.9
2019,11,4,3,0,18.6
2019,11,4,4,0,18.2
2019,11,4,5,11,18
2019,11,4,6,178,18.4
2019,11,4,7,402,18.9
2019,11,4,8,619,20
2019,11,4,9,641,21.1
2019,11,4,10,759,21.9
2019,11,4,11,1024,22.7
2019,11,4,12,1034,23.2
2019,11,4,13,971,23.3
2019,11,4,14,845,23
2019,11,4,15,667,22.3
2019,11,4,16,449,21.3
2019,11,4,17,174,20.3
2019,11,4,18,27,19.3
2019,11,4,19,0,18.9
2019,11,4,20,0,18.9
2019,11,4,21,0,18.8
2019,11,4,22,0,18.6
2019,11,4,23,0,18.5
2019,11,5,0,0,18.1
2019,11,5,1,0,17.8
2019,11,5,2,0,17.5
2019,11,5,3,0,17
2019,11,5,4,0,16.3
2019,11,5,5,13,15.9
2019,11,5,6,59,16.1
2019,11,5,7,405,16.5
2019,11,5,8,273,17
2019,11,5,9,419,17.1
2019,11,5,10,797,17.1
2019,11,5,11,544,17.1
2019,11,5,12,1020,17.4
2019,11,5,13,972,17.7
2019,11,5,14,852,17.7
2019,11,5,15,680,17.6
2019,11,5,16,469,17.4
2019,11,5,17,243,17
2019,11,5,18,29,16.3
2019,11,5,19,0,15.7
2019,11,5,20,0,15.4
2019,11,5,21,0,15.4
2019,11,5,22,0,15.6
2019,11,5,23,0,15.5
2019,11,6,0,0,15
2019,11,6,1,0,14.4
2019,11,6,2,0,14.1
2019,11,6,3,0,13.9
2019,11,6,4,0,13.6
2019,11,6,5,14,13.3
2019,11,6,6,189,14.2
2019,11,6,7,418,16.4
2019,11,6,8,639,18.7
2019,11,6,9,829,20.5
2019,11,6,10,968,22.1
2019,11,6,11,1046,23.5
2019,11,6,12,1056,25.2
2019,11,6,13,1001,26.4
2019,11,6,14,879,26.9
2019,11,6,15,702,27
2019,11,6,16,490,26.6
2019,11,6,17,259,25.6
2019,11,6,18,53,23.2
2019,11,6,19,0,21.4
2019,11,6,20,0,20.6
2019,11,6,21,0,20.2
2019,11,6,22,0,20.2
2019,11,6,23,0,20.4
2019,11,7,0,0,20
2019,11,7,1,0,19.6
2019,11,7,2,0,19.4
2019,11,7,3,0,19.3
2019,11,7,4,0,19.1
2019,11,7,5,15,19.3
2019,11,7,6,195,20.5
2019,11,7,7,426,21.7
2019,11,7,8,650,22.6
2019,11,7,9,840,23.6
2019,11,7,10,977,24.6
2019,11,7,11,1045,25.5
2019,11,7,12,1035,26.3
2019,11,7,13,967,26.7
2019,11,7,14,825,26.7
2019,11,7,15,643,26.3
2019,11,7,16,439,25.8
2019,11,7,17,229,25.1
2019,11,7,18,46,23.6
2019,11,7,19,0,22.3
2019,11,7,20,0,21.5
2019,11,7,21,0,20.8
2019,11,7,22,0,20.1
2019,11,7,23,0,19.5
2019,11,8,0,0,19
2019,11,8,1,0,18.6
2019,11,8,2,0,18.4
2019,11,8,3,0,18.2
2019,11,8,4,0,18
2019,11,8,5,16,18.1
2019,11,8,6,190,19.7
2019,11,8,7,414,21.3
2019,11,8,8,632,22.7
2019,11,8,9,815,23.7
2019,11,8,10,953,24.8
2019,11,8,11,1020,25.6
2019,11,8,12,1021,26.1
2019,11,8,13,966,26.3
2019,11,8,14,833,26
2019,11,8,15,658,25.3
2019,11,8,16,252,24.4
2019,11,8,17,51,23.4
2019,11,8,18,32,22
2019,11,8,19,0,20
2019,11,8,20,0,18.3
2019,11,8,21,0,17.4
2019,11,8,22,0,16.4
2019,11,8,23,0,15.4
2019,11,9,0,0,14.6
2019,11,9,1,0,14.1
2019,11,9,2,0,13.8
2019,11,9,3,0,13.5
2019,11,9,4,0,13.3
2019,11,9,5,12,13.2
2019,11,9,6,202,13.7
2019,11,9,7,437,14.4
2019,11,9,8,665,15.2
2019,11,9,9,856,16
2019,11,9,10,743,16.9
2019,11,9,11,1074,17.8
2019,11,9,12,1084,18.7
2019,11,9,13,1021,19.3
2019,11,9,14,897,19.6
2019,11,9,15,536,19.7
2019,11,9,16,433,19.7
2019,11,9,17,172,19.2
2019,11,9,18,55,18.1
2019,11,9,19,0,17.4
2019,11,9,20,0,17.3
2019,11,9,21,0,17
2019,11,9,22,0,16.5
2019,11,9,23,0,16
2019,11,10,0,0,15.7
2019,11,10,1,0,15.6
2019,11,10,2,0,15.6
2019,11,10,3,0,15.6
2019,11,10,4,0,15.5
2019,11,10,5,12,15.5
2019,11,10,6,159,16.4
2019,11,10,7,427,17.2
2019,11,10,8,645,18.2
2019,11,10,9,830,19.5
2019,11,10,10,968,20.8
2019,11,10,11,1043,21.8
2019,11,10,12,1052,22.5
2019,11,10,13,994,22.9
2019,11,10,14,873,22.9
2019,11,10,15,698,22.5
2019,11,10,16,487,21.4
2019,11,10,17,259,19.9
2019,11,10,18,38,18.4
2019,11,10,19,0,17.4
2019,11,10,20,0,17
2019,11,10,21,0,16.8
2019,11,10,22,0,16.6
2019,11,10,23,0,16.4
2019,11,11,0,0,16.3
2019,11,11,1,0,16.2
2019,11,11,2,0,16
2019,11,11,3,0,15.8
2019,11,11,4,0,15.6
2019,11,11,5,18,15.7
2019,11,11,6,172,16.9
2019,11,11,7,417,18.3
2019,11,11,8,639,19.8
2019,11,11,9,831,21.3
2019,11,11,10,971,22.5
2019,11,11,11,1047,23.7
2019,11,11,12,1055,24.4
2019,11,11,13,994,24.6
2019,11,11,14,872,24.7
2019,11,11,15,694,24.5
2019,11,11,16,475,24
2019,11,11,17,248,22.9
2019,11,11,18,53,21.3
2019,11,11,19,0,20.2
2019,11,11,20,0,19.7
2019,11,11,21,0,19.2
2019,11,11,22,0,18.9
2019,11,11,23,0,18.5
2019,11,12,0,0,17.9
2019,11,12,1,0,17.5
2019,11,12,2,0,17.2
2019,11,12,3,0,16.8
2019,11,12,4,0,16.5
2019,11,12,5,23,16.7
2019,11,12,6,211,18.2
2019,11,12,7,444,20.5
2019,11,12,8,666,23.2
2019,11,12,9,855,25.8
2019,11,12,10,979,27.5
2019,11,12,11,1019,28.8
2019,11,12,12,975,29.5
2019,11,12,13,957,29.9
2019,11,12,14,789,30
2019,11,12,15,114,29.8
2019,11,12,16,405,29.3
2019,11,12,17,11,28.3
2019,11,12,18,5,26.8
2019,11,12,19,0,24.8
2019,11,12,20,0,22.5
2019,11,12,21,0,19.9
2019,11,12,22,0,17.4
2019,11,12,23,0,15.5
2019,11,13,0,0,14
2019,11,13,1,0,13.4
2019,11,13,2,0,13.6
2019,11,13,3,0,13.9
2019,11,13,4,0,14.3
2019,11,13,5,25,15.1
2019,11,13,6,220,16.8
2019,11,13,7,455,17.5
2019,11,13,8,679,18.2
2019,11,13,9,870,19
2019,11,13,10,1010,19.8
2019,11,13,11,1086,20.6
2019,11,13,12,1085,21.5
2019,11,13,13,1025,22
2019,11,13,14,894,22.2
2019,11,13,15,703,22.2
2019,11,13,16,504,21.9
2019,11,13,17,270,21.1
2019,11,13,18,65,19.4
2019,11,13,19,0,18.1
2019,11,13,20,0,17.9
2019,11,13,21,0,17.6
2019,11,13,22,0,17.5
2019,11,13,23,0,17.3
2019,11,14,0,0,16.9
2019,11,14,1,0,16.5
2019,11,14,2,0,16.2
2019,11,14,3,0,16.1
2019,11,14,4,0,16
2019,11,14,5,20,16.3
2019,11,14,6,206,17.7
2019,11,14,7,433,19.4
2019,11,14,8,650,20.5
2019,11,14,9,838,21.4
2019,11,14,10,972,22.2
2019,11,14,11,1041,23
2019,11,14,12,1038,23.6
2019,11,14,13,940,24
2019,11,14,14,812,24.2
2019,11,14,15,625,24.2
2019,11,14,16,415,23.7
2019,11,14,17,205,22.5
2019,11,14,18,36,21
2019,11,14,19,0,19.9
2019,11,14,20,0,19.5
2019,11,14,21,0,19.5
2019,11,14,22,0,19.4
2019,11,14,23,0,18.9
2019,11,15,0,0,18.7
2019,11,15,1,0,18.7
2019,11,15,2,0,18.6
2019,11,15,3,0,18.3
2019,11,15,4,0,17.8
2019,11,15,5,26,17.6
2019,11,15,6,214,18.9
2019,11,15,7,444,20.8
2019,11,15,8,665,22.3
2019,11,15,9,850,23.4
2019,11,15,10,981,24.9
2019,11,15,11,1033,26.5
2019,11,15,12,1011,27.8
2019,11,15,13,915,28.7
2019,11,15,14,787,29
2019,11,15,15,612,28.9
2019,11,15,16,424,28.4
2019,11,15,17,178,27.6
2019,11,15,18,51,25.4
2019,11,15,19,0,23.7
2019,11,15,20,0,23
2019,11,15,21,0,22.8
2019,11,15,22,0,22.8
2019,11,15,23,0,22.4
2019,11,16,0,0,21.4
2019,11,16,1,0,20.2
2019,11,16,2,0,19.3
2019,11,16,3,0,18.7
2019,11,16,4,0,18.2
2019,11,16,5,18,18.1
2019,11,16,6,162,18.7
2019,11,16,7,225,19.2
2019,11,16,8,650,19.7
2019,11,16,9,446,20.1
2019,11,16,10,855,20.4
2019,11,16,11,851,20.6
2019,11,16,12,710,20.6
2019,11,16,13,756,20.4
2019,11,16,14,821,20.2
2019,11,16,15,644,19.8
2019,11,16,16,267,19.3
2019,11,16,17,152,18.7
2019,11,16,18,34,18.2
2019,11,16,19,0,18.1
2019,11,16,20,0,18.2
2019,11,16,21,0,18.3
2019,11,16,22,0,18.4
2019,11,16,23,0,18.4
2019,11,17,0,0,18.4
2019,11,17,1,0,18.3
2019,11,17,2,0,18.1
2019,11,17,3,0,18
2019,11,17,4,0,18
2019,11,17,5,15,18.2
2019,11,17,6,113,18.7
2019,11,17,7,132,19.5
2019,11,17,8,230,20.3
2019,11,17,9,200,20.8
2019,11,17,10,514,20.9
2019,11,17,11,475,20.8
2019,11,17,12,706,20.5
2019,11,17,13,970,20
2019,11,17,14,589,19.5
2019,11,17,15,315,19
2019,11,17,16,183,18.6
2019,11,17,17,98,18.2
2019,11,17,18,21,17.8
2019,11,17,19,0,17.6
2019,11,17,20,0,17.5
2019,11,17,21,0,17.3
2019,11,17,22,0,17.1
2019,11,17,23,0,17
2019,11,18,0,0,16.9
2019,11,18,1,0,16.7
2019,11,18,2,0,16.6
2019,11,18,3,0,16.6
2019,11,18,4,0,16.5
2019,11,18,5,17,16.8
2019,11,18,6,119,18.2
2019,11,18,7,422,19.5
2019,11,18,8,636,20.6
2019,11,18,9,819,21.7
2019,11,18,10,936,22.8
2019,11,18,11,1004,23.8
2019,11,18,12,998,24.7
2019,11,18,13,940,25.1
2019,11,18,14,816,25.2
2019,11,18,15,638,24.9
2019,11,18,16,443,24.1
2019,11,18,17,227,22.8
2019,11,18,18,46,21.2
2019,11,18,19,0,20.1
2019,11,18,20,0,19.7
2019,11,18,21,0,19.3
2019,11,18,22,0,19.4
2019,11,18,23,0,19.3
2019,11,19,0,0,19.1
2019,11,19,1,0,18.9
2019,11,19,2,0,18.8
2019,11,19,3,0,18.5
2019,11,19,4,0,18.1
2019,11,19,5,29,18.1
2019,11,19,6,214,19.7
2019,11,19,7,440,21.6
2019,11,19,8,658,24.3
2019,11,19,9,848,27.5
2019,11,19,10,986,29.7
2019,11,19,11,1053,30.9
2019,11,19,12,1045,31.4
2019,11,19,13,982,31.1
2019,11,19,14,848,30.6
2019,11,19,15,671,29.6
2019,11,19,16,465,27.9
2019,11,19,17,252,25.9
2019,11,19,18,63,23.3
2019,11,19,19,0,21.3
2019,11,19,20,0,20.3
2019,11,19,21,0,19.5
2019,11,19,22,0,18.7
2019,11,19,23,0,17.9
2019,11,20,0,0,17.3
2019,11,20,1,0,17.1
2019,11,20,2,0,17.2
2019,11,20,3,0,17.3
2019,11,20,4,0,17.3
2019,11,20,5,27,17.7
2019,11,20,6,206,18.5
2019,11,20,7,51,19.3
2019,11,20,8,58,20.1
2019,11,20,9,91,20.8
2019,11,20,10,136,21.4
2019,11,20,11,429,21.8
2019,11,20,12,674,22.1
2019,11,20,13,1012,22.2
2019,11,20,14,897,22.1
2019,11,20,15,729,21.9
2019,11,20,16,513,21.4
2019,11,20,17,290,20.7
2019,11,20,18,48,20
2019,11,20,19,0,19.4
2019,11,20,20,0,19.2
2019,11,20,21,0,19.1
2019,11,20,22,0,19.1
2019,11,20,23,0,19.1
2019,11,21,0,0,18.9
2019,11,21,1,0,18.7
2019,11,21,2,0,18.4
2019,11,21,3,0,18.1
2019,11,21,4,0,17.7
2019,11,21,5,22,17.9
2019,11,21,6,188,19.1
2019,11,21,7,398,20.9
2019,11,21,8,605,22.4
2019,11,21,9,787,23.8
2019,11,21,10,918,25.2
2019,11,21,11,985,26.4
2019,11,21,12,988,27.2
2019,11,21,13,883,27.4
2019,11,21,14,761,27.1
2019,11,21,15,597,26.3
2019,11,21,16,400,25
2019,11,21,17,189,23.5
2019,11,21,18,33,22.2
2019,11,21,19,0,21.5
2019,11,21,20,0,21.4
2019,11,21,21,0,21.3
2019,11,21,22,0,21.2
2019,11,21,23,0,21.1
2019,11,22,0,0,20.9
2019,11,22,1,0,20.7
2019,11,22,2,0,20.3
2019,11,22,3,0,19.8
2019,11,22,4,0,19.5
2019,11,22,5,14,19.3
2019,11,22,6,163,20
2019,11,22,7,361,21.3
2019,11,22,8,565,23.1
2019,11,22,9,741,23.8
2019,11,22,10,843,23.7
2019,11,22,11,913,23.6
2019,11,22,12,868,23.2
2019,11,22,13,732,22.7
2019,11,22,14,184,22
2019,11,22,15,184,21.1
2019,11,22,16,26,20.4
2019,11,22,17,40,19.8
2019,11,22,18,16,19.4
2019,11,22,19,0,19.2
2019,11,22,20,0,19.2
2019,11,22,21,0,19.2
2019,11,22,22,0,19.1
2019,11,22,23,0,19
2019,11,23,0,0,19.1
2019,11,23,1,0,19.2
2019,11,23,2,0,19.1
2019,11,23,3,0,19
2019,11,23,4,0,18.9
2019,11,23,5,8,19
2019,11,23,6,54,19.3
2019,11,23,7,33,19.6
2019,11,23,8,342,20.1
2019,11,23,9,364,20.6
2019,11,23,10,465,21.4
2019,11,23,11,406,22
2019,11,23,12,303,22.4
2019,11,23,13,536,22.5
2019,11,23,14,452,22.5
2019,11,23,15,222,22.2
2019,11,23,16,113,21.7
2019,11,23,17,163,20.9
2019,11,23,18,26,20.1
2019,11,23,19,0,19.6
2019,11,23,20,0,19.5
2019,11,23,21,0,19.4
2019,11,23,22,0,19.3
2019,11,23,23,0,19
2019,11,24,0,0,18.7
2019,11,24,1,0,18.6
2019,11,24,2,0,18.5
2019,11,24,3,0,18.5
2019,11,24,4,0,18.5
2019,11,24,5,6,18.7
2019,11,24,6,19,19.1
2019,11,24,7,50,19.4
2019,11,24,8,138,19.9
2019,11,24,9,338,20.5
2019,11,24,10,608,21
2019,11,24,11,634,21.3
2019,11,24,12,738,21.6
2019,11,24,13,760,21.8
2019,11,24,14,685,21.7
2019,11,24,15,536,21.2
2019,11,24,16,381,20.5
2019,11,24,17,241,19.7
2019,11,24,18,53,18.9
2019,11,24,19,0,18.5
2019,11,24,20,0,18.5
2019,11,24,21,0,18.5
2019,11,24,22,0,18.6
2019,11,24,23,0,18.9
2019,11,25,0,0,19
2019,11,25,1,0,19
2019,11,25,2,0,18.9
2019,11,25,3,0,18.9
2019,11,25,4,0,19
2019,11,25,5,13,19.2
2019,11,25,6,157,19.6
2019,11,25,7,345,20.3
2019,11,25,8,347,21.1
2019,11,25,9,591,21.9
2019,11,25,10,795,22.8
2019,11,25,11,868,23.6
2019,11,25,12,848,24.2
2019,11,25,13,798,24.7
2019,11,25,14,59,25.1
2019,11,25,15,47,25.3
2019,11,25,16,26,25
2019,11,25,17,13,24.3
2019,11,25,18,6,23.3
2019,11,25,19,0,22.6
2019,11,25,20,0,22.3
2019,11,25,21,0,22
2019,11,25,22,0,21.7
2019,11,25,23,0,21.3
2019,11,26,0,0,21
2019,11,26,1,0,20.7
2019,11,26,2,0,20.6
2019,11,26,3,0,20.4
2019,11,26,4,0,20.3
2019,11,26,5,29,20.6
2019,11,26,6,204,21.8
2019,11,26,7,415,23.5
2019,11,26,8,622,25.9
2019,11,26,9,801,27.8
2019,11,26,10,929,29.1
2019,11,26,11,857,29.5
2019,11,26,12,195,29.5
2019,11,26,13,871,29.2
2019,11,26,14,685,29.2
2019,11,26,15,283,29.1
2019,11,26,16,172,28.5
2019,11,26,17,300,26.8
2019,11,26,18,100,24
2019,11,26,19,0,21.7
2019,11,26,20,0,20.3
2019,11,26,21,0,19.4
2019,11,26,22,0,18.7
2019,11,26,23,0,18
2019,11,27,0,0,17.5
2019,11,27,1,0,17.1
2019,11,27,2,0,16.7
2019,11,27,3,0,16.2
2019,11,27,4,0,15.7
2019,11,27,5,23,15.8
2019,11,27,6,225,16.6
2019,11,27,7,453,17.5
2019,11,27,8,671,18.5
2019,11,27,9,861,19.4
2019,11,27,10,1000,20.3
2019,11,27,11,1077,21.2
2019,11,27,12,1088,21.9
2019,11,27,13,1032,22.2
2019,11,27,14,914,22.2
2019,11,27,15,740,21.8
2019,11,27,16,530,21
2019,11,27,17,306,20.1
2019,11,27,18,98,19
2019,11,27,19,0,18.2
2019,11,27,20,0,18
2019,11,27,21,0,17.9
2019,11,27,22,0,17.8
2019,11,27,23,0,17.8
2019,11,28,0,0,17.7
2019,11,28,1,0,17.6
2019,11,28,2,0,17.5
2019,11,28,3,0,17.4
2019,11,28,4,0,17.3
2019,11,28,5,32,17.6
2019,11,28,6,213,19
2019,11,28,7,436,20.4
2019,11,28,8,653,21.9
2019,11,28,9,842,23.3
2019,11,28,10,977,24.4
2019,11,28,11,1048,25.2
2019,11,28,12,1048,25.6
2019,11,28,13,960,25.6
2019,11,28,14,838,25.2
2019,11,28,15,660,24.3
2019,11,28,16,452,23.1
2019,11,28,17,238,21.8
2019,11,28,18,57,20.8
2019,11,28,19,0,20.2
2019,11,28,20,0,20.1
2019,11,28,21,0,20
2019,11,28,22,0,20
2019,11,28,23,0,19.9
2019,11,29,0,0,19.8
2019,11,29,1,0,19.7
2019,11,29,2,0,19.7
2019,11,29,3,0,19.7
2019,11,29,4,0,19.6
2019,11,29,5,6,19.8
2019,11,29,6,15,20.8
2019,11,29,7,20,21.6
2019,11,29,8,197,21.9
2019,11,29,9,427,23
2019,11,29,10,694,24.4
2019,11,29,11,1010,25.7
2019,11,29,12,999,26.7
2019,11,29,13,920,27.1
2019,11,29,14,808,27
2019,11,29,15,631,26.5
2019,11,29,16,424,25.6
2019,11,29,17,216,24.2
2019,11,29,18,48,22.9
2019,11,29,19,0,22
2019,11,29,20,0,21.6
2019,11,29,21,0,21.4
2019,11,29,22,0,21.3
2019,11,29,23,0,21.3
2019,11,30,0,0,21.1
2019,11,30,1,0,20.6
2019,11,30,2,0,19.8
2019,11,30,3,0,19.1
2019,11,30,4,0,18.5
2019,11,30,5,16,18.4
2019,11,30,6,57,19.5
2019,11,30,7,363,21.2
2019,11,30,8,438,22.3
2019,11,30,9,184,23.2
2019,11,30,10,410,24.2
2019,11,30,11,538,24.9
2019,11,30,12,643,24.5
2019,11,30,13,79,23.8
2019,11,30,14,258,23.5
2019,11,30,15,433,22.7
2019,11,30,16,75,21.5
2019,11,30,17,227,20.5
2019,11,30,18,48,19.4
2019,11,30,19,0,18.8
2019,11,30,20,0,18.6
2019,11,30,21,0,18.5
2019,11,30,22,0,18.2
2019,11,30,23,0,17.9
2019,12,1,0,0,17.5
2019,12,1,1,0,17.2
2019,12,1,2,0,17
2019,12,1,3,0,16.7
2019,12,1,4,0,16.6
2019,12,1,5,7,16.7
2019,12,1,6,25,17
2019,12,1,7,121,17.4
2019,12,1,8,251,17.9
2019,12,1,9,544,18.7
2019,12,1,10,517,19.8
2019,12,1,11,848,21.3
2019,12,1,12,769,22.7
2019,12,1,13,918,23.8
2019,12,1,14,782,24.1
2019,12,1,15,614,23.8
2019,12,1,16,426,23.2
2019,12,1,17,223,22.2
2019,12,1,18,52,20.9
2019,12,1,19,0,20.2
2019,12,1,20,0,19.9
2019,12,1,21,0,19.8
2019,12,1,22,0,19.2
2019,12,1,23,0,18.5
2019,12,2,0,0,17.7
2019,12,2,1,0,17
2019,12,2,2,0,16.5
2019,12,2,3,0,16.4
2019,12,2,4,0,16
2019,12,2,5,16,16
2019,12,2,6,87,16.7
2019,12,2,7,306,17.4
2019,12,2,8,113,18.1
2019,12,2,9,718,19
2019,12,2,10,956,19.8
2019,12,2,11,164,20.4
2019,12,2,12,137,20.9
2019,12,2,13,900,21
2019,12,2,14,500,20.9
2019,12,2,15,642,20.6
2019,12,2,16,313,20.3
2019,12,2,17,86,19.8
2019,12,2,18,8,19
2019,12,2,19,0,18.2
2019,12,2,20,0,17.7
2019,12,2,21,0,17.2
2019,12,2,22,0,16.7
2019,12,2,23,0,16.3
2019,12,3,0,0,15.9
2019,12,3,1,0,15.7
2019,12,3,2,0,15.5
2019,12,3,3,0,15.3
2019,12,3,4,0,15.1
2019,12,3,5,40,15.6
2019,12,3,6,233,17
2019,12,3,7,461,18.2
2019,12,3,8,682,19.4
2019,12,3,9,868,21
2019,12,3,10,996,22.8
2019,12,3,11,1041,24.1
2019,12,3,12,994,25.5
2019,12,3,13,998,26.7
2019,12,3,14,842,27.2
2019,12,3,15,634,26.9
2019,12,3,16,429,26.1
2019,12,3,17,228,24.9
2019,12,3,18,58,23.3
2019,12,3,19,0,22
2019,12,3,20,0,21.7
2019,12,3,21,0,21.4
2019,12,3,22,0,21
2019,12,3,23,0,20.3
2019,12,4,0,0,19.6
2019,12,4,1,0,19
2019,12,4,2,0,18.7
2019,12,4,3,0,18.3
2019,12,4,4,0,18
2019,12,4,5,38,18.4
2019,12,4,6,227,19.9
2019,12,4,7,455,21.7
2019,12,4,8,674,23
2019,12,4,9,859,24
2019,12,4,10,983,25.4
2019,12,4,11,999,26.5
2019,12,4,12,936,26.7
2019,12,4,13,962,26.6
2019,12,4,14,800,26.1
2019,12,4,15,620,25
2019,12,4,16,431,23.4
2019,12,4,17,231,21.8
2019,12,4,18,57,20.6
2019,12,4,19,0,20
2019,12,4,20,0,19.6
2019,12,4,21,0,19.3
2019,12,4,22,0,19.2
2019,12,4,23,0,19.2
2019,12,5,0,0,18.8
2019,12,5,1,0,18.2
2019,12,5,2,0,17.8
2019,12,5,3,0,17.6
2019,12,5,4,0,17.3
2019,12,5,5,29,17.6
2019,12,5,6,206,19
2019,12,5,7,423,21.4
2019,12,5,8,638,23.6
2019,12,5,9,816,25.5
2019,12,5,10,906,27.3
2019,12,5,11,848,28.4
2019,12,5,12,918,28.5
2019,12,5,13,871,29
2019,12,5,14,770,28.8
2019,12,5,15,619,28.4
2019,12,5,16,433,27.5
2019,12,5,17,232,26.6
2019,12,5,18,59,25.7
2019,12,5,19,0,25
2019,12,5,20,0,24.8
2019,12,5,21,0,24.5
2019,12,5,22,0,23.9
2019,12,5,23,0,23.3
2019,12,6,0,0,22.6
2019,12,6,1,0,21.8
2019,12,6,2,0,21.1
2019,12,6,3,0,20.5
2019,12,6,4,0,19.7
2019,12,6,5,30,19
2019,12,6,6,204,19.8
2019,12,6,7,372,21.7
2019,12,6,8,514,23.4
2019,12,6,9,556,25
2019,12,6,10,687,26.3
2019,12,6,11,519,26.8
2019,12,6,12,666,26.6
2019,12,6,13,806,26.3
2019,12,6,14,618,26.1
2019,12,6,15,626,25.7
2019,12,6,16,502,26.6
2019,12,6,17,228,26.7
2019,12,6,18,62,24.5
2019,12,6,19,0,22.1
2019,12,6,20,0,20.6
2019,12,6,21,0,19.6
2019,12,6,22,0,18.9
2019,12,6,23,0,18.3
2019,12,7,0,0,17.9
2019,12,7,1,0,17.8
2019,12,7,2,0,18
2019,12,7,3,0,18
2019,12,7,4,0,17.9
2019,12,7,5,33,18.1
2019,12,7,6,112,19
2019,12,7,7,425,20.2
2019,12,7,8,500,21.8
2019,12,7,9,746,23.3
2019,12,7,10,902,24
2019,12,7,11,897,24.6
2019,12,7,12,956,24.7
2019,12,7,13,873,24
2019,12,7,14,706,23.1
2019,12,7,15,554,22.1
2019,12,7,16,192,21.3
2019,12,7,17,231,20.7
2019,12,7,18,59,20.2
2019,12,7,19,0,19.8
2019,12,7,20,0,19.6
2019,12,7,21,0,19.4
2019,12,7,22,0,19.3
2019,12,7,23,0,19.2
2019,12,8,0,0,19.1
2019,12,8,1,0,19
2019,12,8,2,0,19
2019,12,8,3,0,18.8
2019,12,8,4,0,18.7
2019,12,8,5,26,19.3
2019,12,8,6,171,20.7
2019,12,8,7,201,21.7
2019,12,8,8,171,22.4
2019,12,8,9,799,23
2019,12,8,10,742,23.1
2019,12,8,11,849,23.2
2019,12,8,12,915,22.9
2019,12,8,13,828,22.9
2019,12,8,14,798,22.7
2019,12,8,15,574,22.4
2019,12,8,16,368,21.9
2019,12,8,17,207,21.5
2019,12,8,18,74,21
2019,12,8,19,0,20.6
2019,12,8,20,0,20.5
2019,12,8,21,0,20.3
2019,12,8,22,0,20.2
2019,12,8,23,0,20
2019,12,9,0,0,19.8
2019,12,9,1,0,19.7
2019,12,9,2,0,19.6
2019,12,9,3,0,19.5
2019,12,9,4,0,19.4
2019,12,9,5,16,19.8
2019,12,9,6,164,20.9
2019,12,9,7,362,21.9
2019,12,9,8,237,22.7
2019,12,9,9,458,23.4
2019,12,9,10,865,24.1
2019,12,9,11,809,24.8
2019,12,9,12,939,25.2
2019,12,9,13,856,25.2
2019,12,9,14,761,24.9
2019,12,9,15,611,24.1
2019,12,9,16,428,23
2019,12,9,17,181,22
2019,12,9,18,61,21.3
2019,12,9,19,0,20.9
2019,12,9,20,0,20.8
2019,12,9,21,0,20.6
2019,12,9,22,0,20.4
2019,12,9,23,0,20.3
2019,12,10,0,0,20.1
2019,12,10,1,0,19.9
2019,12,10,2,0,19.7
2019,12,10,3,0,19.5
2019,12,10,4,0,19.3
2019,12,10,5,13,19.5
2019,12,10,6,164,20.6
2019,12,10,7,372,22.2
2019,12,10,8,584,24.4
2019,12,10,9,766,27.1
2019,12,10,10,856,29.8
2019,12,10,11,936,31.7
2019,12,10,12,830,31.7
2019,12,10,13,772,29.9
2019,12,10,14,625,27.1
2019,12,10,15,444,24.3
2019,12,10,16,202,22.4
2019,12,10,17,249,21
2019,12,10,18,68,20.1
2019,12,10,19,0,19.7
2019,12,10,20,0,19.5
2019,12,10,21,0,19.3
2019,12,10,22,0,19.1
2019,12,10,23,0,18.8
2019,12,11,0,0,18.4
2019,12,11,1,0,18.1
2019,12,11,2,0,18.1
2019,12,11,3,0,18.1
2019,12,11,4,0,18.1
2019,12,11,5,26,18.3
2019,12,11,6,195,18.9
2019,12,11,7,37,19.6
2019,12,11,8,77,20.4
2019,12,11,9,165,21.2
2019,12,11,10,491,21.7
2019,12,11,11,714,22.2
2019,12,11,12,637,22.3
2019,12,11,13,708,22
2019,12,11,14,526,21.4
2019,12,11,15,441,20.7
2019,12,11,16,320,20.1
2019,12,11,17,232,19.6
2019,12,11,18,84,19.2
2019,12,11,19,0,19
2019,12,11,20,0,19
2019,12,11,21,0,18.9
2019,12,11,22,0,18.7
2019,12,11,23,0,18.5
2019,12,12,0,0,18.3
2019,12,12,1,0,18.1
2019,12,12,2,0,17.9
2019,12,12,3,0,17.8
2019,12,12,4,0,17.7
2019,12,12,5,26,18.1
2019,12,12,6,200,19
2019,12,12,7,416,19.8
2019,12,12,8,318,20.5
2019,12,12,9,550,21.3
2019,12,12,10,658,21.7
2019,12,12,11,741,21.9
2019,12,12,12,466,21.6
2019,12,12,13,707,21
2019,12,12,14,615,20.7
2019,12,12,15,439,20.4
2019,12,12,16,410,20.1
2019,12,12,17,132,19.7
2019,12,12,18,51,19.2
2019,12,12,19,0,18.8
2019,12,12,20,0,18.7
2019,12,12,21,0,18.7
2019,12,12,22,0,18.7
2019,12,12,23,0,18.6
2019,12,13,0,0,18.5
2019,12,13,1,0,18.2
2019,12,13,2,0,17.9
2019,12,13,3,0,17.8
2019,12,13,4,0,17.8
2019,12,13,5,14,18.2
2019,12,13,6,73,19
2019,12,13,7,83,19.5
2019,12,13,8,425,20
2019,12,13,9,359,20.8
2019,12,13,10,722,21.2
2019,12,13,11,451,21.3
2019,12,13,12,841,21.2
2019,12,13,13,845,21.2
2019,12,13,14,732,21.2
2019,12,13,15,544,21.1
2019,12,13,16,432,20.8
2019,12,13,17,231,20.4
2019,12,13,18,65,20
2019,12,13,19,0,19.9
2019,12,13,20,0,19.9
2019,12,13,21,0,19.8
2019,12,13,22,0,19.8
2019,12,13,23,0,19.8
2019,12,14,0,0,19.7
2019,12,14,1,0,19.4
2019,12,14,2,0,19.2
2019,12,14,3,0,19
2019,12,14,4,0,18.9
2019,12,14,5,21,19.1
2019,12,14,6,154,20.1
2019,12,14,7,184,21.4
2019,12,14,8,317,22.6
2019,12,14,9,743,23.7
2019,12,14,10,922,24.8
2019,12,14,11,931,25.5
2019,12,14,12,1003,25.8
2019,12,14,13,928,25.5
2019,12,14,14,723,24.9
2019,12,14,15,601,23.8
2019,12,14,16,453,22.6
2019,12,14,17,236,21.6
2019,12,14,18,83,21
2019,12,14,19,0,20.5
2019,12,14,20,0,20.6
2019,12,14,21,0,20.6
2019,12,14,22,0,20.4
2019,12,14,23,0,20.2
2019,12,15,0,0,20.1
2019,12,15,1,0,20
2019,12,15,2,0,19.9
2019,12,15,3,0,19.9
2019,12,15,4,0,19.9
2019,12,15,5,28,20.3
2019,12,15,6,176,21.5
2019,12,15,7,376,22.7
2019,12,15,8,434,23.5
2019,12,15,9,674,24.3
2019,12,15,10,835,25.6
2019,12,15,11,807,26.8
2019,12,15,12,780,27.4
2019,12,15,13,724,27.6
2019,12,15,14,245,27.2
2019,12,15,15,223,26
2019,12,15,16,364,24.8
2019,12,15,17,146,23.9
2019,12,15,18,36,23.3
2019,12,15,19,0,22.9
2019,12,15,20,0,22.8
2019,12,15,21,0,22.7
2019,12,15,22,0,22.9
2019,12,15,23,0,22.8
2019,12,16,0,0,22.4
2019,12,16,1,0,22.2
2019,12,16,2,0,21.9
2019,12,16,3,0,21.1
2019,12,16,4,0,20.7
2019,12,16,5,15,20.6
2019,12,16,6,198,20.6
2019,12,16,7,407,20.7
2019,12,16,8,408,21
2019,12,16,9,438,21.4
2019,12,16,10,557,21.7
2019,12,16,11,419,21.9
2019,12,16,12,571,21.8
2019,12,16,13,373,21.3
2019,12,16,14,475,21.1
2019,12,16,15,595,20.9
2019,12,16,16,383,20.6
2019,12,16,17,141,20.1
2019,12,16,18,118,19.6
2019,12,16,19,0,19.1
2019,12,16,20,0,18.9
2019,12,16,21,0,18.7
2019,12,16,22,0,18.5
2019,12,16,23,0,18.3
2019,12,17,0,0,18.2
2019,12,17,1,0,18.2
2019,12,17,2,0,18.1
2019,12,17,3,0,18.1
2019,12,17,4,0,18
2019,12,17,5,23,18.4
2019,12,17,6,207,19.3
2019,12,17,7,427,20.3
2019,12,17,8,326,21.1
2019,12,17,9,829,22
2019,12,17,10,939,22.6
2019,12,17,11,1029,23
2019,12,17,12,1054,23.2
2019,12,17,13,964,23.1
2019,12,17,14,874,22.9
2019,12,17,15,726,22.5
2019,12,17,16,538,22.1
2019,12,17,17,328,21.4
2019,12,17,18,127,20.6
2019,12,17,19,0,19.8
2019,12,17,20,0,19.7
2019,12,17,21,0,19.5
2019,12,17,22,0,19.3
2019,12,17,23,0,19.1
2019,12,18,0,0,19
2019,12,18,1,0,18.8
2019,12,18,2,0,18.5
2019,12,18,3,0,18.3
2019,12,18,4,0,18.2
2019,12,18,5,18,18.5
2019,12,18,6,171,19.7
2019,12,18,7,374,21
2019,12,18,8,578,22.3
2019,12,18,9,759,23.6
2019,12,18,10,900,24.8
2019,12,18,11,982,25.8
2019,12,18,12,995,26.4
2019,12,18,13,864,26.3
2019,12,18,14,765,26.1
2019,12,18,15,620,25.7
2019,12,18,16,439,24.9
2019,12,18,17,246,23.9
2019,12,18,18,73,22.8
2019,12,18,19,0,22
2019,12,18,20,0,21.6
2019,12,18,21,0,21.2
2019,12,18,22,0,20.9
2019,12,18,23,0,20.7
2019,12,19,0,0,20.5
2019,12,19,1,0,20.5
2019,12,19,2,0,20.5
2019,12,19,3,0,20.5
2019,12,19,4,0,20.5
2019,12,19,5,8,20.9
2019,12,19,6,121,22.2
2019,12,19,7,318,23.6
2019,12,19,8,524,26.2
2019,12,19,9,707,30.3
2019,12,19,10,806,34.4
2019,12,19,11,900,36.8
2019,12,19,12,899,37.8
2019,12,19,13,766,35.9
2019,12,19,14,598,32.2
2019,12,19,15,430,28.5
2019,12,19,16,448,25.4
2019,12,19,17,254,23.6
2019,12,19,18,77,22.2
2019,12,19,19,0,21.5
2019,12,19,20,0,21.3
2019,12,19,21,0,21.1
2019,12,19,22,0,20.8
2019,12,19,23,0,20.7
2019,12,20,0,0,20.4
2019,12,20,1,0,20.1
2019,12,20,2,0,19.9
2019,12,20,3,0,19.7
2019,12,20,4,0,19.6
2019,12,20,5,15,20
2019,12,20,6,171,20.8
2019,12,20,7,344,21.7
2019,12,20,8,594,22.6
2019,12,20,9,784,23.5
2019,12,20,10,917,24.2
2019,12,20,11,1003,24.6
2019,12,20,12,1014,24.7
2019,12,20,13,924,24.4
2019,12,20,14,818,24
2019,12,20,15,662,23.6
2019,12,20,16,480,23.1
2019,12,20,17,282,22.5
2019,12,20,18,97,21.8
2019,12,20,19,0,21.2
2019,12,20,20,0,20.9
2019,12,20,21,0,20.7
2019,12,20,22,0,20.5
2019,12,20,23,0,20.3
2019,12,21,0,0,20.1
2019,12,21,1,0,19.9
2019,12,21,2,0,19.8
2019,12,21,3,0,19.7
2019,12,21,4,0,19.6
2019,12,21,5,9,19.9
2019,12,21,6,140,20.9
2019,12,21,7,339,22.2
2019,12,21,8,545,23.9
2019,12,21,9,724,25.9
2019,12,21,10,841,28.3
2019,12,21,11,882,30.9
2019,12,21,12,899,32.6
2019,12,21,13,867,33.7
2019,12,21,14,771,34.5
2019,12,21,15,626,32.2
2019,12,21,16,451,27.6
2019,12,21,17,255,23.9
2019,12,21,18,61,21.1
2019,12,21,19,0,20.2
2019,12,21,20,0,20.1
2019,12,21,21,0,20.2
2019,12,21,22,0,20.2
2019,12,21,23,0,20.1
2019,12,22,0,0,20
2019,12,22,1,0,19.7
2019,12,22,2,0,19.5
2019,12,22,3,0,19.3
2019,12,22,4,0,19.2
2019,12,22,5,3,19.2
2019,12,22,6,17,19.6
2019,12,22,7,143,20.1
2019,12,22,8,122,20.5
2019,12,22,9,238,20.9
2019,12,22,10,381,20.8
2019,12,22,11,881,20.8
2019,12,22,12,685,20.9
2019,12,22,13,362,20.7
2019,12,22,14,767,20.4
2019,12,22,15,460,20.1
2019,12,22,16,233,19.8
2019,12,22,17,95,19.6
2019,12,22,18,40,19.2
2019,12,22,19,0,18.9
2019,12,22,20,0,18.9
2019,12,22,21,0,19
2019,12,22,22,0,19
2019,12,22,23,0,19
2019,12,23,0,0,19.1
2019,12,23,1,0,19
2019,12,23,2,0,18.9
2019,12,23,3,0,18.8
2019,12,23,4,0,18.9
2019,12,23,5,10,19.1
2019,12,23,6,119,19.6
2019,12,23,7,69,20.5
2019,12,23,8,264,21.4
2019,12,23,9,435,22.2
2019,12,23,10,227,22.8
2019,12,23,11,866,23.3
2019,12,23,12,831,23.6
2019,12,23,13,800,23.7
2019,12,23,14,704,23.5
2019,12,23,15,703,23.1
2019,12,23,16,288,22.5
2019,12,23,17,293,21.9
2019,12,23,18,97,21.3
2019,12,23,19,0,20.9
2019,12,23,20,0,20.8
2019,12,23,21,0,20.7
2019,12,23,22,0,20.5
2019,12,23,23,0,20.4
2019,12,24,0,0,20.3
2019,12,24,1,0,20.3
2019,12,24,2,0,20.3
2019,12,24,3,0,20.3
2019,12,24,4,0,20.4
2019,12,24,5,6,20.8
2019,12,24,6,124,21.7
2019,12,24,7,316,22.7
2019,12,24,8,454,23.5
2019,12,24,9,357,24.2
2019,12,24,10,722,24.7
2019,12,24,11,673,25
2019,12,24,12,863,25.1
2019,12,24,13,503,25.1
2019,12,24,14,573,24.8
2019,12,24,15,235,24.4
2019,12,24,16,177,23.9
2019,12,24,17,303,23.2
2019,12,24,18,113,22.6
2019,12,24,19,0,22.1
2019,12,24,20,0,22
2019,12,24,21,0,21.8
2019,12,24,22,0,21.7
2019,12,24,23,0,21.6
2019,12,25,0,0,21.5
2019,12,25,1,0,21.3
2019,12,25,2,0,21.1
2019,12,25,3,0,21.1
2019,12,25,4,0,21
2019,12,25,5,4,21.3
2019,12,25,6,22,21.9
2019,12,25,7,148,22.7
2019,12,25,8,416,23.5
2019,12,25,9,752,24.3
2019,12,25,10,902,24.9
2019,12,25,11,989,25.3
2019,12,25,12,1016,25.4
2019,12,25,13,978,25.4
2019,12,25,14,879,25.2
2019,12,25,15,730,24.9
2019,12,25,16,541,24.3
2019,12,25,17,328,23.5
2019,12,25,18,80,22.7
2019,12,25,19,0,22.2
2019,12,25,20,0,21.9
2019,12,25,21,0,21.7
2019,12,25,22,0,21.5
2019,12,25,23,0,21.2
2019,12,26,0,0,21
2019,12,26,1,0,20.9
2019,12,26,2,0,20.7
2019,12,26,3,0,20.5
2019,12,26,4,0,20.4
2019,12,26,5,12,20.8
2019,12,26,6,158,21.9
2019,12,26,7,359,23.1
2019,12,26,8,562,24
2019,12,26,9,747,24.9
2019,12,26,10,883,25.7
2019,12,26,11,971,26.2
2019,12,26,12,997,26.4
2019,12,26,13,937,26.3
2019,12,26,14,841,26
2019,12,26,15,690,25.4
2019,12,26,16,502,24.8
2019,12,26,17,297,24
2019,12,26,18,105,23.2
2019,12,26,19,0,22.6
2019,12,26,20,0,22.3
2019,12,26,21,0,22
2019,12,26,22,0,21.7
2019,12,26,23,0,21.5
2019,12,27,0,0,21.2
2019,12,27,1,0,20.9
2019,12,27,2,0,20.7
2019,12,27,3,0,20.5
2019,12,27,4,0,20.3
2019,12,27,5,10,20.5
2019,12,27,6,155,21.6
2019,12,27,7,359,22.8
2019,12,27,8,565,23.9
2019,12,27,9,749,24.9
2019,12,27,10,858,25.6
2019,12,27,11,941,26.2
2019,12,27,12,965,26.4
2019,12,27,13,946,26.4
2019,12,27,14,851,26.1
2019,12,27,15,705,25.5
2019,12,27,16,522,24.7
2019,12,27,17,320,23.8
2019,12,27,18,126,23
2019,12,27,19,0,22.4
2019,12,27,20,0,22.1
2019,12,27,21,0,21.9
2019,12,27,22,0,21.6
2019,12,27,23,0,21.3
2019,12,28,0,0,21
2019,12,28,1,0,20.6
2019,12,28,2,0,20.4
2019,12,28,3,0,20.1
2019,12,28,4,0,19.9
2019,12,28,5,12,20.2
2019,12,28,6,163,21.3
2019,12,28,7,372,22.7
2019,12,28,8,583,24.1
2019,12,28,9,774,25.6
2019,12,28,10,888,27
2019,12,28,11,973,28.1
2019,12,28,12,993,28.7
2019,12,28,13,951,28.9
2019,12,28,14,854,28.8
2019,12,28,15,701,28.4
2019,12,28,16,500,27.6
2019,12,28,17,278,26.4
2019,12,28,18,71,25
2019,12,28,19,3,23.9
2019,12,28,20,0,23.4
2019,12,28,21,0,23.1
2019,12,28,22,0,22.9
2019,12,28,23,0,22.7
2019,12,29,0,0,22.4
2019,12,29,1,0,22.1
2019,12,29,2,0,21.6
2019,12,29,3,0,21.1
2019,12,29,4,0,20.7
2019,12,29,5,5,20.5
2019,12,29,6,111,21.1
2019,12,29,7,296,22.2
2019,12,29,8,494,23.4
2019,12,29,9,673,24.9
2019,12,29,10,813,26.1
2019,12,29,11,909,27.1
2019,12,29,12,945,27.5
2019,12,29,13,899,27.5
2019,12,29,14,713,27.3
2019,12,29,15,650,26.9
2019,12,29,16,264,26.4
2019,12,29,17,181,25.7
2019,12,29,18,69,24.8
2019,12,29,19,3,23.9
2019,12,29,20,0,23.2
2019,12,29,21,0,22.7
2019,12,29,22,0,22.3
2019,12,29,23,0,21.9
2019,12,30,0,0,21.6
2019,12,30,1,0,21.3
2019,12,30,2,0,21.1
2019,12,30,3,0,20.9
2019,12,30,4,0,20.8
2019,12,30,5,5,20.8
2019,12,30,6,106,21.6
2019,12,30,7,295,22.4
2019,12,30,8,493,23.6
2019,12,30,9,579,25.1
2019,12,30,10,813,26.8
2019,12,30,11,901,28.5
2019,12,30,12,929,29.7
2019,12,30,13,895,30.1
2019,12,30,14,800,30
2019,12,30,15,655,29.5
2019,12,30,16,473,28.5
2019,12,30,17,274,27.1
2019,12,30,18,91,25.5
2019,12,30,19,3,24.4
2019,12,30,20,0,23.8
2019,12,30,21,0,23.4
2019,12,30,22,0,22.9
2019,12,30,23,0,22.4
2019,12,31,0,0,22
2019,12,31,1,0,21.9
2019,12,31,2,0,21.9
2019,12,31,3,0,21.9
2019,12,31,4,0,21.8
2019,12,31,5,5,22.1
2019,12,31,6,116,23.3
2019,12,31,7,315,24.9
2019,12,31,8,521,27.4
2019,12,31,9,702,30.9
2019,12,31,10,855,33.7
2019,12,31,11,929,35.1
2019,12,31,12,943,35.5
2019,12,31,13,914,35.1
2019,12,31,14,799,34.4
2019,12,31,15,646,33.3
2019,12,31,16,488,31.9
2019,12,31,17,37,30.2
2019,12,31,18,14,28.1
2019,12,31,19,3,26
2019,12,31,20,0,24
2019,12,31,21,0,22.7
2019,12,31,22,0,22
2019,12,31,23,0,21.3
